real_Parameters :  cel 	 failrate:  3.32E-4	 Fm: 2847.5596  且最后的Fart/Frt: 0.9453897872		   Time :  654.8722

742
3904
5937
172
1307
2276
835
5769
3363
4473
303
1621
224
550
1547
4425
232
3684
6738
323
2689
6366
8726
1152
541
207
4081
3506
3959
19
3043
3529
2891
411
3866
8092
230
1606
4542
3055
3291
274
1986
478
231
3880
395
4849
7228
904
5296
3262
11445
3280
2477
822
9792
831
1494
4810
1572
2958
5732
3289
2458
5872
1294
359
2193
457
1624
1907
2112
8465
163
4822
33
1825
1477
384
7955
479
230
249
4834
3135
1505
380
575
7138
946
1156
306
571
923
388
343
1049
5407
7493
8318
1751
2881
914
92
1123
755
6489
1848
2750
1452
9917
10671
3478
964
990
1184
3856
1141
4324
2202
1372
742
6530
2924
1216
3005
481
5322
1677
5707
1415
2509
1804
2729
5005
3013
1546
1047
3580
991
1380
456
7576
378
6917
516
267
5319
4197
7454
710
6044
2993
1503
145
2816
480
3317
402
5445
618
3620
2039
3512
41
4220
1706
3698
186
877
2594
7468
352
9859
3988
3158
2650
17
3311
3098
1242
2003
2982
2854
114
2496
3555
3257
2728
1651
210
3047
764
2619
6755
7041
1728
3613
8049
532
2075
287
12061
3159
2990
74
8051
956
1600
2508
2025
1563
3531
205
10648
23
1468
2936
1077
1171
211
3277
1168
3948
932
1934
8279
2640
2105
1443
672
832
5948
3191
1048
2423
393
4882
882
230
2321
831
1438
5310
2079
3247
1576
772
3696
919
748
516
3678
121
2916
1207
522
1102
583
705
4147
328
9183
850
4672
92
1010
5238
970
1267
3856
8441
2496
785
7495
2028
320
2775
4179
2322
5417
5255
9738
1962
2431
475
240
2934
335
4758
514
2449
2837
3550
3963
327
1820
530
1810
3438
2844
17803
7129
3221
1652
889
384
1909
2394
7987
3112
130
836
2388
3490
246
2984
1069
3877
6731
390
4371
3488
228
4286
6103
719
1729
813
605
184
1644
100
4423
6370
4368
2914
2378
318
9121
4172
2335
2682
1840
1929
1281
2867
727
4030
1318
1389
3071
322
499
705
9527
7609
1461
60
2613
7110
5240
1466
1431
7259
2257
1268
5066
1693
3473
504
9838
2288
162
1102
9688
7637
808
2211
2455
5765
2003
1815
4210
2295
2937
1738
1889
8072
309
2067
562
6572
932
10676
4216
393
642
2469
857
1180
126
2066
2141
1929
3105
1440
5038
308
2247
2259
1598
2884
1031
1141
177
1586
773
7083
1653
690
393
5644
580
5619
1779
2422
4313
1274
4140
723
592
2310
1342
4196
1324
4762
2135
4111
344
8520
1111
2868
541
764
558
3865
141
2123
409
655
2244
716
1530
4420
96
1077
2080
1538
1174
3489
625
1855
95
722
3048
2149
2371
1375
5504
13643
1952
368
2146
6583
5783
632
2649
1979
2817
2093
662
6413
3915
794
313
1315
2223
1878
2676
5445
4397
913
399
1728
2455
1868
13170
1575
7429
1562
1712
669
306
1445
2061
9228
8
5066
1347
4004
313
6795
691
902
3355
746
560
2723
3116
5262
9462
500
3121
4238
1954
1002
3018
5798
508
237
7134
4041
2682
763
7384
4095
555
412
1120
176
1596
666
1575
16772
2067
2790
1868
3477
9513
207
226
3566
2188
99
10549
1176
92
3644
4649
1631
1006
2254
959
544
3316
1211
2066
600
2116
3267
2754
2738
974
4524
3296
8235
2035
8124
247
6680
3088
1145
185
654
559
2580
25
922
150
4207
2704
4449
610
5471
691
6301
294
750
343
2022
4411
482
947
484
907
8448
74
5774
3181
949
46
7851
2612
4865
1681
1788
3054
1495
1906
173
184
12790
6453
15877
7076
2041
4075
4143
1048
1612
1302
809
1187
9113
1515
3482
2896
3369
2787
629
3201
3004
859
1152
874
3549
64
1702
6944
6730
1204
379
9367
1533
405
244
2812
7092
302
784
48
1312
3591
3821
167
2112
1939
901
13507
1326
4159
99
518
5968
565
1521
2447
1603
1787
2820
1057
372
1116
6154
1853
3348
2876
3552
2514
1418
1354
760
2325
4417
1823
1005
3014
266
2020
6264
1022
4962
36
3472
1818
779
2275
4610
1834
1694
8479
3213
4577
744
5095
1441
1319
755
1449
2760
7139
1941
685
1108
3459
6640
1886
1169
7356
2967
5274
163
3749
12275
1913
6933
2826
7875
3973
2177
7272
1589
2389
699
5704
7481
11348
217
1010
1726
4370
8814
516
1341
10355
161
1772
3267
4325
2649
8
1911
433
680
4299
1899
596
3824
3376
551
458
1653
3611
5067
1102
210
7538
1465
3830
5690
2322
493
283
973
2680
71
2897
812
735
830
88
4317
11620
13400
3822
108
1806
567
6831
211
1398
12453
1598
5073
8851
550
3318
4324
3987
1797
7157
1040
290
821
4254
2191
387
2845
9254
394
5306
9615
2269
2890
1025
2825
2251
1277
860
15721
3
1952
5993
1319
2075
964
3764
92
2736
470
25506
2242
1436
941
3447
3153
1460
645
173
1388
149
3719
1107
1828
1983
358
3962
4365
3433
5818
4973
1860
346
602
6127
2815
3074
725
1243
6135
1737
987
1364
3289
1972
5964
9675
2584
232
3289
2093
2026
727
426
3476
777
6638
2603
5313
1556
9147
5996
1276
4184
2809
2030
1307
2203
3825
1517
6047
1046
3320
3422
6914
3274
4382
3872
6473
8721
9327
3519
77
395
6598
1470
7131
5609
300
2266
9439
9479
171
1027
2739
989
2834
375
7621
1621
2286
3112
594
2829
1772
6709
3094
1173
428
1090
1141
2768
2402
1910
995
4478
1172
486
501
4255
3823
4936
8334
2902
703
694
368
535
167
1374
2106
790
656
8817
8263
5977
5269
1962
3583
1403
2346
2243
185
1148
1268
6412
1593
5548
2498
60
3792
8360
2480
2746
440
752
1701
138
2259
1225
6378
2292
3077
195
10636
1850
364
1710
718
2530
475
728
4547
7163
1172
3401
289
3586
1483
536
2346
1375
1250
329
1137
1788
855
62
4553
1050
5085
4571
1279
1216
494
4375
2631
1522
4748
199
205
218
2409
4964
3163
2296
5016
1006
1961
255
10904
2640
1619
1155
931
804
7473
5364
8203
1440
431
3258
2966
552
4691
331
909
5600
875
3958
564
895
1790
29
739
2881
3076
3291
79
93
2012
255
2494
672
2281
1445
1361
5231
3901
2884
4862
6862
366
2006
400
456
1480
2863
1515
3004
3508
2396
1161
2297
944
1109
3365
2891
719
2266
8610
403
4227
2891
3558
2636
8164
5760
2940
3320
353
4260
1837
1488
2087
515
518
4502
1027
624
1204
1487
533
2098
1080
687
343
432
3013
574
3244
845
1227
504
402
8903
127
3267
4180
2666
1899
2178
4421
6409
2139
435
2950
98
395
1999
2242
5530
6675
4349
4361
1281
6713
1958
3368
2092
21
2522
551
2649
528
195
3239
151
6747
135
4134
5022
4441
7478
339
89
219
2675
3721
208
806
4662
6262
5555
1299
8049
10337
483
787
2431
3493
4112
1201
4999
14202
1795
1208
4663
69
704
113
7086
4335
4779
789
1206
4593
3446
16430
5834
1861
773
2372
677
1850
3726
3207
2025
4177
1545
16409
293
1349
976
78
2783
434
4313
1564
2613
622
962
1098
244
2432
187
2279
2931
1931
1527
485
1263
8346
316
4793
1973
555
2678
2558
5887
4430
7955
1801
2852
479
3551
455
129
3436
2871
2798
1188
3744
2509
1367
223
1141
9665
1343
5783
436
41
807
5596
3443
2373
1143
2241
647
4292
2731
572
526
3691
1675
2339
1779
4336
1853
783
925
1033
1649
1071
4224
25
995
4401
9940
455
1594
11924
6516
3766
8519
387
7968
4940
275
808
5261
1541
1159
3583
6202
37
2790
975
1457
4053
3176
3159
165
1408
1485
1203
310
2054
836
341
2090
1458
3445
1683
686
3018
5220
119
495
1521
1222
2993
5937
1585
1380
84
5783
1171
2635
1290
656
2157
281
3685
6925
424
398
1996
8096
2240
9073
629
23
14464
5690
3497
1826
56
2709
5103
9896
2628
1127
1700
200
3966
716
3173
4237
1889
1683
1399
3047
309
1329
3896
14
3249
1429
121
6890
2754
4424
20
5903
1752
7342
6194
199
1354
1938
503
7969
235
3260
1592
609
2039
1026
607
9152
184
1437
3827
3961
1826
414
1451
1314
14224
3122
52
7063
3915
5910
1617
1959
2640
3164
962
4156
4215
693
4590
1500
5599
6190
1346
1717
7725
3596
2600
7125
2765
835
508
470
7362
4295
3422
3133
2727
3157
3489
2232
7739
181
204
17038
659
1155
3731
491
1732
10063
1885
1450
2132
4294
6824
1810
194
1126
9117
1578
269
1209
2453
3323
2680
778
1250
8288
2255
2661
127
1851
2240
372
1608
2963
5246
711
808
525
1313
1814
7308
10204
2430
4088
2340
1620
2877
1193
977
493
1519
364
1065
2276
1197
1655
3073
1160
7860
155
407
1836
1274
140
4265
8249
966
2176
3548
1319
537
1002
1263
3531
579
2871
274
1945
1852
4760
376
2090
5273
1456
1651
565
6383
1212
7748
2169
660
1958
199
1754
2106
4091
1195
263
288
2766
5509
2018
2740
621
850
1673
250
2922
1610
438
1996
6528
273
3902
3195
3869
800
1154
1413
1619
8646
1339
3482
894
11385
749
139
845
3287
1320
1912
6314
3059
1096
5458
857
2133
2433
3038
1464
8398
559
716
1092
2980
4512
1650
3213
2266
4173
5419
8484
1353
455
7989
5938
1483
10756
4903
2589
2379
12134
8126
3131
1687
3990
372
6952
291
1476
1161
1088
11126
7076
4029
3649
2207
2457
1252
2172
2100
7644
4596
422
3897
1552
9775
5429
7336
1734
9899
867
1862
3656
5299
3398
620
35
2698
561
915
164
6192
2108
43
490
421
3873
118
3762
742
4309
211
10474
3642
8038
11677
381
5085
2696
1838
1996
1162
8180
9098
3123
92
1171
1122
9737
2152
294
8425
2431
937
2735
5395
479
3536
2182
1132
1540
3981
1365
2228
478
5285
4497
2031
3251
2203
1930
724
1249
1340
1994
921
761
7664
2651
2444
2846
10244
1034
78
4738
530
2963
872
2914
1933
2189
1439
6299
2526
68
3922
6430
443
1053
236
1168
9615
1450
2037
5381
8562
3407
226
662
2209
634
12516
4215
618
477
1041
495
126
1864
4060
399
5354
124
4199
1235
4545
741
3122
2705
4274
3178
323
2795
5640
2470
16341
962
97
5042
6827
3179
1447
92
6452
2485
2550
920
4448
5812
1439
967
2332
1147
2070
158
17
3028
1367
1111
933
354
6997
842
2429
314
1190
1347
2446
810
1930
1368
2409
136
6565
11391
1948
479
3947
2434
1869
1810
30
744
1609
2865
1369
632
3000
2406
721
1911
1860
802
7399
3872
2637
574
1500
701
101
194
3236
1170
815
238
1223
7184
209
1947
2934
2780
1797
1106
2131
6119
9464
2697
4828
3961
551
2656
1339
1863
75
3742
990
4019
1472
5944
5126
8573
113
307
4519
301
1070
3114
745
758
3521
856
3369
1592
282
1938
499
6271
1722
2109
1177
4312
1824
3794
454
1240
4591
278
176
904
1557
541
3623
287
4143
374
504
9770
1991
3571
4205
5163
2204
3166
1302
3912
1620
4116
1831
4753
2313
1995
2714
948
887
1813
2915
7864
869
13001
265
2460
1048
4646
552
3777
114
2193
1432
479
4109
7506
3856
4986
3802
559
263
1837
1201
1732
379
2454
1968
2298
848
3059
2513
11130
169
1057
1061
97
2112
1758
993
9240
5086
3404
1211
3990
793
191
5239
4264
9996
6139
2056
1118
1115
1914
305
740
3175
1619
2758
20
3260
1231
1430
5361
1709
504
1339
473
384
1208
467
1610
583
5195
9512
550
1116
2940
1450
332
3513
3830
3105
949
1752
2141
6716
9516
1752
9822
3654
1543
3601
4947
650
4873
1010
2240
2794
107
4174
1173
2357
4160
4543
402
3069
519
1765
1203
2355
184
4801
1940
1725
10950
1231
131
6168
3017
436
1235
1069
4023
181
1375
2591
2574
361
664
7856
198
22
3295
1410
2986
1844
8717
190
8027
2844
2265
7324
21
2455
5007
3368
7967
11233
944
1492
615
1635
796
2555
5356
5118
3049
8673
692
3069
5659
2375
362
5265
2778
1283
1455
1595
1085
23
5028
622
1849
560
2418
409
7006
1133
215
4839
1137
5518
743
5868
2456
517
16456
4984
7041
2171
12023
6209
413
2197
5160
1510
1895
1791
128
2811
2936
6975
4248
230
814
9610
1083
1587
968
1501
2303
2629
8321
5495
1401
2025
67
999
2265
2968
3929
2529
2879
1530
4111
2031
12200
6612
8414
585
252
6695
4724
114
1851
60
4339
1477
2657
2083
845
1140
4805
12538
2484
102
843
1725
758
2082
10
1251
6860
139
607
3664
5880
5423
6067
10221
12255
57
1582
2828
2029
2491
2359
43
3704
3701
3471
268
989
6692
3044
2886
16078
6380
7547
3512
7106
8042
16
1098
207
313
191
793
2312
8133
8335
5518
3723
1391
1640
5285
6460
698
6157
508
485
4932
91
90
615
2647
1409
1454
1012
842
2755
1763
9760
1227
2364
649
4540
3612
1051
471
1945
2861
15427
21
1232
1537
614
5286
1783
7755
7367
711
488
1628
3519
3072
1251
568
2326
2072
528
2179
723
1412
4813
1747
2091
107
774
1494
936
7655
7814
188
794
6526
1080
122
1928
3420
112
4207
2454
1471
9651
1350
2388
4280
2949
377
1846
3629
3299
2922
1678
1354
8240
3127
456
109
3577
4286
2721
17
3324
2707
366
3662
445
822
4923
484
1644
1115
2721
4514
414
3748
1049
288
208
2061
1568
4603
1407
1635
3054
7652
2311
6032
786
4233
12138
7262
5183
682
40
1250
828
4234
166
790
3406
3735
538
3273
5098
1960
197
2183
2742
1397
718
43
560
565
668
1282
6506
515
1896
296
2113
1744
7911
5537
3341
2525
19
3455
6527
8390
3752
371
887
11056
4138
14
2603
327
4241
670
1767
2829
3863
953
3406
982
2552
1709
858
3021
2432
1117
2172
3728
6720
7259
1903
624
2304
245
5009
2932
31
3095
783
1336
1352
3874
891
4053
4839
206
4539
16944
22679
12922
7885
2632
9030
1209
1022
746
3629
1827
2170
2259
800
1759
4167
3388
807
5808
5570
7178
2698
945
1678
4444
40
2954
1342
6248
475
1912
5522
4312
4918
3316
18284
2445
4143
787
2460
5580
1137
710
2161
4322
1428
2751
506
9636
19
1146
410
3257
213
3817
4642
3122
1564
406
279
279
1502
139
4747
2842
2028
4814
280
3872
2759
3868
54
6544
1002
3798
2894
95
1904
557
817
701
755
3643
2209
1118
2920
1779
1098
7782
10347
5303
7883
9166
1142
4031
990
289
570
2941
3380
1510
1088
2680
758
1677
5520
3067
3805
1516
2610
1474
1109
631
343
1076
3667
1833
6074
1784
1373
2349
2035
6499
3364
6323
3417
2009
66
1118
6732
702
610
1921
4465
2348
2248
4604
733
3980
1417
1623
2032
1168
231
2184
3297
1334
243
4581
2900
1191
7944
5171
5985
899
2948
2300
4783
2579
30
428
4513
9174
250
4957
2353
3281
455
3088
3404
3572
4152
8758
1459
756
17
209
2187
1400
3870
1760
323
8788
140
5822
5072
281
2827
4810
1515
376
4056
127
2644
2760
2342
309
3048
4615
2443
6269
1729
969
1475
1279
3347
11576
2676
3877
3912
3874
1786
181
178
1704
3672
1782
1935
1821
1984
3873
540
1021
6926
401
5111
4479
1322
3344
1521
7000
2198
140
1006
7972
1913
32
1987
11179
3039
1297
592
1338
2098
1117
259
1231
1066
1652
2485
12095
402
873
170
5034
1445
2084
145
833
53
5146
5016
877
5379
3699
973
1137
8907
4137
2017
2229
1491
251
504
2105
829
2362
4736
547
3139
374
1105
3397
796
1263
1877
3689
237
1295
2122
11035
2661
9029
6808
198
324
10948
7129
74
3352
26
1769
1892
1139
949
332
6777
5933
1292
6265
3587
3633
8045
2786
4138
6142
11885
379
516
7137
2500
654
6953
965
4633
1558
4725
4818
7307
1782
2377
981
6114
1271
839
5777
1719
5566
6637
5692
1536
1946
1035
8193
265
600
746
1986
189
6292
1250
219
1810
2539
2516
465
5959
1647
2043
3095
1615
1269
4758
4024
6074
415
311
5069
5525
90
575
1831
2967
565
3591
2286
9134
5293
4754
204
3444
5365
3151
4114
1797
1032
4632
86
1220
2756
668
1998
55
996
2259
3078
2567
5151
998
1910
1197
1779
4746
2679
429
2083
4902
2917
1915
281
5430
5903
4776
4519
3965
2439
515
3264
835
348
17
3987
2588
1463
3421
4103
458
884
512
5732
547
406
7895
775
2260
66
1420
1049
739
2497
1252
5966
6350
1989
1028
5954
1344
2055
4689
582
3377
2510
6045
13265
1895
5366
734
498
4909
425
579
498
2614
1332
3223
4645
193
6951
948
319
2139
9520
5466
10137
393
1744
4314
5746
8905
153
9425
145
1068
668
190
4670
1702
74
5366
2088
3897
1664
2460
3446
5121
3601
4429
5187
927
6942
2941
1106
981
651
1951
9789
2761
2894
1164
3077
1096
6119
612
2915
1033
15
10907
546
2711
13860
7046
3660
1279
658
2529
4660
5618
40
13282
1020
1626
2849
4125
337
783
821
2731
3158
2417
1622
31
33
1994
967
667
1031
1795
24
1275
1395
6019
3326
3600
1496
6313
91
533
1048
1497
442
3679
699
1994
1831
1816
248
26
1427
4011
8782
362
1277
244
3775
403
1372
3627
329
2140
128
659
1773
4147
5752
683
5372
846
720
2607
1918
2821
243
1257
71
5546
8438
256
9960
2418
784
2733
2913
1743
1421
1817
2861
2426
2444
4849
2280
645
2363
1016
4845
455
2137
1269
3431
2625
1375
1507
3804
1095
89
15812
5262
2305
2720
5296
4278
1128
349
241
9366
12062
2192
4333
4819
857
1062
2117
3421
1029
847
197
1144
2964
817
6690
2901
1549
4727
4414
1286
2096
1743
1338
709
2253
3783
2648
231
1736
3113
11824
4510
639
18924
6836
3474
3864
599
8544
1817
7653
3696
174
36
9177
1787
1395
477
1113
9359
5227
5400
1791
834
2965
39
1431
3006
2093
3941
1118
2622
2221
3707
4304
4039
3388
6943
16380
4015
3596
8460
4532
1350
1859
391
576
974
1748
3771
1437
2959
2993
1106
618
2176
3974
2811
3917
2645
2426
2508
2180
173
1658
8670
5684
7747
6428
5968
684
3365
439
1649
5350
1883
7522
5737
3104
6863
628
793
79
2225
1155
2029
5885
497
2786
340
3135
2897
5551
915
6092
2068
4788
606
592
2442
2705
7463
9006
1199
2049
2150
1012
66
1752
10183
154
4798
1975
3551
2666
4115
694
2039
4936
5710
1561
2261
2321
3006
3913
1155
1684
1257
3269
7435
1487
3278
8100
263
2818
3473
1274
3409
3868
1357
1808
180
1809
686
6179
4421
1263
1975
663
539
1448
4177
2097
400
97
3308
2724
274
540
7853
7169
7783
2564
2682
1110
5739
1984
14765
500
3821
1282
3399
1949
673
477
1315
106
3072
485
1017
395
826
6433
21980
1312
328
780
4734
3562
2681
1034
693
44
342
4089
1566
10765
1621
7771
2164
3656
7372
452
228
2698
6148
431
2748
4046
1750
2852
6558
12411
1381
4922
3384
2262
1604
10438
1442
2859
433
1484
6451
2499
763
3375
477
5910
417
3328
2350
127
3413
9857
5118
215
5645
2693
12417
96
94
6330
831
458
1531
1735
740
3825
1024
686
4737
684
2900
2129
325
173
4730
3432
1469
2883
2589
2491
13778
5265
2192
1211
1065
14084
1074
327
716
753
684
4566
2347
2165
1006
6526
11082
10893
6187
419
2251
2379
1772
3796
2731
59
13305
5779
4076
3939
1679
4670
3116
6937
3556
1256
988
3965
4392
3483
2666
4961
1753
4841
529
2947
2040
8936
4081
2174
2230
4114
3480
6274
7081
4428
2556
3321
1087
417
2153
4591
18
2202
3145
3200
412
3488
5040
3138
118
4396
130
4655
1213
828
483
3985
2989
287
1160
454
487
6330
545
377
54
3140
117
1610
1540
2382
908
466
8784
1126
7219
1233
1974
317
4069
1063
211
31
1380
2433
3621
2517
14424
793
12127
339
204
1867
698
3625
18244
2978
7
1951
950
2585
96
4320
419
4596
1513
485
5053
5976
957
1810
3144
229
5758
876
2405
1431
585
1892
5461
1421
8054
1520
11918
1230
1746
559
5244
9587
1151
3258
11382
510
646
1351
331
594
1257
219
6432
1605
104
2935
1680
699
5656
3459
595
2314
1456
2246
4275
2100
870
5677
1338
689
1606
7639
1108
8388
2140
4298
1590
1400
402
1381
623
1917
8206
5914
7288
4627
2896
2514
13361
8820
1113
2937
8858
2640
221
1871
1147
873
532
223
1498
13585
2615
5899
1224
2535
433
4266
633
413
1999
1375
1732
1583
895
106
263
1477
1231
2099
509
451
2693
5101
3070
654
771
1
3625
1572
867
1
5702
522
1966
3307
2230
2594
237
4548
4942
2243
923
2951
2744
3487
96
2403
2486
455
1012
250
7067
1893
1109
773
5008
6869
3104
2065
4060
247
6950
4851
1559
212
898
16985
1073
5511
4423
427
5131
454
832
1945
92
2448
7367
4348
7153
3070
1713
4674
2659
8363
3135
3009
1723
3555
509
651
1139
604
1591
2201
2049
1707
519
1273
3747
1962
2596
512
717
1129
6486
10732
3776
1931
3722
2803
1438
444
4083
2306
1938
1054
1427
4068
4918
3024
5064
2898
3260
6890
2035
160
1981
3432
650
410
2114
1315
2869
1140
112
1849
6988
1198
691
4351
4929
572
374
6290
544
2963
2514
867
1075
7544
7186
601
2551
6574
960
36
9682
1175
6266
3271
760
2373
496
6707
1082
3214
10
4047
3880
4303
132
322
1346
853
1285
3192
591
1542
1072
27
2781
10299
3131
5564
1287
646
2543
441
17
431
3273
4752
7326
969
1127
2030
9209
1240
2319
2890
5706
7671
1066
4124
1984
4687
6658
4611
1320
683
2315
3570
568
5440
1600
504
1196
337
597
1489
7788
150
6310
12312
7963
838
8932
368
942
350
681
951
2017
430
1459
4910
584
2110
3318
3744
1009
4653
1492
2568
1726
4095
2591
2926
8087
11896
3593
3732
126
6028
417
460
1819
1160
3359
347
605
1763
146
1527
755
326
1183
1665
781
10889
2622
2139
960
290
3770
417
164
1748
519
773
3367
5887
2156
1506
5621
396
3379
5442
2941
334
986
7607
3305
4750
1623
1278
3748
166
1692
4713
1389
3372
3124
1684
2338
10846
883
312
10490
2573
2345
6616
568
1327
1908
7705
553
1037
2221
4749
2489
1658
1681
1104
2336
3745
743
6947
3709
2549
504
8069
2364
8407
3954
1965
3255
3511
284
266
468
9984
545
543
1413
6974
2251
175
440
3836
76
2955
3288
704
5296
2255
1175
6905
808
255
295
1022
1960
5288
4181
577
4393
2974
4753
630
948
2778
2995
1682
269
6473
2434
852
3916
1128
1648
2222
6596
1974
2289
6395
675
380
2306
1370
2083
7432
2911
1988
12403
585
4110
2261
451
493
6178
2445
627
725
5688
2265
4355
4638
1793
2967
768
565
476
1263
858
3462
4336
1456
2078
254
5277
7
692
4720
4014
302
1282
230
3383
426
11086
2140
1904
646
2699
199
135
3311
507
123
1529
1100
9856
1680
3055
1575
5719
100
5033
1828
6014
609
6854
1523
4283
271
2316
1856
2587
5498
4284
198
4303
2736
717
1812
586
1277
3546
2446
1198
554
8071
8596
2151
3093
4413
2971
3895
7869
9051
2222
2162
6713
1866
3107
527
2941
821
653
3968
1327
1725
7852
3234
323
2227
1546
7686
68
452
201
699
2751
4533
3008
747
4852
542
1230
21
3443
2530
344
2607
3386
1409
453
6515
5232
2810
1338
189
58
1261
11
1537
654
1147
1886
72
106
1525
906
3418
6868
2664
1739
4210
739
35
2982
720
3606
1317
3977
72
8983
2804
728
7116
1343
518
4238
678
3984
1692
167
1158
451
209
3670
241
334
152
443
5721
4838
1263
4405
5209
290
4263
7063
4441
1136
9461
2046
1332
4826
193
2838
2620
3784
4821
10293
77
5121
2564
2010
2767
1031
12
579
723
3608
3178
32
22
8
911
739
1705
2329
20038
2172
1208
3149
436
650
1579
4126
1994
2267
1734
1319
3320
5617
1483
10066
3319
701
2973
1013
3880
5052
9590
4172
1597
5490
1146
861
656
1136
2924
338
3538
761
10218
3278
2088
9133
5433
4471
2713
2452
3864
2433
3494
3401
215
2323
3516
3927
923
1251
2032
690
3372
5017
2455
938
3281
1396
922
7326
1284
242
5053
1859
4052
639
1006
413
1812
3085
3879
1144
3823
2089
3306
282
309
963
3666
1263
605
2126
3478
10174
262
6148
3513
4355
1303
1442
597
4201
4810
2660
1712
1522
527
4746
5887
5361
2317
4101
1022
1358
7230
1810
2409
654
8890
2394
1007
5058
5163
5596
2317
3508
1082
1254
1293
795
20049
308
2616
701
1918
1037
727
482
616
1236
3447
2140
2988
699
2691
3565
114
255
4271
1084
4089
2925
3856
3430
2749
1030
3772
1390
2698
5747
3027
774
4476
244
1376
428
1207
2928
1825
2061
1827
3369
7890
6769
4780
7477
3973
2940
10
1140
683
578
10219
326
1671
301
7374
54
8447
13607
3088
2106
1914
1242
1097
2425
1438
810
3066
4629
2049
955
2558
2187
2650
211
587
973
112
2680
10643
1857
150
1233
1286
9521
237
146
1727
2438
1387
3303
6514
560
3654
164
1006
2572
3260
782
3132
6264
6912
537
1833
7012
1858
177
4060
3435
3423
947
284
271
1464
4039
984
17
2372
3020
10026
3208
10337
3367
230
2633
1013
1191
596
141
421
846
1139
146
5813
465
6903
3760
931
104
3555
1572
4841
915
61
2623
687
631
1518
1115
3663
158
416
27
141
3080
4172
7490
1001
831
1641
182
2844
1388
4335
833
2784
1130
2236
6085
3164
2454
3246
4002
1820
206
807
852
260
62
2207
1570
2143
6123
466
5321
1740
2320
4669
14023
383
5815
711
1055
4067
799
374
2471
1075
1404
2289
2122
1515
1124
5304
2526
322
522
2537
761
6150
4452
994
2622
1914
2198
974
2414
7911
599
6135
257
296
169
2823
2114
3624
9547
2029
3544
3163
2716
3434
1107
2745
246
12469
9398
1635
861
944
2158
5812
2254
1221
2571
7704
166
2494
3441
962
2213
4870
590
8140
2064
1314
893
2591
6692
2453
1060
2728
2231
32
1998
1117
2073
2271
1755
1016
3596
1284
3216
374
1562
5486
11798
2640
3574
2220
4367
5140
85
1904
3394
4300
1282
4011
93
4498
6891
11757
9816
995
2321
789
312
2665
2494
4868
2761
3177
565
161
2336
7552
2953
5847
1382
2446
4553
2131
657
5244
3272
3723
7386
633
1719
394
2533
6524
6270
676
1934
10765
569
737
6318
1152
1518
8336
2532
6545
2119
1637
2312
6006
1910
4398
3475
342
4420
830
1447
2642
199
135
517
3617
8052
1233
1289
3752
252
355
536
244
1437
385
10885
2254
5592
3768
2656
3151
231
1879
2206
873
4093
333
3276
3272
2577
1876
516
197
376
4212
952
1863
2668
1440
164
5339
3657
103
508
3533
3664
1278
1209
1266
888
12059
3473
666
7361
2546
2400
4841
406
2207
1586
8171
179
360
1957
4337
5545
5659
1870
4594
318
4822
568
718
2100
161
1656
1202
15511
2929
1172
2302
1588
5713
4331
907
2317
1089
487
692
801
11421
239
204
4070
1943
7218
2718
980
1338
3097
559
2194
455
964
59
1374
7155
2066
336
2340
2050
397
1483
3549
1696
3154
3356
6452
4162
4924
9535
4743
5559
14812
1346
1405
758
3516
2968
1977
2574
3816
660
8739
2271
1476
1996
5483
10027
765
275
6141
1663
2423
5532
6749
3694
1372
4950
2195
1403
3894
1472
375
1908
1664
2381
113
220
1311
255
983
520
2442
4446
1539
4591
373
8616
3080
21
589
905
52
6047
3094
5254
1932
2494
235
2370
506
3299
1645
1378
2407
17960
158
7261
7345
1422
306
1782
1210
1680
436
10599
54
2163
2873
2864
5327
1469
2416
3409
3836
3047
777
240
1334
2643
2896
1086
5986
1051
3374
350
11940
3066
220
3165
2728
4100
9344
499
1240
3886
2090
1240
3499
165
2521
8057
2864
4347
1687
1631
79
238
3287
385
2699
1954
2151
2026
3618
3029
331
1275
344
1102
1024
15
795
2341
430
1704
1230
651
5096
5930
3541
6840
2677
1650
2338
323
1831
4331
2413
5042
6485
7420
1635
5004
7619
4311
96
3264
745
2706
172
4125
9195
1574
1777
2922
6761
1784
95
275
254
3044
5815
1402
3860
380
654
5112
277
1266
11145
678
1371
778
2450
1841
2553
1415
3994
6982
86
3111
946
10531
1051
2522
1518
3055
3965
2551
3536
3605
4559
1086
9802
1404
114
5446
9077
1230
109
387
128
455
3022
3483
2337
298
3205
2901
4637
2490
1099
3088
1967
3144
75
813
706
386
2964
352
2732
3088
9025
668
487
2022
4249
1392
3106
254
210
6941
10482
1473
178
2447
3673
