real_Parameters :  golden 	 failrate:  5.5E-4	 Fm: 1799.5628  且最后的Fart/Frt: 0.98975954		   Time :  140.8108

1486
3967
977
10173
994
3453
499
2999
3219
284
2129
369
2708
1224
912
646
9894
25
2361
1739
749
881
1673
2100
382
338
146
1705
1366
2085
1849
5409
1630
1116
83
1029
323
2830
245
575
2563
4111
261
3309
34
333
1722
2140
1777
4242
1510
1580
1026
2433
1008
878
142
834
780
2631
796
1555
606
269
337
684
411
442
816
239
851
2735
6
967
2854
164
809
1231
1615
213
2445
1515
119
136
155
71
3751
432
1353
43
168
3694
2909
673
2328
3351
447
250
1559
3185
1884
3978
2286
1479
3683
383
2721
434
1001
1496
4977
1116
3127
2056
1747
1379
1060
840
941
1807
3470
2384
1883
414
1226
99
1809
3713
3012
1412
4192
1094
163
2887
890
375
4139
5610
3934
3959
1782
493
5397
59
2402
3908
4421
2731
1235
790
912
198
3214
2977
2381
375
850
3113
261
174
3900
4211
1097
1650
2795
2326
2827
1818
629
730
934
1525
3186
810
1639
5793
230
321
1395
565
4129
494
1824
1950
2207
3565
2369
623
3344
3611
1134
3887
6286
566
1515
1242
293
3654
1457
929
2672
1399
2201
947
948
588
1015
4501
7070
871
3816
140
567
559
2577
2611
1152
997
895
8777
622
359
4383
2227
2008
1449
2306
679
1122
173
1612
2404
712
67
52
187
586
1158
1731
5091
1583
679
1621
4751
2629
1646
1840
287
2157
172
5824
6734
72
929
437
132
1571
21
2746
2655
3872
3701
43
14
199
698
3073
4416
1191
8686
1516
2426
2977
467
872
210
524
1634
129
1742
224
2043
515
2762
520
4103
3009
1419
1436
830
9
1612
4083
502
7005
1641
1575
218
3318
1784
3845
2827
2640
1554
270
303
1005
1498
125
398
2703
1624
349
1838
438
867
1798
210
1370
458
1229
445
474
994
3052
1943
268
3473
1669
381
3815
5096
1522
393
814
314
4029
5694
1738
2979
502
7769
2429
460
1631
9
1726
5355
6749
231
686
417
936
438
2591
154
2887
5348
2327
178
957
621
70
450
1347
2426
4638
1280
1125
1587
1682
875
388
926
1606
797
187
2835
1264
320
2804
518
1222
1138
888
2667
1327
2321
2012
2213
2504
236
2224
85
2291
84
487
3720
622
570
333
153
500
632
1514
231
1653
138
1163
480
7354
266
699
657
5581
2640
157
3154
1664
1404
1581
7075
269
195
43
2310
684
688
481
2768
694
712
1298
668
6794
1388
1006
40
589
940
3862
1023
1147
518
1203
1373
89
2932
421
464
3544
129
487
1069
53
1730
63
103
2066
1110
4082
272
217
1015
2577
4853
171
1265
600
5197
255
1873
530
1496
6035
780
214
5528
1943
428
2700
71
3894
1769
346
6961
695
1231
365
1873
2219
141
1086
2010
747
1026
4251
636
198
211
4067
2080
634
3657
1336
478
4453
419
909
3302
1144
1873
434
1491
564
56
5777
1401
225
1000
241
2419
4304
1268
3144
9148
1591
480
541
941
2851
786
595
712
6467
486
2639
122
303
4068
1187
1916
2
97
2137
554
412
4543
1638
199
754
6167
4751
1686
933
259
149
1766
1594
163
2939
921
583
249
1131
1106
776
547
800
313
773
61
2892
1759
82
385
2556
29
572
5765
693
1620
152
1396
2271
4176
614
935
4464
1905
2838
1596
1650
490
315
437
3496
488
3811
382
2509
394
2863
3317
2747
2427
296
2314
3114
4905
271
3118
2864
1570
1040
336
8
366
2557
2945
298
422
2054
1132
913
611
1001
313
3351
4151
4415
342
203
400
538
138
1463
1415
1090
3074
376
3583
437
898
950
2215
674
438
2733
237
670
326
46
2823
2596
833
982
5617
57
324
2047
2028
991
1789
816
2305
1448
1630
1420
1493
977
1268
694
509
3068
684
2159
2074
1370
1051
5082
2514
4133
1865
551
2626
1148
2217
1261
1500
2146
301
3070
134
3783
156
770
3553
404
381
379
2944
317
2242
462
830
711
124
390
20
1863
287
661
2925
437
3143
3216
197
573
511
1906
4748
1313
63
1646
2414
1614
441
1968
2418
1496
104
2202
2467
2361
8
1021
605
221
6789
739
6083
252
1606
20
880
4576
918
8621
504
3261
1070
1593
3076
680
1972
85
1682
1764
802
1187
1407
202
1164
467
3739
1954
529
965
2007
435
1023
1241
543
4170
2439
750
88
3
2683
606
204
649
3250
3105
1268
968
30
1325
4474
1329
5709
490
134
565
1889
2744
225
2279
274
3624
3861
2692
72
1121
1539
1619
3600
1252
1636
2020
1680
4105
451
4643
256
44
798
821
1536
2314
3862
1963
634
6883
1740
615
377
15
1322
3417
736
221
3210
480
3523
4115
265
40
724
4711
2490
846
706
1038
1140
1443
971
295
261
153
881
6080
617
727
12954
1537
18321
2684
730
2007
138
2030
3234
1249
2492
1176
1238
216
136
2856
552
4416
2284
2372
4733
1077
1133
2199
3195
244
2095
2512
146
1607
5022
2701
1481
1885
446
137
1617
301
2535
2684
1153
8444
127
541
344
1485
744
3472
2386
840
383
1711
1342
3405
1726
1450
2468
1368
1387
1466
495
481
2687
1537
3760
2805
711
1605
1287
1440
7537
142
578
1304
329
2325
2589
2033
1586
648
315
6272
775
4322
1098
3367
3331
1163
1718
152
7162
1007
542
2216
5058
135
1156
2875
3447
1030
4016
60
879
3485
1875
489
432
3358
852
43
1079
2066
1880
62
2332
167
1283
349
339
3531
918
890
6983
997
379
4886
147
969
928
1126
1552
1082
4795
1360
1144
583
3818
3241
1820
2667
1628
1630
2570
385
4581
630
949
385
88
1463
408
6663
874
4344
3095
1600
2245
1994
1482
2929
1120
2349
2862
1952
2608
2599
4565
284
3406
263
2448
153
617
1261
3372
428
1770
953
246
459
120
3889
3057
328
1933
1216
1417
2215
878
1676
752
75
1930
283
1299
406
2450
1942
958
368
6036
2179
547
1461
148
1052
1404
949
3425
3143
260
2906
995
1553
1775
498
825
204
3204
650
419
2147
4970
1476
1684
2778
318
3823
319
2123
679
157
1106
2409
2437
1375
2555
403
7780
1465
4011
1648
1832
281
1603
360
521
6
502
930
1250
1240
344
692
737
5704
1774
629
275
4644
1560
2003
909
590
2333
2819
8517
1086
4099
7503
4016
3447
2644
1201
824
513
2550
833
496
3430
1699
8108
1576
1130
2505
209
2674
1420
1353
1130
2262
1067
2734
1979
3181
500
512
329
88
1153
2442
986
1773
191
1713
45
1383
3373
1147
1098
5736
1354
2321
3821
929
1576
1906
4662
237
251
749
3039
159
2514
989
1231
2900
272
3382
1180
1261
830
287
1493
223
625
974
2205
1652
884
665
885
2390
1194
143
63
3747
2453
2167
3985
4350
2048
2137
926
3351
3317
5115
958
735
864
313
2200
2311
2997
354
468
1730
69
2651
661
3072
133
869
753
490
1514
113
3591
410
4211
260
891
4022
286
103
3512
3841
824
587
2139
597
1487
4316
4054
5015
362
37
2910
4787
166
2700
161
251
4612
5136
4577
18
2054
4629
1164
2353
1846
4778
2725
189
1198
2352
1341
1001
1562
62
253
713
1239
1623
923
6445
3336
5652
315
1034
3566
2179
62
1452
6380
2620
585
3140
805
442
2509
328
3947
840
1873
2311
585
2509
3889
1169
7146
941
3175
3020
1079
2539
1485
3930
518
361
648
890
1191
267
4034
433
2138
4149
489
683
2826
993
28
3470
3505
336
2143
367
1982
352
1433
1252
4555
300
904
672
3038
2298
2714
135
250
2705
2973
2697
605
183
1051
3512
6808
1268
100
2581
974
958
1668
5688
1146
355
1012
2129
642
97
77
19
1002
4308
98
117
133
5902
945
1217
1389
2230
378
1798
529
293
3286
165
1249
1742
880
114
2023
4907
947
1317
3269
1494
64
635
973
1327
686
2291
2150
324
561
2036
1883
1844
6372
1685
940
1685
621
543
2499
578
717
2523
4536
935
1264
2826
585
10680
3146
1689
5672
1317
6070
608
1450
1190
1369
116
1977
3483
505
283
5565
5187
187
269
613
1404
3346
1043
2970
469
1984
173
395
6582
1030
558
2070
314
225
1762
59
3601
2346
454
1074
1024
4185
654
3625
4077
4253
622
2260
3968
1319
427
852
7062
1569
637
1881
3016
41
928
2670
153
1516
2310
690
1645
1024
737
737
7126
364
712
1333
4131
532
127
2074
6942
3124
463
1965
2623
5025
1526
1758
1528
889
65
814
4286
9414
387
5526
481
85
7448
3376
27
2942
2242
422
629
22
1396
68
1093
134
3276
1276
2504
202
3770
389
2088
4984
1555
49
1149
2022
462
581
31
820
3939
1603
4717
185
225
908
458
1228
1989
714
763
3928
292
1072
898
622
1824
1145
482
593
469
1430
239
1814
867
991
590
870
1417
378
2778
349
2337
661
611
1250
133
535
1584
5885
6512
445
392
2500
1689
5532
521
2910
499
430
60
1071
4204
1505
557
1655
41
389
882
818
4628
783
347
251
1612
488
149
3794
509
479
112
526
1117
3794
3672
444
866
3376
347
3434
689
2344
62
4327
1108
3652
1516
3843
466
5416
759
2723
409
418
2543
2497
55
138
2363
1658
1204
385
563
913
1000
3474
1302
99
3072
8088
395
2628
3637
2573
108
1740
5737
981
875
1793
183
1225
149
2035
110
965
8751
1095
1365
440
3084
286
1635
2477
778
1495
6513
2167
686
2650
3583
6708
809
699
1368
493
211
5514
411
310
5153
2175
1981
233
675
983
1662
4878
1160
43
3985
3347
2897
1576
2082
1415
4463
750
1262
3174
3939
66
433
1234
4020
1996
119
8316
954
426
723
439
244
435
5123
1753
4547
903
522
1217
420
221
1772
1016
2056
704
1561
929
2676
3522
694
3541
596
1313
1045
733
2106
3281
103
3394
1481
914
3473
3410
626
250
2111
1047
4180
5075
1240
1013
584
4227
3202
202
436
1444
3457
2420
1586
1541
30
931
3639
752
1834
873
4082
494
41
1044
824
188
1181
1861
313
857
4741
1631
549
355
392
2858
468
1248
1483
3449
1501
326
2311
5782
882
218
240
1612
155
2690
1282
761
1735
1771
772
513
923
685
3632
3094
7730
624
3467
2410
4154
74
488
1533
1167
3351
1345
2356
1701
309
1236
1506
1502
149
638
2378
3069
1909
237
411
1464
12
204
131
4894
309
50
1598
1943
1515
912
951
846
3108
504
344
1462
493
109
1609
1477
2542
1407
390
3896
189
417
2578
1029
238
1422
1829
1677
2572
2277
3803
1892
105
4069
562
1305
4859
1710
5899
4758
251
3388
2643
818
3902
12004
116
1133
2367
920
1114
247
1125
4024
302
1312
955
1700
221
8139
771
1731
28
1523
725
542
2274
6226
5224
3186
3223
1668
2750
1412
1952
768
2200
255
30
423
1973
860
735
2235
702
1314
1354
2066
6238
2008
3351
5734
625
631
2995
7522
2161
331
410
805
57
624
594
7132
1506
1326
3004
3576
1786
717
285
806
503
7418
970
75
162
2440
2437
468
1045
3071
2043
7958
5905
1768
3225
474
2179
3467
421
3334
2002
441
895
770
1395
3213
737
399
381
1189
202
1146
1458
1357
237
280
570
1197
2141
4772
4442
1532
4315
448
332
798
1795
2060
2214
416
5955
193
1099
222
3961
207
2326
1056
85
1485
716
699
2367
935
33
4578
1046
114
1200
2791
1191
295
1341
656
1435
3705
872
403
2357
1640
376
783
338
1033
1668
895
1161
4538
2885
1244
1194
2428
2824
529
1511
7116
7050
772
1369
262
625
1051
758
3656
408
1958
693
775
54
3933
1148
993
2319
4222
560
3634
1044
3555
1223
706
3346
1176
6052
559
567
2837
47
217
23
6097
3561
779
2480
3226
1139
789
1898
551
40
128
1658
336
7066
1129
345
870
2523
1051
831
649
1394
1765
666
1766
53
985
615
3902
4957
30
1526
1057
8312
2829
1471
1535
1631
695
3398
3323
212
2846
987
660
989
223
1130
263
778
379
1553
67
337
1015
2465
2355
50
5967
1602
734
550
2183
192
1004
3734
1684
332
192
2224
260
528
3662
2252
1045
789
1342
271
1352
1672
4860
2174
234
798
3159
1878
2687
1102
1522
24
553
1729
92
1080
547
396
857
1675
65
917
55
827
1847
572
1252
1031
85
398
253
1954
435
1108
4468
2370
1020
24
2927
129
759
3199
6847
1408
1307
317
91
1764
951
703
1177
82
797
2344
4056
236
2910
4110
4305
1006
1362
38
2097
215
1434
934
597
1443
1771
577
2175
3056
728
799
6501
1165
1906
2220
2001
4486
5096
1101
342
2622
1763
544
3423
708
17
6287
1220
352
53
175
5838
412
421
5862
179
3416
589
231
536
2370
415
1193
5673
507
2467
2479
488
1171
6316
1412
45
730
1237
773
153
686
354
3328
973
492
1455
80
2090
139
222
1003
3360
932
1155
617
921
3878
215
2413
1553
1164
918
288
25
2601
268
2741
2668
600
238
3984
1433
2890
2901
811
3148
327
376
525
122
2970
1115
1194
4484
620
1710
1084
532
407
1087
476
1894
5507
829
3174
232
1823
1105
615
2565
961
479
2477
2825
897
794
13071
44
353
3599
4003
822
7217
2347
749
629
1692
2612
7174
2355
223
8035
352
1683
167
3169
1978
2322
3166
3219
4728
6652
497
3165
940
1074
65
223
74
1180
1603
834
830
3075
1489
1920
2866
401
454
653
1960
715
3826
529
367
1032
5633
1142
1619
1952
1487
2976
940
729
1483
5567
3539
800
6521
996
3611
558
6399
503
117
396
2080
755
1018
384
442
1431
200
3963
123
2845
1390
160
1417
392
2611
37
2219
398
464
975
2933
7451
137
1190
4325
1401
2907
3386
1084
4081
352
478
4097
1070
55
3686
939
3510
2467
420
2337
6229
2362
1194
830
4971
2508
1690
5003
3538
192
1931
5042
1
3150
448
313
617
1950
9405
6273
888
662
403
6866
1578
2186
615
338
3312
2802
3285
2149
1943
1814
772
7
1145
586
44
861
94
1566
1513
3090
1449
417
2082
2426
1130
2969
2550
1572
474
259
1347
1507
1027
198
729
2858
1552
2125
262
93
1593
72
620
790
1642
479
2966
251
499
119
3447
1895
2445
2214
1043
4195
2340
966
523
194
2299
8906
62
4159
1657
255
863
1986
426
607
42
690
1998
2226
2399
1414
2832
1513
2486
6231
18
391
3210
952
1540
602
2689
2770
196
4708
1586
635
686
271
1374
3707
756
71
1832
674
1573
584
2961
973
5536
11
2713
49
1445
3015
2823
1982
1208
1522
70
15740
503
1510
5272
5966
2784
2138
6941
2747
1394
374
2750
1109
1681
718
2052
1553
1710
111
879
590
1819
174
1127
18
5000
318
1971
3613
1136
662
1531
345
1697
1447
396
302
3073
2917
3794
439
3289
435
757
1468
259
6980
828
49
622
1323
1917
7692
437
390
450
4261
354
1165
1472
1072
4835
693
487
1909
3198
2745
1530
1527
349
2385
325
452
1052
629
757
9657
1343
4629
1327
499
3401
909
227
209
666
3174
1477
47
3374
1874
2330
958
2002
2269
425
82
2350
9739
2638
2366
1196
1916
602
789
579
6144
122
293
3336
1096
3606
84
2922
2153
527
59
5503
743
2497
1474
2967
380
364
1402
796
944
885
648
2516
391
74
128
2594
476
2701
1826
536
3281
6550
1328
824
1406
294
1083
2080
3762
3796
3370
1289
7220
2739
313
473
1847
1039
695
563
1592
5641
2937
5037
3574
2901
486
926
1077
4608
1402
5093
400
2557
2855
359
860
218
1318
3065
6241
2217
2288
160
1124
632
1100
217
1221
2019
4691
652
1017
1919
1236
2985
10657
2207
271
1746
220
1287
473
596
1971
106
7
5990
2527
250
28
3285
6679
1245
8109
704
1047
1452
4569
1050
1710
921
1428
1603
1470
323
2411
1242
532
367
376
1150
2594
255
879
1418
1488
1842
5305
3133
323
2794
1195
2961
120
1095
1102
5770
1326
646
468
966
2363
7797
2165
930
955
1800
3175
568
1018
3536
2907
556
14
584
378
116
881
2399
1901
2796
1061
1667
1706
2878
1340
999
186
988
839
1774
2013
1137
788
842
2065
7127
2214
1168
450
718
1440
2519
5333
170
5384
6025
583
1341
3353
1799
876
923
1198
1762
1720
800
4951
281
66
958
1520
3596
9851
846
3389
9974
3579
1880
3415
1064
4519
922
1999
25
1433
7788
2204
1041
204
3658
4549
275
1771
1188
2780
991
1901
6494
2150
238
578
174
803
1017
361
701
2679
877
3549
122
45
5918
3398
186
167
490
1412
1447
1645
796
3725
43
1577
266
2954
1478
771
245
1007
21
203
224
482
1433
8066
304
129
24
60
6263
607
2241
7
70
1309
589
202
2252
1515
2834
2088
674
3065
2402
40
1473
3168
1192
146
3228
1156
1552
84
739
5643
25
1147
3717
369
432
573
1712
95
1857
1059
2165
4504
2919
475
3670
2474
231
3712
2219
782
264
4102
2184
5696
1710
574
3518
423
2114
92
3416
406
1258
4482
987
352
1341
2953
3222
1323
5802
1396
3680
364
131
1150
2952
2395
1034
1985
2085
590
591
2644
6545
217
5910
9910
723
904
1677
2622
826
1950
982
297
1628
1005
6579
453
1822
1954
2011
3357
2600
1374
868
4272
2032
360
399
184
1642
3020
502
3421
98
2145
4939
2711
1612
164
1359
54
1696
1183
1040
2375
4934
248
2323
1055
205
1129
882
321
141
45
1584
5513
215
485
702
1675
144
1175
2935
4499
1962
204
5374
196
1872
2642
4396
177
460
1623
3027
2237
356
2394
313
446
2320
1378
277
78
4105
157
143
913
259
342
4115
1828
585
235
488
1429
1372
3209
1
2645
1183
2785
1279
14
1900
1989
737
2238
2828
98
2823
5057
35
2384
14
3398
880
1018
151
398
860
3231
220
397
693
1297
5308
1858
5383
640
422
6993
123
402
113
617
581
705
2308
4054
4267
1779
1572
824
170
566
239
8486
1699
3400
111
248
984
1314
1285
403
1632
840
1297
4689
777
143
2110
1395
544
3996
9872
396
8
1947
12
4549
236
1377
166
2583
1089
490
1171
220
1556
2217
6174
61
2211
873
2878
666
460
335
3378
242
1841
656
1706
560
4915
6504
37
918
470
7525
1908
2316
5
1822
4573
10
3021
523
754
3814
2597
3985
1748
1151
3106
869
1555
405
1008
331
2
691
1361
648
367
395
347
3514
1082
3116
879
505
884
1
729
180
2632
2084
1476
1924
671
5100
3898
581
1905
28
893
1143
1978
344
1643
6878
2783
3535
5821
466
2338
491
6100
266
602
240
966
3120
2008
1855
6177
5792
906
704
1947
1729
2452
4319
141
1360
1529
1260
1221
5542
639
544
1906
954
567
429
323
638
3540
3544
340
216
1095
780
2964
753
266
614
140
376
3306
383
6750
312
1957
973
3066
592
548
2213
503
1393
770
54
3355
217
164
2901
2417
57
650
544
4517
2262
1558
154
274
2740
340
611
2805
774
7586
3256
2496
628
2309
2085
640
427
1685
86
1197
2663
403
2254
1544
7074
263
2189
389
443
3586
74
2291
5600
2775
1337
5160
5671
568
649
200
957
560
2361
1093
851
325
4784
146
854
1073
6095
1688
2322
977
1863
717
245
2745
1721
1718
5839
520
39
270
3821
387
1245
287
443
1687
230
750
200
1935
4611
125
3480
22
4417
370
13
135
1284
1004
1195
2832
1495
3243
617
1514
166
4486
3987
1249
700
69
489
277
4
888
1642
3377
2881
5286
926
929
139
874
1804
651
3412
3962
4781
7071
2141
228
534
2143
2134
2009
1824
3926
4305
2791
1480
270
2721
3633
2841
1128
3821
2956
429
2698
828
1878
3685
1793
4841
6517
936
53
1959
984
796
1259
1235
3795
1975
981
3184
2340
920
2135
1380
2493
1274
1198
1239
1235
556
3522
461
1171
1417
1439
203
1237
757
824
1754
5
9831
1125
4384
1230
1955
854
2
582
1
2657
8352
7534
184
3400
3740
1249
911
811
120
509
1214
1493
1237
1037
5437
965
1924
252
3919
519
416
1462
594
711
3007
4602
945
189
1678
1368
4074
158
195
912
557
250
910
513
820
843
9168
2056
4315
361
599
919
1410
3164
2543
141
2529
781
202
2230
165
1773
4184
3373
1541
2259
588
473
3248
5346
652
1530
1309
113
1182
2500
1040
1176
2445
2259
994
1854
1174
1682
1497
2420
1682
894
124
139
70
674
2824
1687
359
90
1245
6913
386
1461
508
1558
120
132
1484
1879
388
489
3792
2209
284
636
742
1959
500
3381
315
228
2482
1005
7791
288
244
7495
850
1147
4077
1369
966
2475
477
2366
799
580
1645
140
3751
566
828
387
15
787
3358
575
3483
1807
144
1938
614
2906
4045
6320
2890
465
286
1248
306
555
561
1245
889
3748
1050
1925
5400
493
9771
1605
6638
242
2041
216
1939
1076
487
774
538
2007
1624
757
963
533
1514
1272
1713
338
3585
63
5501
2956
349
2210
1199
8734
2318
3078
276
876
96
71
4594
287
2078
1416
459
713
2462
431
265
1533
5377
1504
29
3671
1510
87
5821
603
1219
5545
387
7016
1809
1786
687
288
875
2027
707
3327
603
1048
555
297
3056
54
551
1000
3422
177
5311
1741
682
966
1687
725
113
3856
2686
1865
203
908
519
6334
112
1272
3804
1484
4501
1553
310
2614
431
3480
573
498
1589
3152
321
59
569
1310
523
3064
2397
5734
1434
573
1509
1000
597
7681
456
2300
2563
151
214
972
1264
4777
159
3468
3731
15
928
150
440
2333
2655
1053
308
1466
315
571
226
1813
342
182
254
282
1494
1398
60
134
1607
571
944
278
1153
241
2331
1269
1342
826
3099
161
3313
458
4431
2510
625
733
1587
3835
1886
1774
4718
624
85
847
1514
1341
83
1589
1624
1657
771
317
38
4241
2060
2649
1266
3636
3847
1067
2161
60
2398
73
1936
906
888
5962
10316
828
241
660
4119
1723
822
1014
1509
2944
2147
5080
4080
999
5974
4842
3144
300
3972
509
189
308
2539
628
3738
508
2801
167
305
829
103
5025
1098
1832
2132
153
653
148
6250
1068
1190
1100
228
732
637
2322
2385
2357
437
1204
2578
1072
1540
1660
588
651
139
64
427
4499
3222
1119
38
708
457
2602
2591
2102
8447
953
3753
1770
508
5430
25
884
342
3635
864
2323
1680
1118
3575
1964
1455
1114
1669
7
3520
656
319
1579
1183
1549
3297
1234
3191
1549
1738
433
1660
3087
4350
278
1994
180
1113
347
1440
175
13370
744
406
7116
1769
1903
3386
3991
1920
219
326
1989
266
4608
2137
1617
3087
3362
2439
1179
1989
5144
1515
5690
159
3518
2854
247
3280
1021
1027
3009
2120
2164
8307
7753
1382
626
3421
3675
2225
2972
3125
863
1226
182
1326
410
2736
2015
1780
329
1960
841
2039
402
688
1324
121
889
3961
1668
1588
234
8
469
117
431
2572
50
6554
1873
1913
336
2452
83
1607
4498
1011
436
766
219
2423
2102
727
1170
1546
1483
3907
3818
3441
4021
3125
453
474
66
1549
1408
3428
58
78
3588
1777
2224
76
678
1549
631
1384
5924
4025
442
173
3942
312
190
961
1950
2182
2283
474
1207
1153
890
1766
249
1665
353
11400
1134
1708
426
1108
377
1870
45
1507
1702
3509
116
171
107
276
1218
3312
181
83
2223
2633
1716
1433
329
321
785
1663
7133
2227
101
3926
1165
2572
2724
6481
2376
1804
656
189
1799
5850
296
2610
2201
806
111
1505
278
2274
6312
1005
1578
425
1111
176
267
2200
114
382
2525
3119
5793
537
443
1371
2420
1481
2906
688
1969
1092
3364
1791
5370
483
1259
1051
1728
3404
4146
628
860
307
572
1279
390
171
2049
611
56
536
977
615
1359
1011
113
996
730
4473
3505
1440
2946
1567
2891
490
993
243
1978
3783
193
1602
9786
6232
598
2004
1705
2419
2177
1783
2508
310
1660
56
2709
2339
177
384
2132
844
2542
692
870
2140
3631
1778
1691
217
81
893
3788
8281
1977
1038
9002
1051
934
1337
1100
1375
1277
569
9864
1643
3455
2318
141
259
775
303
2470
526
3399
6404
233
630
3010
4153
994
2765
3192
2875
1928
4372
1997
1325
733
936
2331
753
5053
1646
1274
4218
329
839
637
715
1159
4275
2912
5388
378
1602
931
6248
3512
1542
97
809
8301
1288
3755
1762
928
123
6897
1043
2188
1418
1149
86
1333
4009
1506
12
894
1723
384
327
458
1039
129
1572
1937
76
108
643
592
608
617
10944
1717
804
2411
3361
232
1813
844
8898
3074
3917
2358
3298
1508
1515
2553
248
2408
2590
135
885
1533
112
669
2203
4144
131
902
93
261
897
19
143
4070
225
958
1398
238
1048
1091
54
1214
1061
330
2021
1202
1051
1644
1117
63
828
51
4383
1252
984
1580
540
1230
1361
38
2496
129
318
497
4032
9581
3367
410
2926
2809
2374
1212
2385
2237
1502
4437
1393
539
3186
43
1797
1991
408
5131
705
4547
177
473
1379
841
579
185
610
386
140
727
913
2359
5039
612
1296
734
552
1976
2371
2387
2646
2047
2169
57
4
1080
337
278
752
539
187
477
1216
497
181
104
1154
655
2979
4685
682
140
2028
8499
892
1115
1595
722
1023
593
221
480
1638
946
849
177
35
218
480
1672
230
1026
3806
9452
2759
1204
1294
737
315
179
473
1076
805
7642
3805
1030
1320
6
4
552
1031
1782
224
1543
66
1801
6126
2125
2437
3940
5402
2359
3296
2392
1435
4595
49
512
1138
48
77
3276
4336
3339
268
2870
190
489
440
4
2728
871
5274
968
394
1619
5745
447
5863
395
1532
104
674
2738
1491
1621
4203
5621
41
408
422
442
1452
2917
125
10645
3075
5097
3810
219
263
1605
399
810
2770
2014
2808
2110
1593
145
4671
2063
3772
393
2346
2422
110
1283
6936
1451
3537
2073
2819
532
2003
533
106
36
3327
632
2847
1046
141
5117
6813
2297
1341
877
1282
542
1513
2245
902
2678
6154
652
785
3005
172
1066
559
1461
1160
436
4594
1055
530
3095
1879
2683
13
504
771
926
6754
59
28
3147
2156
293
1108
453
1686
1831
695
1020
858
1656
1599
759
217
839
480
203
983
2196
9299
3286
3461
5985
1053
3336
7185
4058
852
970
2381
1146
3231
5127
807
1892
353
2120
5876
1182
2561
258
169
7665
95
3239
1847
2561
1228
24
5383
735
2348
369
136
1114
1249
5148
2087
134
1360
571
4258
141
387
1836
1809
529
66
768
1431
6180
6999
1645
1242
540
3564
85
332
2734
2862
1969
4133
1027
2715
2394
6141
296
1079
3557
2549
2461
1373
2562
809
858
1491
244
12045
2579
1074
29
142
1064
702
809
1645
2291
114
2866
615
1170
958
4673
1559
572
1005
2644
5577
1346
10651
1068
1291
3252
629
2631
300
123
8
1510
776
469
214
2884
2365
2260
1281
437
269
432
3693
1065
8912
1889
2232
2607
8227
750
365
1504
667
2478
4017
224
6954
4258
639
199
1117
1648
638
164
199
419
5349
2309
1936
195
212
1039
621
1078
82
372
2472
5518
197
3292
817
2118
170
815
1010
522
2179
349
6602
34
2791
377
2828
2530
820
1274
3968
963
678
3410
3439
1636
203
4449
4670
1081
2205
3395
88
667
2465
3510
4319
237
1575
348
290
3016
819
284
3778
1778
845
1917
867
316
111
117
2261
6859
322
67
873
109
147
207
236
436
4927
971
640
5372
1164
217
2555
211
870
2283
368
208
2023
2927
2696
300
1255
4789
219
1139
1213
888
1718
42
180
355
352
3800
1040
26
4091
2066
1030
1592
5015
120
2639
455
1779
1581
329
982
703
7964
3723
1851
597
2531
498
1536
2148
4582
970
2663
2194
82
289
1072
2650
27
4035
1080
1994
556
74
386
1342
3391
1585
6497
6354
503
119
3619
