real_Parameters :  plgndr 	 failrate:  3.68E-4	 Fm: 978.5612  且最后的Fart/Frt: 0.3601105216		   Time :  42.4848

407
1005
1280
200
134
590
935
732
450
2400
876
672
72
149
134
264
2422
714
207
888
245
2715
638
4562
1472
734
262
77
178
10
2781
1932
3196
45
136
1133
205
582
502
912
1695
689
1671
598
1081
147
315
82
3449
324
730
500
891
16
345
690
667
833
2314
349
4117
2166
653
424
580
1297
2033
951
1716
913
742
17
111
3529
316
57
1808
601
4588
700
755
1008
310
1146
872
99
713
776
106
216
2899
553
781
2357
2646
239
70
169
1547
130
5270
1370
1308
3062
1435
69
396
746
907
365
1196
145
612
165
684
122
1219
113
3264
1560
720
2778
141
1024
1335
559
574
336
246
80
1529
351
1066
492
687
525
4640
1551
668
1707
477
72
610
634
2582
2499
27
43
1052
43
1875
27
606
1156
777
353
621
332
213
366
167
221
99
14
624
397
29
120
2119
6032
217
159
59
304
314
829
64
2115
198
1586
84
2052
850
184
612
4366
1423
5334
851
256
255
689
640
1912
269
1408
30
789
587
97
1625
6976
215
704
51
323
4110
856
770
1734
12
631
704
27
1024
3557
2245
1057
930
53
3797
734
497
1006
1416
4794
257
2239
521
637
1407
563
246
230
218
628
1533
292
1177
532
5542
699
21
353
534
3375
225
200
499
1053
640
678
951
1105
622
2972
123
1209
58
39
6152
897
1720
5583
691
2264
206
521
4292
2955
107
9
820
141
1236
302
1372
1814
887
579
494
619
1042
52
240
1819
298
6496
89
157
112
149
803
628
274
149
1207
406
564
1202
1658
2283
92
313
1899
402
4359
975
729
296
927
1444
4446
869
244
1972
146
457
642
70
829
644
129
1050
29
338
1305
955
919
202
431
616
680
84
101
569
2289
2469
627
1119
402
880
63
680
1983
555
2163
1553
671
681
2355
813
158
577
821
335
880
1830
99
2917
449
737
242
113
285
2804
1497
249
1230
4394
2880
63
764
444
242
1179
514
109
597
527
120
95
59
1268
949
309
325
70
356
360
1106
712
855
360
685
559
4157
1631
1791
452
2340
304
913
1688
1511
877
78
2457
6898
2037
853
264
614
247
150
611
1871
894
1101
1760
41
1697
717
594
638
949
163
66
752
81
656
75
891
178
2045
1420
244
49
156
157
1471
1069
143
567
1940
1119
2166
70
796
20
101
590
60
1456
47
1359
948
722
1490
13
1470
1098
2
1016
2918
2395
2454
57
114
202
655
563
691
1582
532
4139
1066
194
893
1102
964
93
154
502
303
1032
1208
256
1107
62
952
210
648
2733
3076
666
27
2103
24
458
604
154
23
1483
660
1116
256
235
671
196
148
865
632
464
100
838
1168
58
14
20
2762
2442
133
710
529
793
1507
5959
1833
160
170
77
78
140
61
207
831
670
13
574
1724
1637
22
689
564
885
4212
72
659
4977
380
292
537
2606
1304
358
648
592
400
2321
3413
359
303
110
239
4246
95
656
45
588
744
1142
1702
1631
909
656
556
426
484
3
532
1854
15
14
924
1010
199
1090
561
1391
561
2862
276
60
4969
79
147
1471
3817
1531
814
2554
1433
767
1951
595
2962
1149
209
1277
65
811
88
556
606
151
130
735
359
6885
1357
2374
24
3105
613
3749
136
170
2241
281
754
1654
200
89
1014
864
247
1074
384
1651
72
36
467
398
149
1796
1230
737
520
602
700
1170
791
64
629
975
427
523
1166
3725
16
664
86
70
1729
3974
2882
673
65
730
16
329
1766
2644
725
320
5349
4651
573
1426
22
10
2
2342
509
615
418
99
990
619
699
177
506
503
1117
318
1361
1278
1204
213
2470
85
3813
292
69
310
51
787
24
646
285
77
665
102
2050
337
1278
1324
67
159
305
1508
900
4212
104
161
652
504
2688
582
337
740
717
1021
353
1520
935
717
294
116
731
939
181
442
118
738
314
48
1305
191
1551
107
1452
1656
517
4672
2059
193
815
97
2484
260
208
342
3
596
931
609
1941
458
1286
999
3964
338
510
331
107
124
3842
234
492
1408
769
1775
328
767
407
934
477
93
136
412
374
3633
943
2568
215
335
626
80
702
714
654
1292
146
206
3003
521
624
790
123
4344
2082
851
1192
1280
640
542
1584
140
3689
696
5342
1301
65
655
644
1326
261
789
126
169
213
2086
1315
17
737
1584
4471
488
654
1501
1037
1544
217
1462
4368
56
1396
119
2073
1473
1152
1001
73
77
1737
1911
916
1387
713
1840
1963
894
1602
4486
2015
118
77
673
330
73
1795
272
1752
333
395
589
219
900
3906
1000
3166
662
596
1440
481
3052
1278
4651
206
2
2509
600
271
171
261
1100
169
651
17
542
538
700
73
316
263
985
518
66
2792
790
299
147
85
3910
2469
812
1067
121
690
1760
1828
1891
1638
19
99
375
850
99
4350
966
560
101
10
945
606
1513
600
732
718
4775
67
314
736
143
320
75
3487
3952
510
558
304
58
207
2123
136
1901
614
4972
209
497
796
535
3182
4644
1196
51
1503
514
1069
1161
993
216
83
688
7661
746
128
503
88
126
1836
939
149
573
143
5313
104
790
932
798
20
180
1433
969
610
540
67
178
872
2216
2415
97
2
451
515
94
537
2756
748
1115
292
611
1831
9
513
550
823
756
673
1016
779
120
511
1819
777
674
3871
683
374
3575
702
153
1916
226
535
2327
1334
481
371
159
203
26
1029
473
1369
771
614
668
1022
152
1099
1120
328
3548
565
660
5003
12
188
252
57
1511
849
559
317
575
105
721
70
392
712
802
213
376
206
1449
2715
397
1057
725
220
4371
571
853
2204
16
169
428
469
688
1052
90
641
934
1912
226
146
424
15
27
866
948
577
1982
1026
706
407
592
989
4660
500
783
253
733
1785
2357
518
1635
7989
4286
300
121
634
289
74
4725
1689
967
442
5190
1755
212
45
1115
84
714
677
650
830
628
275
775
152
2170
1185
31
145
1142
120
116
1268
124
312
597
14
574
1023
4350
208
351
922
114
138
877
3123
44
1701
357
252
973
596
1539
1166
321
45
184
1381
184
15
4446
1123
500
203
356
622
431
940
141
39
559
503
1283
111
31
246
50
622
229
1933
113
1683
5506
266
1585
713
728
1315
2748
2526
602
593
2433
342
539
614
102
445
1534
221
1208
371
135
952
745
3607
241
252
369
235
345
16
898
2058
198
1261
20
207
120
27
660
160
1695
2554
4341
1023
9
789
433
100
630
3912
1152
3299
423
5561
124
6559
90
919
1610
45
1000
173
514
2110
1113
793
3737
28
639
539
898
515
147
10
2042
712
289
537
346
4438
583
187
891
61
778
645
724
562
2045
504
761
83
166
495
611
106
807
773
1666
1752
1625
1245
137
576
81
29
69
2604
34
981
794
717
3457
1240
523
32
614
205
208
774
555
10
173
943
550
95
5280
4241
610
573
70
76
193
325
545
16
663
1483
1025
943
673
2206
1862
334
223
1956
29
4
1603
907
1098
1169
82
6
2377
197
355
682
905
171
948
719
276
840
3286
853
167
2836
2057
713
2512
742
76
610
1119
707
360
435
2466
1845
672
105
1280
1620
366
835
2
852
2191
87
681
148
342
781
373
2305
549
132
315
590
5
420
363
378
1043
1171
255
1307
75
718
38
100
76
414
958
335
813
2
1239
589
541
203
156
412
1284
4051
2174
252
1436
160
1695
612
6
544
1326
269
196
1836
4386
316
522
427
3590
2364
514
1346
24
444
4225
49
715
3051
1310
4741
154
1094
848
620
3487
560
1224
644
725
103
846
282
11
161
2277
648
4496
160
510
313
156
49
704
4469
944
162
543
570
420
983
1786
1726
1014
2169
107
365
911
2081
19
1228
624
172
724
1355
718
280
256
91
286
4639
630
569
1353
1034
634
525
554
833
206
181
218
1346
181
119
174
2781
242
956
14
3671
85
968
81
105
59
750
865
662
78
336
136
935
33
556
5586
2111
26
490
3642
382
147
861
174
629
1066
74
1
621
1367
942
948
335
131
865
749
102
92
51
109
1198
20
730
1430
224
210
1958
365
3437
830
252
1209
709
984
220
110
618
367
81
1164
1880
1103
465
521
1084
461
530
1261
431
9
12
1049
666
1132
513
148
827
212
1356
2023
205
1923
107
7184
499
149
821
846
979
148
1198
988
319
1275
2182
1041
1081
491
71
577
127
877
750
787
823
2366
100
1258
884
4243
103
1379
83
943
1059
645
412
773
81
93
2025
783
547
791
129
844
4710
4719
1776
73
1461
444
531
231
59
1252
505
217
539
326
71
657
104
758
1045
829
1390
772
175
7
708
1026
94
732
1102
809
91
616
730
1231
301
570
251
2368
2158
1229
83
1469
11
889
206
2
331
298
1132
5925
3155
1886
728
647
99
601
177
2
264
3861
894
391
125
713
187
10
14
415
522
2253
877
552
1279
1671
1017
1101
1689
10
88
719
956
934
5267
1364
48
674
579
740
38
913
2145
168
1614
561
526
577
4708
1082
115
696
154
2782
1261
1642
610
879
1729
858
2118
119
69
1957
825
74
946
559
123
74
113
361
1970
2512
88
3549
1353
2564
3915
384
502
997
65
2163
529
948
66
748
65
661
115
2054
3701
105
513
617
2937
171
897
591
499
567
1186
740
37
862
146
1181
941
571
107
579
959
986
165
125
628
54
7328
1560
728
326
36
3278
1059
279
118
319
586
1790
595
98
1007
537
299
854
617
1470
597
488
2068
3129
610
42
250
488
516
984
987
1252
913
9
633
1017
2394
794
1129
583
1415
926
1055
826
822
616
2748
753
1068
1650
73
782
1585
2373
401
650
1076
561
968
1381
78
1346
1238
868
585
536
1126
911
1235
1165
407
122
1099
139
407
87
5314
969
220
1938
1030
1504
165
326
901
2899
467
2527
31
161
517
210
138
1225
936
316
183
1046
182
619
525
1122
387
1290
3616
203
585
94
1599
89
222
631
1267
594
107
2015
251
841
317
834
685
33
541
521
432
687
411
8
4
78
972
1298
2045
1448
112
616
1931
706
2176
1423
110
2249
1552
242
159
662
661
623
2
108
1895
796
1438
2203
330
113
93
783
1231
2163
502
774
2313
1387
4367
178
1346
1343
802
21
4099
770
678
1454
513
774
594
63
586
711
70
315
1198
1330
350
277
972
9
70
678
1144
665
59
5207
3113
486
186
128
1761
2
873
1124
214
647
573
575
545
190
692
794
2272
67
300
307
2880
547
1481
671
852
645
1221
2273
68
937
579
863
897
280
103
149
274
175
3065
861
710
233
844
70
410
107
1264
136
1262
788
499
1372
868
3073
659
813
160
318
1612
39
711
37
228
1144
141
107
1067
108
1908
543
108
57
297
426
632
573
205
78
520
1450
194
587
6321
1661
425
1617
2047
660
2066
1997
523
270
51
1333
715
521
1260
287
153
251
104
434
178
234
2857
896
512
869
702
991
327
1017
4307
213
50
3917
240
137
1073
4531
2167
2821
237
80
4123
774
293
3439
957
38
800
613
507
165
990
433
295
323
38
777
137
1048
149
4958
1279
1506
661
785
168
1735
155
2433
641
1041
4183
579
260
168
1393
960
704
1025
118
3610
2287
799
833
410
597
2103
580
551
720
2428
1542
60
553
10
502
959
745
264
3691
643
1675
1186
745
51
1013
464
730
1706
553
92
27
917
57
1272
32
205
1257
867
877
777
636
64
1320
886
98
708
1989
1377
337
663
229
89
1477
789
12
182
2745
32
116
791
745
1047
28
1713
2048
542
24
290
549
60
411
13
640
1805
1053
912
959
1019
2045
249
8
2914
2557
514
781
651
31
753
35
577
310
958
122
637
197
742
71
701
1450
139
12
376
922
1472
4223
1016
778
61
3570
1483
549
592
883
677
304
15
106
531
505
1456
2340
442
199
578
104
162
553
977
1635
162
115
2878
35
1374
202
593
188
703
699
6089
1092
651
531
1562
643
297
102
271
618
370
39
291
1432
616
685
122
1657
360
79
590
235
1502
1549
2096
1294
1896
62
877
709
106
1370
113
1183
518
30
87
717
777
299
886
275
70
233
51
895
993
202
2136
4209
3262
350
2216
8489
1495
161
989
877
633
1411
110
567
1271
899
213
4546
514
513
1028
935
1401
1114
377
1110
488
7
748
761
161
851
1211
4790
805
5999
108
226
5326
3663
21
661
463
637
1247
98
2621
123
1363
1137
3137
9
1030
1224
1151
795
2094
560
450
917
118
99
271
287
103
1302
583
749
606
771
1012
272
879
1334
300
92
542
1357
36
99
143
1130
263
4704
104
772
1148
720
120
904
632
248
187
2777
1287
134
661
3351
1170
33
511
574
1154
129
816
633
382
537
295
4672
366
84
195
117
633
141
1165
1048
67
195
28
4774
184
557
1385
22
2123
4655
84
170
596
522
1818
2909
899
343
876
576
1615
590
1130
14
344
137
482
514
624
34
579
113
141
520
89
626
2139
3586
736
1155
718
1635
209
504
662
1219
120
1324
70
641
4647
78
2323
410
1983
3308
1336
2217
811
87
118
9
864
277
3160
260
546
598
457
769
668
781
28
342
744
131
6137
172
998
416
643
2303
2528
3155
761
983
688
566
77
2542
739
726
12
801
680
34
583
688
1187
179
414
922
19
3326
151
778
427
785
1269
11
1368
2232
151
2158
148
517
385
786
3094
108
65
45
1156
1003
80
542
97
1837
657
1026
2056
593
87
679
464
31
2793
4237
381
563
1683
936
199
212
68
602
3057
183
842
644
44
16
322
344
643
1317
3109
1707
121
697
108
57
446
161
2495
591
1637
1511
4102
1000
2243
906
689
595
2399
2746
531
80
1937
313
468
734
83
454
990
597
3112
1329
1044
1734
2508
706
133
564
20
94
70
118
1366
83
532
106
1148
439
715
624
409
3061
256
79
79
185
1441
1171
644
188
229
9
1049
605
388
2822
1948
849
3444
660
686
527
217
7813
1696
1899
136
4269
159
70
862
719
85
190
212
661
586
636
1427
165
1162
72
76
2814
50
22
1208
995
1833
1303
2998
5
1231
556
864
548
237
179
773
267
775
215
2427
1015
355
1235
1894
593
562
180
722
757
1008
139
2859
16
162
1409
613
4342
17
678
84
273
869
517
1431
695
85
114
1803
161
11
68
814
167
648
1733
3020
1134
648
639
487
1249
81
2834
410
916
320
3947
22
345
74
71
1491
148
683
71
159
488
132
1393
1264
791
512
3184
4160
160
85
648
898
1450
1016
53
16
2724
956
610
587
596
2614
731
700
2044
103
4240
712
1112
514
712
383
934
98
584
2306
519
935
2041
613
853
726
2526
470
14
1654
3258
1069
18
1263
994
150
1690
3818
791
168
1811
711
1053
2000
221
413
517
564
696
5870
215
3997
144
5
604
1117
112
405
4401
565
1864
246
451
1872
2297
751
440
312
678
1611
1161
3459
570
616
1637
272
233
1312
4268
10
236
244
179
947
585
422
705
1102
157
194
185
32
1207
812
831
143
675
484
251
1716
1145
225
1151
1945
797
793
269
246
4855
932
1580
2186
192
1604
4093
31
2449
558
90
3110
513
445
2175
633
1900
468
1415
846
2689
2156
446
279
4119
691
3654
136
2070
25
552
775
383
559
73
2888
480
520
373
1936
399
751
2470
565
934
966
215
2484
99
4162
648
1015
143
4379
744
691
315
687
131
4343
712
52
1432
4013
1040
492
863
973
69
2745
566
558
682
1202
2595
917
747
1368
30
68
353
2
14
2323
901
65
4613
1207
353
2141
2841
284
2573
664
4493
318
1235
691
117
123
4366
1574
3026
994
232
1907
625
3428
23
936
66
578
1653
98
1196
979
2211
4555
576
66
652
555
250
653
203
1278
1677
90
1395
777
1913
1035
618
4330
250
505
100
3326
207
486
410
117
71
1761
15
2085
332
27
8
163
18
1196
23
546
4824
919
550
323
2416
284
926
5782
674
152
1667
571
117
2687
1206
623
216
271
220
17
2211
103
1135
371
625
934
419
4575
724
182
19
79
409
595
1630
652
3
246
5793
4828
228
1117
69
191
69
61
43
120
2949
1271
532
39
1252
1063
238
181
343
711
757
78
772
1136
2068
851
3050
21
272
128
1045
1046
3451
2640
25
1126
134
1036
29
140
331
1070
1342
2251
730
27
561
253
1210
62
28
1002
762
440
238
542
100
780
1273
1484
895
117
368
520
749
963
520
638
1463
304
1098
651
394
2556
566
132
235
216
80
5364
732
161
549
530
309
4308
1316
44
235
570
4904
659
178
2280
672
1617
534
124
166
53
145
2938
132
702
69
630
659
96
2313
471
553
162
487
34
32
2979
367
557
35
808
119
163
1878
764
316
2932
726
1468
1218
216
3119
160
398
1515
441
82
1824
2588
725
1019
4744
1213
782
10
129
1865
566
220
9
137
478
318
1002
802
881
284
32
355
108
944
481
123
201
5370
152
114
778
410
750
1110
1830
781
682
416
419
810
121
967
3421
5856
958
326
1399
1003
461
44
245
813
834
188
46
350
722
615
1767
631
514
26
1868
2340
1421
744
31
675
2700
2287
636
172
12
344
9
542
212
2464
3180
3011
852
1254
27
121
310
201
11
789
678
668
1054
18
765
2501
659
1095
75
618
1271
1538
15
782
270
1891
1143
1194
2187
1587
551
96
1908
256
407
414
3053
100
142
340
962
520
1203
494
1338
7600
2375
197
64
129
2563
2161
1626
608
887
1756
5192
98
1208
1249
880
557
1333
180
4326
10
308
405
3599
682
495
114
342
574
1548
223
2464
43
682
2242
211
469
879
657
21
1002
333
728
213
28
4878
103
1375
545
4282
1466
30
293
425
75
1890
912
209
683
1560
3439
732
4577
1118
27
812
576
1177
4490
130
756
1867
87
354
721
1596
258
811
197
713
483
640
347
137
1755
991
30
106
1053
695
3
235
659
4675
4548
209
1056
293
805
350
101
1241
473
3708
912
73
547
494
152
685
2249
2276
122
141
1805
581
882
18
75
1406
4857
763
65
1467
121
518
730
27
628
438
452
280
89
771
881
354
5
152
171
1474
244
1201
319
1160
103
452
235
242
226
2970
69
826
1335
529
2326
443
954
461
850
333
421
512
827
1138
129
197
911
2219
287
479
208
4372
512
111
81
416
1651
1776
2176
536
712
882
1075
802
2874
640
185
4782
41
4889
775
831
451
146
224
1059
693
335
26
845
4057
771
68
526
250
2019
69
513
1049
29
1583
1857
1352
106
1432
2403
1376
960
1456
2626
15
6203
804
203
67
894
2
1295
67
535
5214
1260
552
1117
596
1430
3740
180
87
2271
455
583
4162
93
4108
834
1590
385
661
1274
1182
952
278
105
6773
2252
4459
240
1261
2419
846
1751
691
31
803
2427
498
513
1234
26
1054
845
340
483
2928
426
553
103
1611
989
534
1334
930
141
206
1171
1055
1782
945
19
161
1902
1007
3366
530
1501
824
445
214
729
2014
608
515
187
62
974
135
960
945
189
211
614
997
776
121
1131
12
1591
21
658
3317
180
1531
470
41
88
216
1225
946
2487
816
928
6232
637
5449
683
510
1111
56
10
325
324
648
135
81
952
28
245
6017
137
846
29
2409
544
1111
1683
971
157
140
918
1834
984
554
29
772
1152
99
1265
1408
2836
622
1399
20
4446
1005
804
1058
221
74
521
940
968
686
954
83
875
2673
355
706
492
605
77
339
11
481
1453
916
444
122
1531
879
73
4174
191
730
1039
471
1612
1028
84
865
127
9
5617
2707
1459
124
457
2015
374
117
2227
116
303
131
208
48
116
841
647
773
789
932
616
245
306
372
560
12
13
1098
969
1317
207
246
381
734
1178
90
410
2063
519
1160
897
2721
440
74
4129
44
2125
1277
816
1029
774
948
459
104
215
1105
966
246
528
617
604
174
1374
4312
153
1705
143
1310
976
14
70
7847
174
879
80
366
1971
20
770
773
1402
77
849
490
3526
2033
1739
925
1685
147
185
146
514
1792
526
130
1205
205
1183
378
82
925
193
546
968
53
686
1940
609
107
899
178
40
51
177
95
2533
1017
1573
411
1605
682
88
891
581
1338
1070
824
991
460
1222
26
564
441
133
1245
201
1872
2251
284
404
2815
408
341
323
656
710
631
942
745
1058
863
11
101
440
963
649
757
2412
588
730
110
1690
1047
2775
513
3323
688
124
629
84
2281
450
159
738
1844
106
833
639
2178
907
2399
1000
5776
803
2203
2068
644
638
1422
35
1255
2384
84
39
330
31
1344
581
635
269
38
680
796
186
186
1086
3013
835
262
726
520
282
161
809
77
64
275
30
596
634
382
211
292
3868
230
1891
970
383
233
255
655
364
20
430
951
93
952
147
526
6286
673
370
824
142
68
370
1558
409
1172
1399
455
158
2002
186
313
706
2054
1148
1186
917
151
179
206
73
29
192
799
180
249
970
1188
14
775
679
1426
351
1027
126
224
869
403
618
1497
37
604
740
602
629
554
383
888
143
369
54
174
975
44
1195
613
2325
263
1229
292
1115
2382
1831
931
322
1269
553
220
83
62
1098
942
108
4382
2298
378
761
234
393
2486
782
152
589
898
573
95
3
575
557
624
115
1969
975
58
111
578
78
546
4419
4977
126
150
895
474
16
1968
1198
1322
887
885
613
295
1836
699
410
68
76
334
552
10
258
704
481
957
2170
1021
698
117
685
702
1455
823
1344
158
22
54
729
3002
19
514
722
529
514
86
103
2504
3547
3918
77
3611
73
1425
621
1044
164
516
713
1036
95
401
1288
684
1158
922
655
414
1032
524
36
3465
92
15
3952
1623
2096
527
793
742
628
3621
1270
443
997
1269
1138
1976
4905
73
38
3344
80
656
3140
1261
2202
110
1106
521
646
87
3338
570
633
713
2081
317
4972
173
3085
139
557
1760
916
1112
110
614
43
1704
1661
1138
45
156
195
826
2761
56
232
6248
222
342
1043
643
1624
1261
13
135
4129
645
1072
1021
331
1644
1059
1045
335
448
29
808
641
192
591
3002
1526
4494
75
936
2797
1192
1268
1233
383
636
678
1020
225
94
792
533
86
1874
373
6221
745
196
237
916
1121
633
1244
14
1496
907
2581
390
685
4552
106
535
1278
153
610
795
633
5678
699
898
121
1497
450
845
711
551
69
360
657
95
959
178
700
2602
300
367
130
753
1368
731
1077
854
145
92
829
601
683
327
235
694
811
1784
527
5619
850
1133
1421
68
211
973
382
3
3005
324
678
1597
26
133
514
13
1409
227
1018
230
811
563
10
2
595
22
262
542
1227
601
167
1912
1504
925
664
88
88
875
4950
952
261
206
843
2810
1250
751
1030
3391
1102
301
59
29
270
4236
2199
764
783
1248
230
206
3
423
1304
243
2289
639
4407
1617
4542
3713
301
983
141
296
530
2223
1298
3346
1011
2522
45
356
1157
117
1274
4306
1650
264
743
155
419
871
691
7644
1742
160
871
5829
666
476
3045
449
29
3344
813
2267
787
6970
2060
251
112
142
358
2690
861
83
2066
230
854
5073
71
58
67
126
65
904
671
260
241
89
131
1404
324
149
531
76
1030
6302
854
1093
445
2138
1915
22
821
1251
806
441
4303
641
517
3377
2136
1219
36
1683
198
14
252
736
433
183
139
1841
470
878
7
1558
585
4780
2605
657
779
256
526
309
1016
1278
271
112
714
1699
497
173
220
703
75
838
475
143
341
1236
625
598
89
1030
71
3360
85
172
324
106
2228
1379
278
594
27
675
1029
11
2339
20
162
840
252
215
1264
688
216
574
3432
14
2328
1011
615
9
817
2311
4734
5128
1240
95
948
681
730
174
528
2072
121
1826
240
10
80
17
90
886
873
2219
10
4668
818
121
1259
83
652
116
1460
574
212
502
1049
833
739
301
241
845
562
1346
1615
405
83
151
4879
1296
230
40
3034
39
131
552
311
931
1309
80
136
465
236
290
108
700
18
504
5307
30
954
2806
224
252
688
645
3067
860
779
860
7
9
1411
69
36
897
1905
694
514
2495
922
450
942
154
91
401
570
517
1210
143
360
760
20
1459
88
4178
716
416
417
45
33
138
310
483
1722
453
1479
826
670
96
72
90
907
1160
871
4658
1103
1060
1027
1040
659
863
69
4239
809
1406
152
144
983
952
2038
283
1576
49
195
540
781
847
598
1387
184
185
3
1154
175
3618
191
565
763
449
102
1019
533
4159
153
22
538
4740
2373
1100
907
1041
374
644
1470
183
272
560
3015
99
772
592
1407
917
767
484
1276
6
276
9
1378
1200
957
540
520
2974
143
569
88
74
225
964
43
555
912
1540
2895
111
903
264
141
1696
2310
127
630
121
373
1000
5388
2492
2052
1858
10
1478
117
564
216
4411
268
661
124
610
540
2757
522
1905
129
672
4300
1699
292
1009
138
458
589
1668
463
1454
640
853
653
4862
744
72
101
666
412
607
445
74
278
20
6136
1125
1204
38
81
1400
3881
1313
27
93
9
205
100
642
1631
129
2281
66
1071
818
438
114
1403
1064
233
2312
1225
1191
661
156
196
976
436
95
1387
255
76
172
299
434
2
49
1182
748
768
648
616
1242
185
582
1827
141
601
377
698
1549
49
3887
821
59
12
640
1249
693
1975
43
91
1105
372
15
619
140
143
1034
1175
4635
874
690
127
1342
3346
259
1051
413
3106
640
318
1044
143
287
527
181
1200
636
1766
4577
671
35
329
618
1027
992
4834
364
621
487
3662
2055
175
938
595
859
4258
990
649
654
3437
1761
126
589
146
44
576
41
396
488
604
250
358
201
100
2
1542
706
125
494
4114
9
1882
90
4338
268
1340
3
355
1364
