real_Parameters :  probks 	 failrate:  3.87E-4	 Fm: 1468.0912  且最后的Fart/Frt: 0.5681512944		   Time :  58.6138

3758
517
4055
1367
2690
1628
90
9
628
2057
1717
22
590
949
946
751
2328
1068
654
1921
1034
763
4440
2696
2267
2372
1001
2424
1246
1034
926
2186
2619
3474
1061
665
1730
1248
4091
263
1491
635
2399
752
198
19
731
3651
4069
3068
1004
346
2788
3439
2580
691
72
3595
1036
199
555
2124
1588
3489
1152
636
3380
996
909
573
730
586
593
1749
2129
306
2078
133
1450
1232
1366
312
386
934
724
1255
1057
2055
3353
3069
1833
1607
2735
2235
225
679
1316
1136
269
1530
2924
303
1083
865
1419
784
2344
300
902
2648
639
1273
1706
531
1428
3805
1527
3863
700
1404
1844
1051
1550
156
835
2615
1879
648
2897
34
1352
1161
1844
673
1063
1595
1154
1195
1028
3049
996
1093
3970
1194
2722
313
2339
2044
901
1516
1339
1505
257
188
2892
1737
734
1449
3432
849
3694
2262
903
197
1687
2568
18
1168
2617
271
695
884
3810
176
1474
1082
1532
1147
3851
2065
2655
540
3616
828
2454
714
1383
2556
1251
1659
1605
2069
2886
1216
1449
272
53
542
1906
898
502
1219
862
843
682
1294
1297
75
66
3727
1131
1619
412
830
1610
1782
65
1384
2043
539
1726
492
1511
466
555
2647
333
1240
521
209
3773
555
1484
1260
549
1878
1208
225
1690
2204
156
3740
2541
1484
1054
780
1854
1764
361
145
5249
1077
622
1781
2628
273
1774
778
1261
4415
1761
332
3240
1045
564
960
1619
24
2397
1089
749
2434
549
412
149
2523
1832
1183
1149
743
363
712
288
1355
139
1380
1072
35
711
549
529
1141
3985
753
1129
170
1861
669
1094
6963
196
1038
1257
1769
395
148
2201
608
1501
683
523
2366
836
3828
257
884
2503
267
598
1033
3235
682
1214
320
1450
1409
810
2573
719
363
649
1124
1621
147
558
189
1078
4305
3566
4961
1858
1827
2411
298
2593
366
1356
3777
571
292
1117
341
4020
149
721
1269
3252
2701
534
2409
341
559
610
1353
880
38
169
2856
2076
620
603
1872
92
164
3081
1815
291
2590
294
1846
797
2031
891
1196
1078
1524
1520
1950
5
2647
3962
2556
141
132
1384
150
763
2324
1933
78
3158
1664
668
2571
1857
1067
209
540
138
2651
3741
1645
828
1032
1161
3920
1048
1377
132
787
1824
369
1300
3824
625
545
2020
180
1568
3548
415
3080
2233
1072
644
2834
2061
736
352
335
1421
1484
4889
1550
130
839
44
336
191
734
2058
158
2257
2794
3744
3182
2583
695
3603
1334
2919
1562
129
729
1641
965
2550
348
557
3236
526
2197
3509
915
847
1606
388
5053
1500
4160
1061
3992
928
803
65
13
666
1050
2082
605
1242
5909
3349
2496
1386
133
42
2812
3154
1074
1829
4026
231
299
3765
3777
1649
212
2023
418
1234
1334
534
2656
1069
571
6599
595
2225
552
1986
663
68
2323
1093
162
4149
3112
782
2742
3110
150
1455
3041
3701
1245
1540
2693
2045
946
1312
1853
282
440
626
1049
3437
1086
775
58
37
632
2851
314
587
3589
1630
887
1700
1440
403
1319
2678
1026
1356
2723
1500
456
403
2393
1749
2789
638
1107
250
1231
1672
3505
2517
2517
1138
3218
313
2631
864
1036
1184
3082
1653
1082
148
2432
565
629
300
914
1909
4983
41
1313
2241
1815
557
1090
612
2165
3843
3256
568
1149
273
2504
3290
1276
160
3061
1579
1513
135
695
1143
949
135
3863
713
1135
1209
159
1465
1440
661
2133
724
445
358
485
163
2269
3083
840
580
2941
998
2412
3268
3929
1603
1778
1139
1225
352
1486
157
1853
3123
3426
3447
4875
4452
2145
7281
1708
1434
2001
844
1033
5020
1822
2763
1208
432
1568
1162
1056
616
892
2793
1700
37
794
4831
1483
391
2908
3364
1764
1137
1283
1878
130
95
1661
1292
1784
3904
267
39
17
1283
695
806
1369
1576
98
977
976
195
1409
904
1600
1852
167
3067
103
3390
423
298
1024
2496
900
2414
2342
3067
827
1994
2174
2175
391
1730
3212
2406
1392
2517
756
140
1694
3687
1080
570
1071
182
2270
4968
784
2415
424
1197
2186
896
589
772
430
1312
160
2869
188
1764
47
3
1201
1133
330
2374
2060
1379
832
724
5586
958
1872
33
3638
1140
362
2458
1482
1316
1070
938
505
1749
2258
689
5449
671
1338
2464
606
5750
1934
631
44
1492
728
3244
171
223
2079
327
715
21
2731
72
731
215
2119
854
675
132
1747
39
2606
1145
107
3735
1615
276
629
3123
710
2986
570
994
2726
1258
3
319
3426
402
1953
45
845
730
367
1424
1937
2671
521
152
877
2296
182
336
2501
1333
787
158
1203
2446
711
1591
2084
1665
1340
824
1626
530
351
36
1965
2311
3093
1329
642
7076
312
167
338
4062
1147
1875
1249
1755
524
1130
592
2146
382
1173
396
1342
1276
3
583
3
703
2644
1858
1128
1605
391
1062
1469
2282
5
805
586
268
296
1569
1893
147
430
1357
1270
2983
516
1036
536
2105
1187
1312
822
1790
1308
545
146
2533
320
599
1253
293
202
1864
1415
1860
1571
887
161
258
1593
472
1451
2599
2172
2027
1793
641
1994
770
2449
84
1453
3989
514
2126
278
1285
2243
650
2481
1356
1336
328
1320
71
1177
1218
1208
1002
78
1545
291
1842
1507
149
990
383
1769
1436
67
163
2608
818
154
1504
1211
1211
3432
90
2728
260
3
1359
766
741
2840
2168
1791
1469
1135
3377
2698
267
1318
3634
743
1612
89
1557
856
1355
3157
1505
3226
2018
3902
2127
1267
2609
1582
3723
3
625
276
275
2501
75
2755
286
151
185
3
2750
447
1554
1391
1207
1805
1488
1359
268
1426
303
1376
269
1447
3055
3747
1073
623
1885
1867
2439
1535
1521
1773
1245
790
2433
1107
1197
1176
399
862
300
86
1696
2731
347
180
2565
791
1425
79
1321
773
973
1384
638
504
2294
37
124
2639
919
1202
1750
1224
1318
264
700
2365
1534
357
1386
1735
1968
40
1160
1422
1820
2244
619
2372
3531
2684
2023
2925
276
88
1555
2674
307
1973
374
1918
1509
387
567
3189
1288
827
2872
3587
1208
66
551
2242
494
3016
5255
1043
1908
2704
1443
231
2060
1378
2458
668
1414
3206
496
341
624
1501
2466
1750
3656
3657
971
295
2747
3585
1284
133
1699
1502
1206
6
186
1800
3111
168
912
2320
635
618
1422
2575
38
524
477
3696
1250
153
290
388
1295
4559
2273
2405
1180
3323
1245
991
606
280
1261
3205
2557
2078
1115
204
1414
447
45
2228
601
285
132
512
497
4410
2203
1984
4223
3145
1806
368
524
1105
274
149
1211
1298
3429
38
628
2586
2433
1829
3053
1104
3066
285
1973
1029
2925
693
316
2346
851
538
1686
2882
1465
3472
2949
609
393
1544
286
389
263
674
1992
2960
268
2920
19
98
1852
1870
593
524
1644
1093
3110
283
2781
3149
272
551
1476
1237
2126
1866
3254
632
1649
963
65
2624
432
44
977
1980
88
3735
2135
981
2786
2074
1282
1316
1088
84
646
1542
1504
533
3896
1898
685
1795
1002
287
172
4739
1501
65
1362
1300
587
1275
101
2706
3
2804
1596
2344
1257
1872
1139
1141
174
1223
3677
360
1853
1012
659
1723
277
68
3993
1285
1131
288
1235
2451
700
2713
293
2204
1473
1055
161
3787
1548
3252
467
3905
159
2474
1125
955
593
177
3205
291
2955
298
1092
1590
544
1597
3239
1610
545
1382
135
1704
674
748
1268
294
430
2159
1790
547
214
1815
2924
1789
1701
1212
165
2359
1404
3745
376
1293
7191
3169
1228
645
1407
2397
2141
2373
1719
1143
819
1735
725
1823
1622
547
348
805
1119
702
94
824
271
329
707
1122
617
2253
3008
1313
3
3420
531
2225
1188
570
1635
2509
1338
1150
1239
4959
780
539
628
2165
1804
1676
673
316
3303
1545
328
609
315
1110
358
622
242
5035
73
2364
191
1065
2054
1305
791
3037
666
1618
1318
279
2971
3954
1053
155
2085
561
1832
2687
166
1776
822
706
2814
3970
2093
1733
42
997
1167
1391
1372
302
4062
1882
1392
354
2906
1056
3912
2489
2732
2515
6482
1372
2000
1686
1322
822
2764
4444
1185
1326
1341
2439
3607
2736
1681
2532
151
681
205
25
997
137
5278
1014
3638
3398
3621
2303
118
557
1453
834
1719
1101
1321
137
229
359
687
694
4509
3116
1711
522
1158
1273
150
125
409
3606
378
2502
92
1258
516
1233
1400
576
321
813
2102
26
3013
1375
4013
773
343
1511
1421
2499
262
781
833
139
2942
3926
198
1843
1406
47
2976
2047
1355
74
136
1595
1029
1388
541
140
3743
1285
4017
423
1099
1103
2466
972
1855
2418
1660
2052
1262
1758
374
137
3867
753
1848
13
1683
2489
600
797
632
571
358
3671
643
272
468
692
1884
3534
5
1044
1339
160
1187
2613
1461
774
2165
703
1400
1612
547
2294
3813
1816
1175
2783
556
945
1704
135
904
268
1125
1408
196
743
2858
542
1610
1213
468
1726
4057
66
615
224
194
1701
279
1420
1811
3176
4908
1229
1058
132
1497
285
957
168
1488
293
740
832
311
401
1296
1376
180
679
546
514
158
962
844
101
675
636
324
330
1587
594
1273
2035
2006
2865
386
1543
232
3631
1910
1518
1810
1338
2321
164
864
743
1211
1067
1041
693
1219
958
1356
1195
550
1275
131
2468
151
2069
269
3345
1201
800
791
1582
1713
295
532
731
2120
999
258
2109
519
7363
1107
542
1258
802
529
2170
1941
2647
95
1051
418
2593
2469
2886
1096
1936
158
3268
639
2299
5016
1417
2811
190
240
551
1187
2424
1815
1582
382
44
144
2058
562
378
1081
2476
432
245
47
2644
2256
1506
338
1214
1524
165
1403
1444
293
1930
25
578
1101
718
288
482
2181
1225
664
285
586
1892
2821
4489
1868
3712
2014
1513
176
1689
700
390
2118
1910
201
1999
389
1169
1780
310
83
2410
73
1486
567
352
3121
2140
3344
2954
144
648
48
853
1785
88
1951
4035
3386
1808
67
1482
2120
626
2139
669
414
5217
494
151
3384
1805
3885
1283
1192
2027
1462
1115
3378
2801
1328
239
3951
3077
2591
3671
3940
2821
165
306
2051
597
772
67
1296
1964
2201
3217
577
771
875
734
554
489
1488
3532
1309
1190
82
3067
44
926
2708
905
2586
3187
1355
638
2349
2758
1235
1585
382
2402
1152
3158
2322
130
2053
3129
1889
719
1386
1581
2969
1192
1225
1754
1484
1865
278
320
310
603
2429
614
918
4083
69
2579
772
2078
1419
1156
2953
314
139
283
73
1705
1351
96
2594
806
81
1413
1440
319
1245
2024
2311
4005
443
941
3098
1198
307
582
83
74
2382
561
134
3261
74
1351
450
1546
911
1029
702
1090
1423
2427
1362
2440
1330
2803
721
1151
2157
2026
613
106
3159
767
2264
1153
279
1591
380
102
286
3505
1369
3260
1550
103
186
113
580
2099
506
35
3245
1010
1059
583
722
225
1531
358
1527
151
1210
851
464
1189
2745
1777
3728
300
1976
4026
3165
1030
883
71
575
685
697
762
1221
2994
188
1232
77
618
2179
1076
701
2785
1482
4006
3435
264
2573
1839
1242
2121
1371
1055
58
361
1152
1127
53
1585
1203
338
607
2093
2598
1162
2159
303
1431
2495
3125
7
1239
714
1205
2721
3479
1101
2575
1793
163
35
1477
2024
1283
2091
816
86
1546
682
2112
2410
1114
2340
2296
321
3325
844
2229
3035
2594
1537
1468
1134
48
714
3155
515
2781
1405
293
37
518
264
686
775
151
327
1003
1897
2002
106
1031
2219
1704
1368
1372
1572
1099
1222
2831
3376
984
2820
1734
1975
1303
2173
304
1083
558
3458
1055
1532
2303
1371
247
962
2406
1033
2708
149
727
2967
1168
1137
453
1332
323
403
695
1248
162
507
358
164
1460
577
1032
1063
3593
161
1075
3746
1588
515
2785
4471
1407
1152
2245
1238
82
788
212
1889
21
266
167
1510
535
613
1594
947
2302
3812
2257
396
1013
180
366
1275
2134
500
1437
220
875
622
1282
66
1489
962
3645
5293
205
71
1626
1963
605
2262
19
3073
1158
693
1672
1211
1562
723
3463
2085
3394
25
609
2652
3603
1649
1728
3001
2046
344
258
3754
949
379
386
1253
2307
538
307
1833
2361
1334
1214
1313
2071
1445
1376
959
1393
702
527
1034
164
2859
1437
1506
2300
131
1393
594
1320
1125
1094
3962
677
972
314
9
393
277
1614
4120
3458
1409
322
695
829
1044
1275
139
2624
435
7153
1367
910
2793
274
1199
1048
1203
1065
136
448
2448
133
755
3484
191
224
3716
932
402
553
768
2002
1622
290
1869
1615
1387
1472
91
1686
3
1189
1650
1500
17
4564
1821
2732
52
426
260
1223
363
633
1802
3397
309
1522
3309
1806
1674
2191
1680
2208
33
263
2081
588
115
1508
1356
881
1513
2490
1112
2178
297
1517
2921
279
1099
1919
172
1638
2728
2401
1498
2422
7382
4837
1275
3324
629
938
1634
3488
791
80
1405
298
1126
312
1366
1691
1069
1299
3210
2911
402
1918
155
2660
1590
1074
1968
742
919
148
1541
778
627
593
2922
2680
544
2749
145
2003
1470
1581
437
524
750
1282
1179
1534
627
1042
1293
658
1315
991
52
36
2666
2175
2890
556
1916
322
1261
1040
1528
904
1999
1047
607
3670
682
28
491
1886
1498
1257
1195
1345
315
3125
2594
1171
2492
1328
1603
1963
3413
1759
102
3677
1375
753
9
580
1553
3790
1401
2842
2648
613
4468
65
520
522
196
1740
717
440
3282
19
3770
4982
338
2082
3162
3613
3001
1289
1874
3388
1197
322
2215
1281
1552
4971
1223
1214
268
761
1662
368
1166
651
1061
1019
147
1677
527
552
1510
1332
1999
29
3415
1777
1747
2139
2830
2790
2797
719
1515
386
1271
1466
570
397
811
273
782
1395
2826
169
42
714
1799
1392
2110
57
307
776
1607
1077
2061
1316
845
613
428
103
6009
205
1264
2410
518
177
526
1191
860
2737
1074
750
1144
1569
192
1357
212
555
1599
171
681
1059
3583
2074
598
133
1264
576
710
1152
1596
2965
3281
1323
77
395
1704
1165
1058
832
1665
3726
334
1344
3
1490
1910
1411
2069
4399
731
2367
196
1751
747
1416
450
3956
2819
3631
288
1315
187
1883
1907
1268
605
2077
3919
55
293
1953
378
88
3027
1743
1144
527
1339
1831
1339
2700
2545
1101
2557
74
4016
2287
3586
3341
1770
5808
976
682
1105
2200
2267
1430
738
19
303
595
1074
1283
807
1207
1082
140
1075
283
604
3451
285
1932
341
1994
1954
71
563
2480
261
295
594
605
1306
1596
1207
893
303
1529
3692
486
891
1616
3740
552
1168
529
2328
1364
1447
1236
1383
3233
340
301
1222
1170
1394
640
389
2611
2063
1363
553
3651
1258
3733
1690
569
2337
1778
2316
79
1143
452
2969
51
2922
1212
833
3062
117
1549
3029
170
285
2641
326
2070
1274
3181
3741
403
566
145
738
412
519
6679
399
1327
1141
3413
1081
906
71
1307
523
901
1947
644
765
2217
1979
2103
353
603
1201
1837
66
2998
1494
3125
1579
2689
6363
767
685
3474
3247
2430
1342
2887
2008
317
1071
1005
1097
1751
290
685
776
3368
1728
429
1608
1668
92
3107
1038
1247
2864
2359
3171
2202
609
911
2213
729
1285
73
1947
1400
2455
288
712
752
1684
1076
1674
1497
3014
1614
3881
943
135
1055
1134
856
572
5029
1727
166
153
805
1106
2153
1730
3411
3824
3581
1478
183
2510
1182
148
1644
3569
1317
3381
168
794
2469
335
1270
2505
1617
194
274
383
1608
2297
1470
12
940
777
746
65
1541
1776
2533
1265
2282
1647
2327
1386
2085
354
135
3815
840
1764
266
656
1376
2124
1760
2781
1085
165
845
3304
1914
3249
279
3024
2856
2977
1170
3606
1412
1143
541
1197
1550
1954
1896
1618
2464
380
196
3895
1048
2456
289
1427
3
1680
790
3390
2062
307
547
1666
1262
3276
1157
264
46
858
397
141
2343
645
3993
1801
145
400
3944
5588
97
769
3378
820
4085
157
118
1174
1164
2779
560
1598
108
1413
1472
180
3335
887
1117
1461
2525
3852
1170
55
1215
3214
4657
1873
628
493
2456
3482
3977
712
3377
819
110
1655
1373
1597
1971
561
2821
417
1580
656
1560
1244
394
932
2804
1032
386
1926
138
1054
211
829
306
3578
376
3202
1166
2239
1584
4514
4718
3912
1058
420
7023
722
1764
2063
1297
698
1464
3827
414
595
2917
291
195
2477
210
168
56
2529
269
2152
17
1279
1079
2179
569
264
2536
3774
1016
3865
597
1179
373
1336
463
1225
2281
643
86
3214
2581
110
734
459
3538
2740
1055
1953
472
1738
1062
1280
6278
1495
569
1326
2004
162
2496
855
457
590
2474
1940
305
1381
803
2340
2881
3931
309
2192
2418
318
1078
1238
865
5
966
193
84
1393
3434
2967
2828
2364
560
1891
3415
2394
1275
666
1495
1809
1294
3644
726
828
675
210
2005
179
147
1974
629
345
3239
2608
1272
2785
208
1581
83
2160
1081
3267
593
1087
6409
3760
675
979
3542
945
2982
161
355
1153
1120
687
1436
4404
1674
1974
1557
1064
1352
3368
3275
968
2264
2066
1575
1291
2334
445
215
1926
849
1599
1339
515
1207
2960
2349
339
2513
3595
1608
1924
5360
545
2184
3528
1418
1383
722
558
2500
1103
1200
121
1347
301
2069
3371
3134
791
1257
1952
1175
1109
2931
1699
1163
1068
1702
291
1075
235
156
1217
1893
1603
235
80
1725
1728
552
736
2724
896
909
774
4065
273
989
1184
36
546
336
434
106
744
3218
1178
1982
1343
6978
550
2337
1192
704
1590
570
275
1897
2614
1910
2915
1036
1091
1793
2582
2526
638
1244
1200
193
601
378
1700
3259
1599
375
584
882
1489
1346
3153
2532
3308
2200
1249
680
1791
1491
165
263
2025
400
2806
1394
793
627
1371
2946
2421
1531
757
1148
3569
1132
3427
2769
877
42
91
3493
562
368
4540
3981
1467
2254
5528
1960
346
24
587
1365
3113
2821
1745
2231
542
1402
3321
1112
146
763
2198
1261
1170
1113
367
2009
3224
130
1153
2338
643
473
3730
550
18
1860
262
658
3100
2913
620
800
1781
736
2286
1360
606
699
1360
1259
2331
1281
384
1273
1058
1657
3632
2167
3722
1415
2552
666
1585
551
162
586
1712
523
2908
548
216
1427
720
1503
145
584
1913
133
834
1119
2989
1106
2628
745
1048
2906
278
1853
532
360
3490
1374
88
1895
1950
3478
2012
2411
386
1938
2644
1899
637
2331
469
2522
1280
2450
640
65
389
342
5447
1105
1694
65
1811
981
1741
1858
1204
3227
2619
436
1247
530
1136
1456
1231
572
149
1844
2107
2534
1198
201
3897
6686
1458
1940
1917
3874
2032
1620
184
36
608
2593
1072
728
81
273
1476
1549
776
401
320
103
1431
1766
1288
871
1334
1049
2168
1294
956
586
1277
1845
3806
671
577
835
3490
1530
166
4787
620
1356
817
955
3800
1254
2282
505
153
1427
599
1045
3994
1373
1563
1750
281
790
1343
562
1350
163
1820
311
1320
1114
2225
935
367
39
755
622
1000
342
598
1593
2418
2299
3737
1283
3
164
6934
1240
108
401
553
1302
941
1450
2849
2788
733
1445
1207
907
565
683
92
2182
597
1855
1774
608
1551
832
3186
541
1487
1141
407
1051
4655
2573
2921
1964
1751
47
1185
166
2299
1597
862
1141
2280
2070
1372
2999
34
1846
2395
2165
150
3086
702
440
3119
1369
1445
6
1305
688
1547
1772
1193
3564
579
2275
1541
1028
638
2645
601
1906
648
761
1409
715
2728
318
174
1582
717
749
175
588
34
2467
2177
2212
405
1678
2540
1637
637
576
75
1267
1896
86
1117
819
261
3451
534
1182
440
1735
1877
1922
1426
1738
2617
1026
1688
1058
2637
3200
2027
348
37
3141
1690
557
560
461
2716
1478
1370
674
1291
406
343
2910
819
1049
524
2521
2932
263
1108
6
675
1937
1980
1113
643
3
4616
568
1346
150
1789
1488
1183
1513
2066
1294
815
824
432
2040
1611
223
1932
1388
2722
773
260
3914
3244
1579
275
1485
2108
163
3805
1541
378
2194
177
278
1649
2558
1046
1963
1265
4346
1676
656
1621
3801
1690
2790
1801
2171
2731
1935
108
631
2081
1095
284
797
266
1941
383
582
859
1406
2065
1927
181
1365
1159
150
2057
1553
710
3741
1378
2055
1315
1087
1524
490
1134
2434
312
1030
998
2319
710
1461
438
424
2608
2420
338
3298
317
3879
951
1434
728
1601
1354
1515
261
1084
228
2830
2163
353
3097
2813
3099
2928
1753
323
2613
2759
133
549
1750
172
77
579
1705
2186
2839
2183
544
3222
369
2568
1436
1311
2440
1634
1763
2939
749
773
775
2032
1324
683
1717
56
148
1441
92
934
39
1315
2376
2765
1010
1061
3995
421
1170
1344
20
1469
3106
2320
610
1635
1934
1907
2731
704
1327
354
732
1323
309
1137
531
2014
609
1823
1277
2147
3645
1857
3291
367
1871
1534
171
969
7531
2463
1069
1549
2476
842
824
261
2185
584
1412
626
850
88
1477
3197
72
1571
2396
580
315
1785
2491
851
644
761
860
1538
639
571
526
1203
2802
1943
2624
934
1713
1519
1149
445
920
1242
734
1337
288
1921
1815
1252
469
1509
261
1337
508
1215
726
3590
341
187
48
1248
567
2763
274
777
159
1957
151
181
905
350
522
1168
3179
2530
2369
650
2036
53
152
3
1493
228
3521
1228
1111
1922
815
1947
3232
1252
1562
1505
2352
1818
608
2591
2483
598
1313
3045
20
3439
322
80
76
1143
294
1588
2990
1747
68
1132
1837
615
2862
2244
2697
5380
1550
1817
712
545
3318
1996
2840
1148
74
1734
2483
2058
1257
300
3821
3091
596
716
1715
1970
326
2101
229
295
733
2530
3669
1439
2067
1162
672
3408
2612
1313
1521
946
339
2099
872
1447
2010
1707
2805
156
2329
557
662
2101
3277
2796
392
729
178
2664
314
522
138
554
560
1770
56
1073
1954
264
1478
792
1569
2882
3312
1391
748
2794
513
1898
3295
531
2013
1104
1362
1367
649
1104
3346
4692
94
516
362
1430
398
1895
1393
1554
6379
324
1244
4039
1051
2601
381
2124
480
310
1987
3179
3237
3436
2526
2031
370
355
1975
263
1612
521
3521
2105
754
4065
197
3664
3675
1563
166
333
4669
39
2977
166
119
35
590
436
523
2688
5207
909
1548
1599
2658
1710
392
2314
516
1083
83
2657
551
5
2507
1738
2740
615
1867
1452
1162
2948
2299
631
1139
162
691
554
914
1564
3109
132
1108
1314
73
287
2482
3885
630
323
2122
35
66
3381
283
1131
568
3257
1066
1423
2755
721
231
1748
1427
311
1900
460
3375
2331
2299
1971
2975
517
1331
308
3310
2753
1909
1525
3164
1965
618
167
1139
2552
1314
146
641
1287
722
1676
2447
260
1860
2971
1255
2903
1267
1110
4095
36
166
3508
670
821
175
86
167
3557
1726
1768
3257
679
5311
3058
160
534
1802
1937
52
684
622
164
3698
1840
809
101
4003
311
2505
10
549
192
773
1468
77
1359
3543
1200
4538
2507
143
831
647
1141
1661
2486
285
444
2339
2278
3198
527
1262
1899
1558
1205
1246
973
534
3306
2779
2735
3529
199
1407
257
3950
4551
317
1757
1949
1522
557
2444
2562
308
730
549
3678
1253
2992
1870
532
2678
1566
699
297
668
1029
1214
3452
219
1817
1340
1409
2333
2187
1272
1051
5
3203
622
3071
1300
1567
1867
584
521
1124
1618
3830
596
1507
2637
2113
137
136
2019
1397
43
367
188
569
1716
763
5125
1691
2224
1401
2017
1069
1469
1322
2022
1553
1122
418
516
830
1157
81
1201
2555
1894
3715
1241
106
1080
313
1959
462
1320
148
848
1018
266
78
1071
2172
3435
1372
877
866
2665
1798
685
2614
1755
20
1955
344
551
1342
675
331
1033
705
1713
2281
2653
1302
1925
2585
2028
1344
1247
737
2429
1328
2843
1944
1085
2257
143
92
1081
1082
1408
2044
897
1601
2410
263
267
1740
258
533
1337
1434
1748
3220
1007
87
2345
185
824
2338
1144
245
2872
675
2853
3746
2304
2147
1981
998
3303
722
1133
669
855
1559
2247
1382
2343
22
1717
611
1264
1518
3401
1809
877
1607
1813
360
564
1199
303
107
1257
3619
1398
2660
2851
346
1196
102
1109
217
147
84
3566
112
1189
1070
1089
1081
288
1543
39
1839
755
1716
127
1715
1791
2470
801
1522
1449
2919
1394
683
630
3286
2599
1265
141
3791
3247
3972
3069
40
1120
556
1570
42
2403
1
3997
3099
1033
1692
1046
2115
2152
1605
765
2497
540
1605
780
672
743
1739
2526
1820
2736
1731
2294
1835
518
1352
1519
1478
307
1799
1791
1577
3500
1044
130
2551
2215
1623
718
5863
2461
3479
86
937
736
2976
604
2505
684
2609
2908
1656
284
1788
1375
700
2548
22
789
1105
223
182
3754
81
166
1346
1279
70
1184
96
1128
364
4550
1971
3368
297
972
387
1018
2738
585
6263
632
261
671
1480
454
673
342
1104
24
2919
1942
907
617
1669
1567
409
1188
1803
1639
3484
252
382
157
306
201
2090
607
5592
296
1301
3527
2003
1233
2077
2464
573
592
369
205
789
3282
3468
1510
3
1515
848
1340
1276
1425
1059
406
129
1621
576
793
1025
1841
573
1795
2655
1324
1473
1872
727
2257
1672
3214
2496
616
1691
127
3883
135
363
1641
992
1782
377
2016
2975
605
1311
2634
902
1620
1754
3529
1293
1828
2002
1039
725
2197
737
99
1962
526
1780
659
590
2780
280
3464
3016
844
3615
2852
1228
568
660
1432
1623
1248
319
2090
233
1997
3082
915
1736
150
1346
3158
6296
2319
538
1161
150
1145
790
544
1986
1504
1596
596
761
2419
1350
1753
4069
1421
1422
351
3156
770
1095
1489
599
592
197
4534
961
2830
3096
712
1097
921
575
744
2605
538
3841
1766
952
1537
69
3033
1561
2581
3178
2236
1869
1515
1082
1740
1342
843
2289
3458
1188
267
1057
1464
1888
2731
1461
1360
3754
596
1287
396
2564
1718
321
1244
2794
609
728
1613
598
1172
3909
861
590
109
514
1164
3734
1042
297
1609
94
367
3030
1811
838
3172
571
1466
1200
2189
1029
1196
2756
1283
1755
2668
2851
3683
1597
1916
3492
3
26
975
2490
1283
330
3748
752
776
1970
1836
576
1775
546
1485
2596
698
2809
660
1800
263
2619
2511
1961
853
167
66
1606
1229
1140
2605
2873
2285
1923
2230
634
518
3282
3829
555
1487
758
1117
380
342
1822
1392
1361
1333
696
1496
1376
2640
1443
1773
398
364
1483
1310
1337
3
1312
3149
561
1889
2039
76
882
2667
890
1189
3090
776
1722
78
3002
730
3050
3087
645
3959
116
859
665
1853
1053
740
2212
3073
1419
1415
1754
1641
2420
4289
1254
354
1098
44
1344
710
7341
1053
984
918
1460
693
1916
1722
2824
1807
131
2852
460
1668
3812
161
1092
554
627
2477
3380
271
1720
645
703
1414
2362
2389
1255
3718
2888
153
668
2348
289
2207
772
762
3348
3477
410
782
1989
3232
3406
2456
2570
3278
864
1359
7003
3295
1400
135
5079
180
37
1768
1611
3312
368
1389
944
1720
521
1742
1199
1848
2674
1908
1807
2952
2055
376
1419
1723
11
2501
1614
131
258
564
1165
538
640
274
1756
3913
538
2522
1571
2459
4000
2365
1445
130
1809
1547
611
1965
565
882
3704
1870
1956
1162
1055
3757
587
1982
2969
1792
700
1091
1144
883
99
3284
1452
137
1468
320
117
3285
