real_Parameters :  airy 	 failrate:  1	 Fm:  809.2358	 且最后的Fart/Frt:  0.5794128328		   Time :  9.4458

348
779
656
829
812
179
462
977
1004
997
85
292
772
554
1181
465
526
362
384
1040
4
389
237
520
745
100
442
373
72
174
256
1333
108
270
1082
540
797
1046
1526
693
596
410
752
1705
1625
372
1143
1405
394
2136
2050
44
1173
1554
248
76
1266
52
780
593
1045
661
1514
434
845
1427
1650
151
443
1238
399
610
1301
461
842
1483
517
656
386
1109
912
1302
256
1707
514
143
58
394
1931
242
402
50
601
194
1288
173
532
734
694
1414
188
83
1748
7
1146
437
934
337
689
1326
2119
1664
402
2032
388
1491
514
816
624
362
2081
254
527
663
367
896
1433
328
197
44
972
2122
1347
2229
920
1395
1195
1167
1074
609
951
1408
83
708
55
900
113
1262
276
545
445
430
792
653
685
1850
1410
371
733
302
16
745
940
722
690
870
65
502
15
1444
904
908
1033
951
24
251
489
1239
1038
406
140
1576
161
239
1026
520
429
1460
1317
1253
853
1187
840
218
339
699
811
1039
1001
495
1250
268
136
192
915
184
1469
44
825
277
1447
1052
733
2378
538
1501
965
529
1866
333
1690
319
367
712
466
371
117
21
529
243
490
3
1389
800
32
657
450
322
883
622
1853
615
1378
710
412
219
1413
1178
1332
1245
639
830
153
1121
1352
840
746
787
699
492
742
1880
302
737
1278
899
1068
1805
625
402
549
58
1255
811
652
58
212
971
1508
415
337
1238
1055
942
736
117
850
351
804
810
2555
453
1525
142
1476
331
948
987
281
1655
211
789
157
790
620
989
293
1715
2021
191
1031
1770
827
115
319
151
2128
199
2018
1014
109
396
877
1425
769
510
2164
955
1239
285
644
398
714
449
402
395
334
948
104
312
846
636
716
605
422
999
2615
471
863
674
448
792
242
169
1646
464
1709
1568
686
2048
1282
839
679
1198
10
1042
1268
866
1308
274
174
305
888
1077
1728
1246
1804
1768
825
1017
705
1120
464
1436
1572
498
79
676
1846
2405
1010
804
509
75
762
1099
167
1292
822
432
374
209
611
131
425
637
516
96
754
1283
1055
1543
1278
289
897
1381
580
1524
580
671
1621
764
1812
1324
822
185
443
332
605
979
625
1325
839
178
454
1715
409
565
636
929
825
2
679
1312
86
371
538
1563
356
1142
1757
113
1251
989
1590
1067
2308
204
984
1404
934
173
36
538
925
1421
359
739
1544
279
543
152
1174
777
1165
263
1034
11
859
1696
1052
1750
360
1432
8
477
810
1646
895
1323
912
592
1367
69
328
2089
1010
542
932
315
638
1263
430
892
1378
669
396
721
776
1074
558
1347
1229
1749
1323
1199
586
1368
242
1353
990
957
562
747
97
125
302
694
1835
829
1073
575
619
724
732
1031
1019
355
817
566
151
2599
1380
505
600
1051
771
163
1034
1109
1072
1312
751
89
170
92
1085
1164
319
415
95
851
871
1225
687
421
509
590
811
596
1264
1743
51
289
1224
1218
2074
614
140
88
277
1611
940
1860
2048
1129
321
1798
503
516
377
279
542
125
186
946
676
1045
290
1368
595
900
664
765
396
1314
261
584
615
239
1512
740
1413
418
648
1149
2039
660
13
359
605
1937
1582
480
299
391
933
1259
2762
2049
746
289
979
1284
593
998
722
406
774
77
967
593
362
301
473
115
144
1284
731
491
1260
934
2124
122
382
83
1882
47
1189
1682
1120
731
1385
1119
406
140
575
1588
1945
505
503
370
187
528
497
452
564
1564
631
594
199
714
567
1583
1559
46
308
437
320
1733
138
1027
904
274
2110
689
1410
633
409
904
205
69
244
1410
1834
1852
60
608
22
730
197
566
254
303
1103
776
35
321
569
639
1252
364
784
1884
638
300
1588
652
542
43
809
259
619
1067
875
1305
806
179
179
987
764
635
948
846
1419
286
550
85
95
422
1489
650
717
1773
876
1440
425
1714
27
496
513
839
208
461
1240
827
1799
944
1735
1217
1202
494
1110
840
343
1860
462
421
223
689
724
762
363
1264
772
749
2069
1823
1179
402
925
1525
1280
385
48
719
409
1360
1842
1120
95
628
139
1514
301
1224
799
606
472
515
1020
729
797
1145
991
3
1861
1283
934
759
835
1360
1475
983
430
1468
2670
545
45
912
160
117
1120
851
727
1381
2622
859
933
347
606
567
1125
1399
731
1637
2
280
884
14
330
342
988
143
508
775
831
450
696
844
134
1570
1756
153
1534
326
763
451
1355
190
768
607
1242
613
1181
1768
1131
1362
1094
809
511
454
1488
1830
620
389
57
1215
740
411
864
730
1007
298
312
459
2276
624
445
253
497
1000
1204
1770
252
477
1096
431
592
632
1116
1630
212
882
907
873
1504
1322
130
1261
820
1308
542
950
1664
1570
50
841
1614
1601
917
1005
1771
927
885
1370
861
111
863
987
562
712
239
167
660
165
921
789
710
807
131
1050
321
131
189
982
8
1019
815
208
305
453
50
784
1411
493
94
867
618
1611
141
275
2337
654
1018
1286
487
669
274
516
176
385
138
584
1699
101
1336
816
770
607
153
960
1037
491
1036
1833
2293
98
1334
419
732
417
1735
76
69
148
1858
962
1435
1005
1018
361
1240
1037
1108
740
1141
153
1639
773
68
609
410
936
688
714
42
611
53
774
1131
957
971
1158
1312
1226
705
188
1271
895
573
1147
1264
1446
775
617
550
1267
752
1142
1169
224
534
507
583
564
137
1689
1645
831
779
586
297
196
1059
1782
538
987
334
857
1855
28
111
337
664
938
899
480
551
1174
1249
408
1396
658
896
541
661
2043
967
452
1751
452
2867
371
276
252
1140
1389
1173
1207
469
475
777
631
385
1233
1095
125
777
1518
777
872
1587
456
328
480
1246
643
762
49
613
958
892
843
2195
1071
52
1998
1403
730
652
921
485
1188
277
1531
551
1018
203
409
382
520
630
1337
107
1159
1363
373
1052
1872
324
1692
905
1113
1019
886
350
1541
291
1239
661
651
669
1173
1006
1171
1002
563
1071
235
761
1184
705
555
137
593
1462
349
720
1359
694
162
551
436
1870
820
129
707
110
186
486
821
1048
834
1062
639
204
85
1782
232
1
1386
1033
561
111
991
1414
886
419
1182
10
246
1154
207
2012
347
123
630
1317
673
391
943
418
302
585
548
1295
600
1612
855
360
565
426
643
3
710
28
1166
1772
629
1297
1253
863
796
53
1117
2013
27
1376
1492
1312
635
132
621
386
960
482
1196
741
1839
884
1225
347
12
1226
191
1541
242
1094
741
2546
483
1461
1630
450
558
4
427
261
883
111
561
498
947
606
1142
374
694
511
2326
1481
154
422
1540
706
1143
1439
1159
359
1555
621
472
2102
1070
1230
949
1162
1208
978
622
1754
475
139
280
1085
903
288
2444
902
1352
872
1734
786
1050
765
1028
984
109
1417
1274
655
38
746
1638
861
762
837
1013
95
1347
507
957
1275
620
494
246
1047
338
1319
1345
2795
591
196
801
196
1601
1116
120
2118
1299
1719
757
728
748
381
1305
790
401
626
436
371
214
1346
981
827
129
539
707
443
326
221
520
54
503
277
174
709
257
1020
26
182
939
716
173
265
918
837
424
788
1403
985
1186
319
81
41
666
1267
168
1345
737
1127
211
1465
264
1274
1152
1079
636
1752
827
1422
657
739
127
398
848
248
1257
394
597
178
124
1054
347
822
896
891
1144
156
799
300
567
319
1196
1098
231
286
2269
412
413
464
288
916
522
824
577
1148
486
1257
1187
1229
454
774
1436
1268
411
316
257
751
1526
725
1274
1517
1391
1445
539
625
607
259
1707
194
459
327
954
340
685
1543
647
201
1052
423
640
2131
352
1023
1186
345
2148
662
1044
995
754
146
504
1036
1555
18
291
991
380
1187
1028
1305
551
2102
689
29
465
593
451
198
1138
705
369
321
818
1469
1522
353
901
1513
1455
1548
870
1287
1295
1038
783
1612
94
1213
6
456
1254
1112
1272
765
709
374
530
401
1019
875
456
319
270
325
1830
878
434
1968
1656
802
932
1961
1107
1613
1110
1098
279
1055
405
929
1564
1295
674
78
1404
753
609
1483
431
724
389
154
848
1102
462
12
964
1535
177
683
626
1243
1085
874
819
462
736
295
892
294
200
1431
98
1236
157
691
1039
660
1217
175
815
1779
1538
1271
1575
483
699
850
617
420
936
469
576
1165
976
293
20
1183
660
262
1081
784
1869
801
871
580
875
369
2858
504
391
65
248
1683
204
676
700
795
475
1451
708
237
685
301
394
759
372
292
828
343
448
1038
1101
108
389
90
281
638
704
57
40
538
1519
744
2143
103
164
583
1923
1129
630
115
179
382
1162
1712
1312
223
1
208
1475
210
323
174
278
1721
1662
1789
598
888
31
1448
264
393
1174
17
2249
642
54
445
1266
485
662
1692
784
141
2618
170
724
300
1892
864
518
559
1921
1065
154
1650
355
539
155
851
1116
252
830
933
250
1066
213
1372
605
427
2345
562
881
494
997
586
576
630
252
635
1112
227
262
3565
953
455
1125
1869
1535
708
481
845
849
808
805
206
204
771
404
1035
680
160
966
79
1190
114
147
856
74
1326
320
1
1749
55
209
564
1080
452
303
763
470
1226
279
331
1989
1022
1682
1189
568
731
1321
258
878
1084
991
1241
1631
678
1093
222
991
1643
763
1689
1572
1216
367
1482
206
1065
877
811
936
1453
578
1517
80
233
821
77
1676
1017
183
1466
687
98
1220
1747
283
534
1281
1613
1565
403
731
293
10
1767
1073
1900
121
1104
775
1269
484
942
322
712
1919
575
1817
312
182
22
2223
1221
1001
1689
1024
73
720
382
273
722
654
594
53
477
1415
2025
777
1886
25
512
630
236
497
664
1086
308
1461
1342
2173
1292
1197
1329
491
2
717
237
746
432
468
1797
163
1661
1114
213
476
860
327
1541
108
919
897
566
155
733
1584
777
331
580
1278
1480
1031
159
974
297
1183
382
772
1331
1068
333
2566
589
1224
284
1111
158
40
420
295
75
34
434
308
159
1829
1078
456
952
765
502
395
38
1014
125
979
1121
727
1007
1014
1007
187
1192
927
1587
1404
335
297
822
2439
947
1486
1110
1474
1302
445
531
120
450
1228
768
145
1500
750
1514
34
249
465
1458
1756
1128
598
1682
212
713
63
1248
1482
467
334
175
1201
418
178
260
356
1185
776
290
571
921
1045
532
853
1901
1069
807
1345
673
1045
1682
1008
372
1313
726
1063
296
512
215
724
355
358
1474
87
843
329
207
987
1229
1274
1051
1058
352
735
666
1292
1791
215
1379
153
433
1433
664
1092
1073
388
1608
562
769
855
1342
32
466
81
892
634
1106
171
404
503
2244
1439
306
1162
542
300
1165
519
117
614
265
415
445
354
233
1651
949
288
1186
382
1000
208
1992
537
580
709
1054
607
594
1976
276
1412
1379
612
1667
541
771
566
239
785
24
325
350
713
867
314
737
811
1144
442
788
67
1164
1087
723
105
1284
561
815
1644
1932
516
729
174
450
1191
642
298
263
363
530
1063
651
755
978
1140
468
217
1615
999
187
180
1768
1162
1031
39
308
1106
2538
1104
632
1206
2486
328
1084
1508
720
772
631
1451
442
691
572
1143
293
337
1005
585
2138
606
1453
1141
145
151
68
2210
1437
1057
297
1034
117
1942
2122
134
440
1656
1926
1129
328
101
470
1729
1067
1612
648
610
1028
1226
1408
553
190
1242
205
1370
1114
70
1733
287
34
818
1052
1381
569
2065
691
1019
788
2037
528
516
325
79
470
1557
510
455
907
835
1375
1318
242
596
530
223
1635
872
173
113
1154
1057
1764
726
2127
933
899
69
298
1775
631
135
1206
303
45
275
1030
53
150
581
1528
1
288
785
527
515
1586
1976
34
744
3162
979
197
1715
92
1125
179
151
1205
175
791
136
336
216
166
48
1496
108
234
190
128
2025
107
10
392
329
288
658
1252
1218
129
1121
217
1473
1573
224
571
239
179
839
832
844
903
1263
1296
64
419
149
708
210
1474
1223
496
72
858
974
710
1096
1209
889
414
721
1092
259
474
679
1914
144
136
1539
648
508
1491
2299
4
128
682
353
397
456
902
939
1300
1932
539
1090
1233
375
872
590
761
299
604
861
1266
42
227
5
957
670
170
1331
44
1237
801
1315
1726
1226
499
525
1116
1010
724
1776
815
1087
1109
1813
950
1224
355
747
928
1119
339
386
627
777
763
864
387
521
292
120
252
1535
167
921
1936
50
339
3860
188
1422
932
1024
281
197
1724
885
517
2487
1408
1188
176
981
639
1043
1801
427
280
445
1105
399
611
2182
395
596
1161
43
32
3
1053
849
649
879
184
638
1988
1458
549
2387
1311
1741
439
1265
140
523
522
1108
730
1332
751
220
1885
1361
191
769
51
1028
845
62
252
272
1878
1022
1064
1047
690
850
334
329
898
371
416
900
997
69
1572
703
424
695
158
1073
540
516
665
692
412
728
1612
1229
817
590
52
264
305
874
945
692
1560
452
483
54
518
349
1817
259
249
77
828
144
306
231
154
962
33
301
1145
694
1502
1843
1138
975
260
1286
947
1275
395
442
2006
1223
992
971
359
362
488
1389
63
1434
1623
1051
457
2063
29
421
539
104
959
155
836
308
122
1006
1487
833
1793
617
1484
627
796
2130
838
1960
939
294
2019
880
1889
887
1139
1689
180
1513
1171
661
302
1547
591
1206
1167
599
294
122
296
956
375
290
755
1278
1239
726
347
664
484
353
403
770
613
1601
1810
920
1568
1692
64
1809
890
137
35
701
95
174
344
757
115
141
2335
22
847
1363
626
801
1340
833
125
409
666
115
2475
51
899
275
1244
280
591
1052
560
507
546
845
1344
164
911
187
691
1079
837
1592
2326
1260
1250
93
1070
256
87
1146
1621
459
2189
344
676
488
787
1057
59
1164
783
1245
1271
99
738
1971
417
605
1273
416
352
957
1740
1016
318
811
1181
576
1160
1237
138
1140
282
1714
1623
172
1906
1821
880
1766
1018
826
1321
158
336
183
329
475
1608
1409
1193
1098
617
370
720
2088
30
535
838
1082
473
1155
914
230
799
1422
1168
1892
131
532
129
481
782
111
1892
1958
891
543
348
1475
754
541
974
1053
1189
886
730
1317
1311
86
490
893
557
649
741
974
490
1351
763
1743
943
838
324
68
101
482
578
311
1358
866
1552
208
704
354
125
818
866
651
1328
1431
1751
562
809
875
956
192
303
901
849
103
2263
176
1321
2102
1232
695
1298
59
1500
1192
426
1151
1202
80
34
784
591
1919
2233
1788
199
95
288
1249
848
310
1225
578
1332
1703
455
214
844
908
1324
904
1476
1232
7
443
1187
694
1055
692
1146
182
198
1398
822
1900
1164
54
1147
1056
1599
648
1427
276
1662
906
798
1561
9
578
339
858
71
494
955
271
147
1507
42
724
532
980
217
173
786
473
1606
775
1652
936
1458
1085
1341
175
786
378
582
1134
652
361
597
97
291
837
1552
109
59
1030
1146
1035
1147
460
827
1441
231
872
469
1296
943
1035
1334
734
1223
796
931
1321
1801
328
1176
1400
206
827
179
1606
163
1195
586
641
485
1148
1392
389
367
959
215
1486
375
586
1231
155
121
921
872
2612
766
1727
1145
2099
1618
603
420
58
795
1032
243
260
248
1080
169
691
556
92
1862
705
1505
1206
1328
347
1962
569
831
323
1003
123
1289
152
715
868
1364
904
1206
1475
124
1881
243
1124
1423
647
199
649
561
156
275
595
1743
826
1309
997
841
1793
12
169
88
1254
642
68
1023
120
286
162
507
1206
714
1084
1116
1468
867
431
1751
701
730
490
708
438
580
549
1505
922
171
482
2039
516
1418
512
753
1427
973
832
307
667
1218
1127
1195
1163
1153
641
1093
207
1075
576
566
719
931
367
1003
104
627
874
512
83
2131
2090
677
255
836
322
735
1228
53
1035
2932
1262
1103
1441
1608
56
2581
767
1186
1425
1751
1245
557
825
818
681
520
692
955
1046
324
1709
116
758
1458
228
1287
1354
851
402
1728
24
251
964
737
754
1091
988
1529
460
27
1414
418
19
1488
198
1358
1815
458
546
844
633
395
17
1097
1020
1108
1532
876
149
94
127
589
810
1137
411
717
887
169
133
861
430
1565
567
779
1594
946
226
188
510
1014
606
1099
463
1003
951
1447
1174
774
1708
635
652
665
835
537
545
998
333
225
1440
741
650
438
1234
869
1091
300
624
1774
209
1349
729
763
2105
1135
689
418
1638
569
15
1545
323
778
941
1183
1839
112
831
1136
798
1143
78
2004
568
315
759
141
1321
706
141
586
1584
764
267
102
1501
1296
1115
1544
13
390
220
111
20
755
385
519
35
238
1622
243
1804
739
1584
790
717
574
1113
1414
1111
459
636
876
430
668
405
1541
1052
1037
337
2238
40
1073
297
772
1742
1150
1310
477
263
1506
1437
1754
1708
170
480
397
339
79
2723
699
48
998
475
185
1625
31
1412
78
734
1128
387
1978
463
1326
515
300
680
463
3142
595
947
1476
317
380
296
225
931
496
460
804
2376
1322
854
1090
332
911
207
182
104
452
497
287
2303
2434
1196
536
692
1453
68
467
903
243
143
278
42
528
1340
317
1678
964
1734
130
1676
540
1022
633
916
118
470
81
1200
362
2
317
964
384
528
1147
1004
643
489
1032
1554
1062
465
503
526
607
950
511
839
409
1551
917
1887
454
842
596
304
179
921
156
1396
606
165
1815
232
780
986
70
626
302
1696
919
1096
184
38
326
1679
1318
244
170
762
730
1209
377
2183
1004
1422
1352
1332
771
999
594
2116
1227
992
1719
908
1440
1071
1526
1193
1029
549
1036
1294
1432
565
355
20
619
921
984
1018
1538
1088
186
1750
492
314
150
107
557
261
239
720
963
269
207
2155
1033
444
1500
1272
960
750
251
265
29
1103
371
1176
595
205
171
2484
723
1049
1187
177
909
509
706
1053
405
216
213
763
321
455
468
1046
672
1003
857
483
976
17
488
1424
104
99
1337
848
350
743
172
1149
1016
885
1002
1521
659
2612
181
926
431
188
1093
108
506
1711
578
1290
591
660
986
935
1703
573
986
748
9
1396
288
762
720
1164
359
1498
972
1212
414
658
137
716
1124
88
5
173
1567
185
1783
594
1703
1079
566
1642
817
230
1911
1433
1123
613
330
1902
1474
614
198
388
753
294
991
2319
397
58
895
581
967
551
740
905
815
38
333
1614
522
1745
1573
583
494
168
186
498
613
700
1542
1489
400
315
1355
396
558
603
1406
86
593
876
742
404
819
962
944
271
18
507
425
202
786
1920
789
605
871
287
256
1000
90
190
1628
221
9
824
260
49
906
1692
965
743
1159
814
658
790
944
1422
408
1109
1560
405
568
1154
533
1218
1328
1099
891
341
163
1400
793
334
2024
349
1129
352
198
100
524
209
586
1077
1266
868
1054
1220
614
84
502
1045
163
279
1055
896
646
80
1040
204
799
687
723
403
1516
971
829
321
304
80
867
472
428
629
1019
548
88
605
646
279
65
740
1069
604
711
445
1840
1657
421
24
1011
604
6
70
177
126
1242
2281
1115
43
127
192
341
1556
528
1743
147
335
639
1732
1246
549
1046
220
742
452
1368
92
1180
659
101
60
606
18
1280
1536
285
1220
1115
440
197
983
1659
558
1039
1566
248
1466
191
490
17
640
1756
923
489
1057
1281
460
841
576
678
94
238
676
936
1530
2107
2332
169
935
736
1457
1448
268
747
1702
1627
1415
691
778
1042
780
565
880
65
1789
156
839
1384
1307
2423
1927
403
58
1678
680
277
663
94
73
784
378
193
386
135
455
589
1191
609
100
1495
157
529
406
1083
426
695
222
49
530
71
1571
1066
75
114
142
750
983
902
181
354
254
859
680
1797
1102
868
461
656
525
645
1105
509
630
164
756
86
689
1116
213
594
710
542
2072
1518
250
1772
286
666
1147
1120
1256
2054
314
1145
1189
294
919
140
286
201
749
1425
19
580
1672
373
514
54
341
1967
261
18
1529
1328
87
957
591
495
424
79
1533
1489
750
335
724
1027
1793
1010
2046
1867
913
1011
1015
158
638
92
656
198
641
533
1491
163
953
334
999
126
276
228
876
598
1007
1583
1065
627
169
358
167
1101
308
398
1442
2428
963
13
983
683
2289
774
1009
2915
1841
12
1395
125
381
1004
369
1089
461
772
848
619
603
1145
247
151
128
1516
1207
451
75
213
1983
1037
661
697
1596
1156
244
590
1073
1125
687
3052
131
407
1235
921
869
524
1470
910
1712
367
458
657
910
1146
1793
592
1103
767
831
375
653
234
1023
484
1164
798
1316
955
16
385
712
743
94
1846
742
1196
84
1080
1972
1572
947
860
684
874
1463
1102
1903
683
290
1071
1747
1948
51
928
1438
247
535
1066
803
63
635
1596
327
1392
1824
669
2705
380
432
255
776
1169
470
1244
593
159
924
291
901
910
834
441
109
331
1178
15
534
1195
1346
607
967
211
829
1663
790
215
1091
77
204
344
1429
235
405
546
724
26
779
144
359
614
1099
47
1010
796
1150
349
1032
14
1841
525
286
78
96
402
747
91
1339
352
732
247
1012
134
726
540
462
1096
1317
1189
162
1096
2485
425
2068
741
201
382
1519
109
396
593
676
884
273
476
548
1027
775
759
21
788
515
377
1538
220
1443
1080
288
822
1334
226
184
1776
1954
1310
473
819
671
539
488
466
1329
816
2117
573
185
239
987
257
451
1032
2015
927
676
2137
1623
134
574
379
1830
406
1071
499
2211
16
37
792
1244
78
194
1542
285
1319
67
139
851
2226
1465
899
222
1574
205
139
811
1101
272
1618
291
1790
902
831
291
336
1329
72
216
964
125
934
647
447
1541
919
507
931
1786
1018
390
52
1217
55
497
620
1953
1309
542
186
156
612
379
141
57
1397
93
642
916
175
1602
1846
528
641
1075
196
251
506
1138
551
462
677
115
627
100
1075
598
741
763
1332
1510
242
1768
43
321
971
625
669
652
315
742
277
480
1080
1902
1499
370
974
619
988
1619
1351
753
251
486
36
299
2625
696
557
730
213
96
406
2668
1256
521
1160
804
54
632
669
818
225
1243
861
1192
1360
2716
728
1163
811
884
298
668
502
1238
745
838
812
161
759
1121
531
28
1882
324
107
1146
858
568
1135
11
2069
2
638
1598
2062
817
501
1330
1167
687
1494
879
234
287
1360
1096
502
432
998
843
1457
164
1532
1235
501
89
1595
147
395
481
1494
834
773
776
1051
1341
655
1155
445
611
891
100
1035
101
603
202
2016
406
1667
985
467
1818
507
317
1164
1169
1014
32
684
648
1710
680
837
781
645
506
1684
1263
875
799
353
117
176
1331
1957
85
341
538
384
999
1117
517
403
1198
828
420
311
101
1808
1268
596
34
250
629
308
984
967
1220
423
286
345
1336
796
538
157
1040
812
1336
1045
960
1041
748
105
784
286
131
1637
1049
149
478
92
558
1004
437
248
431
1003
45
429
457
1600
1310
787
247
894
1490
1195
334
1491
838
260
446
369
360
1251
1312
208
2457
353
166
1192
1028
680
1281
1541
138
839
1018
391
88
316
310
634
1205
289
172
781
406
683
1447
1321
667
172
1256
1468
230
2379
929
103
992
1290
963
664
143
754
1254
1336
766
1276
821
593
442
469
138
1195
579
228
77
867
1100
1503
156
890
1318
536
484
79
808
1821
224
681
1716
153
1164
1062
361
491
2015
1105
587
1606
463
1751
1150
1646
1641
1750
262
976
853
598
230
191
628
441
2128
343
136
959
730
43
27
832
595
1101
56
381
260
1310
219
2114
1254
470
628
627
378
423
823
746
598
1331
335
506
368
1446
1188
1357
71
1414
244
1531
1547
616
510
1383
228
961
577
802
163
221
1881
16
357
1309
1171
1168
760
1250
287
1151
298
1060
168
1507
950
981
706
1279
1267
1322
400
1925
49
100
2039
982
249
1459
573
412
722
1490
957
2401
764
138
1126
2764
405
776
2357
556
867
968
356
1688
285
2147
448
1514
1090
572
1398
2313
711
398
195
325
316
480
1513
337
157
304
23
258
181
495
717
856
522
109
1058
843
1653
774
1270
1479
1681
327
389
331
1229
62
451
1578
2116
69
1002
656
971
569
425
93
504
349
493
121
360
1258
2421
1541
2
116
547
338
1193
420
1157
1078
1528
1879
1251
894
1610
1232
769
42
953
915
220
614
292
243
1169
895
513
155
721
631
1108
2018
1868
866
1182
463
984
1203
272
1037
35
2654
527
65
546
499
566
990
1255
454
1525
1203
306
953
1413
460
653
530
463
404
411
20
1584
917
1164
188
1567
930
933
677
733
1002
568
195
2428
328
93
1317
1873
415
529
329
1711
86
1318
253
857
948
95
1684
284
535
121
321
1380
1244
1244
1517
119
279
1303
2109
544
776
397
1061
1314
217
2020
1338
1618
980
1259
223
1019
547
1671
417
1678
1614
396
670
1168
1136
2048
603
867
1113
1652
302
506
1418
76
813
1109
7
2460
1085
711
341
992
323
502
783
456
2226
462
423
577
362
590
1212
1021
1370
615
1016
2331
1114
1194
561
1234
2
156
1861
1888
461
370
241
573
787
260
818
271
125
1333
1076
664
157
894
515
28
1363
985
204
903
104
888
702
350
886
54
1688
2769
650
2064
157
343
1077
2226
720
1182
1166
60
134
530
1972
905
267
1189
1356
895
1066
88
895
1761
1491
1426
156
77
797
853
818
267
990
232
883
273
244
790
314
568
83
1168
705
546
295
2377
543
809
1333
355
698
801
1653
632
839
1099
53
1060
1052
1939
718
1365
939
660
724
82
676
1369
1278
422
660
242
564
410
1121
929
1190
2134
1603
1492
