real_Parameters :  probks 	 failrate:  1	 Fm:  1447.304	 且最后的Fart/Frt:  0.560106648		   Time :  34.4576

221
540
776
908
101
1121
898
1919
2086
440
1914
1848
1383
2752
2243
1917
455
508
3111
1388
221
177
3301
2085
685
1347
1900
1708
940
1145
1065
2020
2567
1849
1262
2597
1588
2196
1945
416
2745
1147
608
1337
74
374
978
2309
1836
418
522
1583
777
622
551
241
762
1538
2369
4576
1603
2490
48
1324
965
1258
720
2031
816
1922
1175
1109
653
883
2253
2219
74
1354
1708
2454
2380
919
3500
566
3776
805
1012
1102
276
740
2255
182
1741
1536
1428
268
1962
1045
1287
2088
2449
110
842
1928
760
506
291
1071
582
622
2446
3971
1515
3189
3574
2091
25
2070
2799
1193
2025
1320
3803
1696
397
2430
2249
1701
1842
671
1402
3359
3146
3118
2417
2717
354
1159
3498
3493
5099
1111
1786
2841
538
370
2416
1751
831
4215
5750
2578
1146
1929
1816
2466
2213
618
1603
3062
480
1493
160
949
947
1129
1252
3027
203
1009
823
188
176
2520
562
474
51
1201
655
259
1538
2014
4010
734
1859
1815
1695
1403
3676
1223
2388
3170
2255
1863
600
52
1627
837
1140
1110
1419
1157
2116
1484
891
4722
1982
1295
2490
2683
2489
2089
2823
4207
2328
1911
841
1420
1129
1979
238
375
727
1213
548
555
864
1715
2632
2384
986
245
962
1370
2400
1331
421
1069
630
1687
922
1174
891
1570
1704
1054
1076
1665
950
2780
2146
564
1443
2375
1063
1339
2864
3761
540
215
599
1039
1110
1706
2273
301
1117
630
4256
2392
1059
1022
669
1150
1324
905
2252
860
1480
1539
2614
449
175
236
2633
1686
3365
734
852
565
1932
2070
1109
2846
867
2357
557
18
603
114
1413
4026
1340
597
1816
253
1321
1165
1354
1952
737
3512
1888
2473
2558
3341
288
1638
2084
1199
1058
85
2595
1190
1176
877
2768
1716
1736
1297
450
3278
2650
416
1360
724
910
1086
2879
506
2056
665
404
3353
851
995
288
632
2632
2326
1394
1217
685
1853
1843
588
912
790
1758
31
2779
1
1823
2509
4111
1937
1157
2131
392
1653
3297
991
547
848
106
494
1305
1516
1035
1359
1772
236
2370
83
2528
1333
1707
1955
1486
1817
709
188
1059
1411
2423
730
2262
1583
3618
599
2202
2273
2287
1771
755
1360
305
1523
2038
1649
3134
948
764
1064
488
3181
2946
710
1488
1526
332
478
1907
1383
467
4138
2405
1265
667
1501
668
1246
1425
2060
4607
108
1562
33
1550
211
2289
4481
2113
1858
491
790
4374
145
2271
791
1226
2723
1296
2346
3808
291
2180
2192
1610
1817
1996
1812
1863
983
3467
1614
1512
747
1891
1833
1518
2487
2326
1206
2389
1006
1342
410
1797
1261
3195
1157
1743
813
1282
973
1181
50
503
3638
1679
1120
85
1882
3790
24
2412
1328
1807
1287
2543
849
799
275
683
3203
195
3358
3611
2655
549
1527
449
3295
1768
706
2128
2345
2415
981
901
361
23
651
250
3172
436
104
3353
2418
1718
3350
2678
2782
324
2166
1656
1412
2337
39
1215
2422
1458
1459
929
1155
2331
1212
1669
530
1564
1148
1734
4160
1886
2388
3512
1066
302
1472
959
1293
1714
2451
331
2025
1361
1894
809
41
921
353
854
834
59
357
328
669
1224
1208
1800
881
562
185
348
1109
485
2325
556
1852
494
1480
2081
2321
2675
962
2588
569
2659
320
334
668
2133
163
498
1453
1850
331
376
670
1852
124
1582
2770
811
120
1482
2137
1333
3458
3705
1599
587
1368
897
205
798
618
639
334
966
1574
301
31
567
1316
260
506
1168
3122
1084
567
1071
1383
158
2502
1993
2406
1372
1451
941
4382
1254
124
1185
545
673
1966
165
801
2727
1387
584
454
398
385
201
1580
1146
2950
1857
1275
925
1202
2057
757
756
287
197
594
2034
1553
1954
2447
1085
2412
1338
487
286
1303
312
2033
2239
610
1432
1670
2834
3790
908
464
2532
1902
393
1833
1598
2685
2007
2729
2668
1044
3112
194
2731
2373
1527
226
1413
254
281
835
1325
3363
1333
1795
3095
607
2110
1368
1845
272
1166
645
313
582
1247
2789
2915
685
2251
827
2985
1550
1390
127
1898
1383
899
287
75
2134
3062
1526
2260
1263
1945
278
1965
2006
3008
2022
2222
145
133
363
2687
3776
644
1153
304
1045
3916
3090
884
1602
1777
2213
438
1975
1538
790
995
1201
1571
1610
1345
429
147
146
3000
1831
482
1377
1822
815
2844
492
1900
1048
332
274
1369
1561
2158
3163
1521
1959
2670
3585
1636
2354
901
438
3474
261
310
744
860
1526
1811
2729
2437
3048
3056
742
193
2916
1336
1478
3711
4514
1224
1500
1677
1222
1745
1187
1167
2242
3511
464
322
1824
285
1630
1581
424
3566
2152
374
859
3319
335
1728
1618
2154
748
1378
314
974
3136
1275
392
1884
1449
1841
1827
49
352
1989
924
1756
1422
3469
877
78
827
2840
2502
1482
545
3311
561
813
2115
3218
1458
2624
1724
4364
916
215
614
408
386
389
1948
1593
2303
1876
737
864
1320
499
2747
1277
866
428
391
1280
681
550
3851
597
2088
1496
353
2739
1208
1770
4444
1535
1833
1687
3158
1590
105
3334
2178
900
542
1163
3019
992
822
2837
1945
563
1668
2592
1355
597
11
522
2731
1342
999
2440
1330
929
1531
884
2284
590
2092
1937
756
324
626
3114
722
3294
3331
1778
2537
1356
2324
2242
964
724
894
1293
1944
1254
1825
2058
429
881
2
2282
1541
618
1375
404
1935
651
1062
135
2019
180
1075
2269
2049
226
1563
1572
681
3577
1622
843
2530
1563
273
1261
3688
1485
16
230
1258
1271
689
3793
1069
2429
1
3499
437
1628
401
154
2230
889
934
2342
2991
2159
1955
526
117
2122
681
1814
989
1761
688
2319
1441
572
3010
22
388
25
1180
2948
2121
931
1234
867
695
1283
386
155
898
652
2112
53
1768
2076
599
2500
1895
890
1895
290
1066
1359
80
1636
1765
1833
519
1812
1167
338
2877
1
1112
449
701
2079
2546
1426
2040
2481
1240
1641
1782
1954
181
2733
553
1019
405
1827
1232
2555
2075
3012
1243
891
2374
4200
1141
979
640
445
2427
1670
895
817
2966
1984
2350
1467
1585
191
4335
45
1172
1504
278
1248
913
655
170
1695
241
2546
361
1152
1586
164
3396
1426
724
2950
1731
35
204
1998
402
456
700
2560
1390
1659
463
297
931
1164
1048
736
3139
697
1069
165
1766
763
1325
833
157
885
2880
742
2557
5459
811
20
3126
2325
487
502
869
478
772
777
1315
135
3534
2495
670
1261
679
1209
3386
2432
1356
2219
1812
2547
704
938
1499
1821
1383
929
2419
2202
1670
2580
362
328
2582
1026
2416
392
2846
442
36
791
3937
557
6804
312
1036
2535
1318
993
124
3234
3563
2324
1618
738
1033
596
130
48
780
2194
2316
1541
939
1997
127
387
1232
517
363
1475
3152
1309
594
708
626
1459
887
812
2516
1485
30
454
4805
1788
1677
1728
613
1203
1743
438
729
2025
2185
568
2691
777
2999
300
681
4054
230
511
1223
537
796
1932
1158
754
1661
651
559
3181
536
272
3039
176
2483
2107
1677
1199
1283
2353
2378
651
1025
3467
723
2863
1445
1231
1944
1776
928
3452
2408
702
297
833
3105
1623
1076
3099
132
1001
2072
214
2634
154
807
536
1941
2173
1074
1309
2149
103
169
400
484
1368
2625
248
1819
219
1246
2413
512
1995
64
1814
573
851
806
441
941
2929
3415
608
1336
257
18
865
2650
1679
368
2271
790
600
2348
1262
21
521
1533
105
3865
2155
1032
1492
1356
837
2937
2270
3561
2761
3305
1562
880
1550
834
3922
591
2212
101
823
654
1780
3919
1970
1356
22
318
649
1680
1896
637
51
76
1502
1318
2204
1045
1667
3450
781
2125
1730
1376
932
1413
869
738
2155
792
1267
1358
1529
514
272
1007
836
545
2584
2019
2277
692
1884
2035
86
1535
1053
1271
2284
3751
1182
1630
159
1007
2795
1759
1516
745
3478
143
109
3492
1042
2079
774
655
2148
1890
447
564
116
178
1033
2907
67
2194
499
1068
1385
860
995
346
1450
1249
3009
1993
557
1999
1066
685
1767
2879
788
249
3747
3687
1826
788
794
3015
279
1584
1506
299
1369
477
267
237
148
799
2010
2421
142
1959
1342
190
1158
1060
1529
3057
1319
953
1798
477
66
1946
896
3638
1360
54
893
577
1458
2593
758
630
1312
1453
1855
1069
1471
1471
781
1582
2021
1794
1110
2482
1375
1610
1215
345
730
1863
2401
3195
784
1558
1959
389
543
993
442
1057
763
1422
406
619
229
314
355
1366
1872
1328
2497
328
758
1275
2106
1702
256
1684
18
2003
164
817
931
1468
498
1621
993
629
661
1253
1623
1010
1919
4370
505
2569
131
1340
358
303
2684
3605
1439
201
1409
1289
3327
2881
2666
861
1718
986
1062
1556
2213
1999
1877
2923
2593
2314
2
116
9
1799
1637
846
248
2651
3670
880
837
3350
3957
2015
1181
3196
795
1823
365
3224
1314
4485
330
1985
316
2187
4561
161
1316
2057
1188
1827
2795
2194
827
1649
351
3340
1206
1289
2478
2036
2010
1218
2215
109
2823
1389
1611
2982
2011
893
213
89
759
2353
2524
1588
47
1178
869
1941
380
223
1124
453
292
627
767
215
2848
841
603
659
956
1060
2142
906
1480
3118
367
1668
2129
2183
1806
791
2290
671
3186
258
1020
1798
1845
3269
1613
470
880
2000
1800
959
392
1088
1345
2360
673
3146
2119
804
277
85
119
640
1143
2567
431
667
1580
566
2510
392
2774
167
21
1433
294
1442
857
1865
2297
1208
2729
154
3009
260
528
2736
3236
2751
873
1230
149
759
28
107
484
631
443
1076
210
2675
172
1838
3485
537
2541
2987
481
2227
1335
826
2691
1115
570
330
1721
3453
1890
868
1140
763
2724
507
1569
3019
1159
2419
1848
1360
297
1295
1031
1598
3480
276
240
2270
1579
1587
816
430
1730
1858
1056
1908
1624
1648
1348
1422
1244
1143
3027
2349
162
298
366
1763
585
957
620
412
850
1818
2766
1549
1671
5
834
2221
2764
2750
2081
1432
1194
1752
1001
1319
1134
1024
329
3030
3089
1345
2276
29
1201
4179
1636
1392
182
1653
1203
1435
494
736
95
754
332
1770
1042
145
1818
3880
936
3542
1289
65
1002
1344
623
1438
159
406
2011
1601
871
2193
672
207
3165
1678
1842
476
625
828
2152
2706
633
1548
2217
654
3161
1948
473
2107
2374
2878
824
1890
1064
105
2063
592
1788
2494
2166
1093
1820
622
3617
1450
1748
1911
1220
58
1994
1727
730
2033
1727
2950
764
3521
4679
2404
1618
16
693
1434
201
417
2904
1216
2915
548
794
2304
48
1681
1969
1362
118
1282
1292
886
1274
143
1645
932
438
920
1392
182
1228
738
2820
2944
231
931
437
3234
272
541
863
241
643
741
2626
1904
1752
1997
2911
361
1802
472
252
467
2088
3525
2358
1177
716
2085
497
1342
1524
1554
1864
1756
1273
385
1759
2189
386
1310
1112
565
109
1037
1013
761
3874
1789
1642
791
3079
1236
2333
452
1566
3294
3349
1230
1374
500
3405
1208
453
606
1733
1485
621
535
3160
412
1690
308
3476
361
766
1853
3813
722
1018
686
1853
420
3033
1398
1133
2365
1979
471
750
1709
1003
2335
744
342
667
1841
1597
1594
588
533
2508
1267
1624
1599
563
2044
3081
1327
280
224
1494
313
562
33
643
790
1751
867
1005
1746
936
1886
110
119
1929
2088
235
116
858
3219
2163
760
909
899
1437
2309
234
90
2781
2149
2452
1004
1736
1479
936
1434
2333
1734
1586
316
3550
2481
818
1279
1626
699
3085
3332
756
169
2016
2081
2191
2386
71
649
994
1345
3221
788
131
403
1163
60
134
1033
2649
4587
644
2295
812
1654
47
449
1170
1125
919
1945
3512
1684
1141
1223
63
1172
789
385
691
299
1445
1472
217
2287
1313
1400
1682
3079
1954
2055
983
1434
631
2976
2377
1522
1203
3274
609
2251
103
2198
362
434
1843
347
610
1367
2142
3887
3314
2340
844
1574
2221
437
1618
1547
3082
1500
3112
3433
2646
1782
2372
1382
1149
636
1145
3188
1334
2490
547
2565
3491
3468
2903
1464
750
218
658
1813
1236
1993
1587
2199
2008
1373
303
1274
864
197
1780
644
574
887
501
1372
1618
2227
619
294
2300
843
3391
2087
900
1406
1661
1568
1824
114
626
242
1330
1525
2061
2306
2253
523
2491
775
2304
2672
1209
1828
2109
1247
1197
159
1749
3360
724
1384
596
1527
1346
846
1465
817
4430
1509
846
1092
1872
272
371
2267
1750
102
2778
1036
880
967
333
3222
3102
3223
593
1695
757
1710
1285
2090
2493
1911
1106
1639
533
1717
181
81
793
1680
626
2491
1089
1581
2351
3479
2906
782
2172
3409
4562
1931
381
580
330
2730
196
1490
2034
1284
1461
518
1217
2662
1871
2099
738
678
1637
900
811
949
1759
1028
1280
1469
1801
197
1255
1079
537
1762
1538
234
2080
665
1229
642
1061
1187
975
1133
841
555
1231
1061
253
1403
504
86
1100
467
1982
1866
1440
1319
2379
1302
1816
3789
376
1907
1174
3815
3162
1431
1108
645
133
1977
2540
1804
27
39
2327
832
1372
2287
763
120
653
1934
3744
1826
1119
729
1997
3685
985
498
708
327
1120
289
2115
5204
810
2251
84
1135
1117
2896
2813
426
1550
1035
149
100
932
2412
1574
1917
563
948
1910
677
1503
1655
401
2167
3741
2530
1328
1552
180
1983
2081
1132
2141
875
245
1826
2218
2689
637
2403
956
1355
2563
959
4056
1316
177
732
1359
1872
1512
2726
61
1431
49
1441
273
3501
1134
481
558
2258
776
1893
1589
2720
1618
1728
400
279
222
578
561
1634
1845
2507
1109
730
1278
1769
1408
1967
2338
2375
1671
797
3028
380
1229
914
597
697
1207
1444
1401
327
1931
2000
2190
386
1403
447
367
35
3994
1340
1005
1189
236
2191
2212
4411
291
498
1458
3312
525
1448
642
1819
1070
1414
88
2738
1355
686
1056
1833
3936
1850
1252
607
1916
704
2740
1644
1871
1394
1307
1102
2351
712
101
7
602
2677
1197
534
1706
1763
973
1548
666
3141
2215
800
136
2959
2187
446
3837
853
231
5386
2240
1487
2041
2590
1799
573
122
166
1261
988
1525
325
882
82
2677
3094
764
1190
136
1309
3185
679
1214
461
852
1304
629
1520
1423
1295
1247
1667
958
2035
2215
200
3648
2373
299
1940
1725
700
545
417
2443
2918
1947
176
939
1348
216
1757
1689
746
1932
541
1725
1068
1429
902
2955
250
813
885
1779
33
541
2303
1980
597
1103
2563
2509
549
621
1098
1056
389
1786
2150
2932
3878
1491
782
1466
835
1993
2195
1612
665
2593
2125
1594
1204
439
137
1439
1604
2124
1715
259
528
1061
4468
1341
1223
998
2013
1676
1154
2228
1974
1023
2227
1707
298
1432
2876
1134
783
2653
538
191
174
2970
40
639
938
393
4016
1629
494
400
1031
2509
940
2496
1350
2670
1051
1128
2335
123
1087
1630
1335
937
871
4575
757
1799
4190
1489
2070
3102
1873
3758
1922
2201
566
2210
1378
2906
2121
1398
1093
1907
1497
1851
3225
640
133
2068
1074
223
1419
404
235
192
1533
3580
1150
2134
1080
2790
751
1571
1687
1909
256
1527
178
1952
1562
2230
338
157
1094
1562
1118
2036
2017
2089
3319
2705
185
258
691
1761
1103
4184
1091
216
1637
1094
337
863
1245
367
257
2206
1698
1211
1019
903
3243
592
2022
1583
788
2483
2674
840
508
1799
1390
1436
1658
30
1573
1228
215
2921
1309
529
2248
980
2139
1232
3556
2931
496
4986
3790
1471
2910
2330
2069
1287
595
911
116
2437
2123
411
2603
1780
518
1525
2310
411
1210
1881
1610
961
2284
2073
940
2306
363
630
2161
2787
1791
1665
2231
2978
2277
2797
1355
1044
1643
2109
1184
5636
1083
264
61
448
112
1389
1728
4564
1670
1402
887
2468
1496
361
305
541
520
2038
2977
996
1570
1117
841
197
2682
727
804
1660
1161
2824
55
325
978
978
1561
335
504
689
3087
293
3098
1225
1304
444
764
892
126
22
1351
1355
32
1225
2903
3401
1367
1232
1062
280
2013
1452
197
246
128
704
691
3901
1501
1184
66
1582
1619
1823
1467
1861
233
1964
1361
1434
2715
120
1862
97
1391
1062
2110
1748
365
3121
1904
1559
894
1851
1739
1604
2277
1419
1251
1334
2030
184
1858
700
1952
1564
339
2083
556
518
698
1043
2476
164
1046
1996
1828
2000
140
1427
151
133
1189
901
279
1905
886
778
1655
4080
1005
1233
135
911
1340
243
2593
1767
324
777
626
2621
2775
137
417
1171
530
559
117
417
1561
810
2810
610
1403
1735
754
2226
358
6
1003
3678
1282
3700
1667
733
1091
496
3314
1372
1752
2303
141
205
1416
772
1624
1493
1644
1862
1560
260
3756
688
237
2023
586
2278
1021
2652
2583
3136
66
770
2032
71
608
149
1798
3425
2136
1725
201
1758
1433
586
825
2340
1734
497
1150
1405
238
269
2440
2766
2486
1416
610
3019
1484
1752
2009
1497
2215
258
145
260
425
1595
2913
1327
1138
2503
1985
999
2017
1013
226
121
2055
1643
2152
1623
1772
1340
2037
2022
1628
1193
1736
1657
1767
2678
1609
2559
1895
2593
2904
1009
1770
996
872
456
470
114
127
948
708
1708
3977
1719
1567
231
1185
406
1102
2067
1654
1747
1555
768
523
1389
1705
1647
2875
1847
1122
1948
1523
214
1108
179
242
1926
2790
1313
301
2244
897
721
869
963
781
1532
3096
183
1735
486
293
1285
1032
1351
2857
561
701
1617
2943
1472
87
1332
1055
1020
309
759
1838
23
4120
1649
1084
306
3299
706
480
480
212
899
986
2243
1381
1365
1286
169
21
1090
1624
1460
1907
1765
2069
42
581
3436
883
338
241
1415
1817
1511
30
2764
775
2459
2472
409
1356
1810
388
1341
2040
2332
1443
2287
171
608
2384
2837
3858
2349
2360
1134
217
984
2149
350
285
3037
3807
1001
1434
2753
1068
475
2107
3213
2212
1482
767
1220
2557
2860
407
685
1454
1262
83
2187
895
1622
117
286
565
2196
1614
1087
774
2647
436
2765
137
1068
3933
679
61
1166
892
1870
1852
2214
1728
1092
530
2024
2691
2573
821
1716
911
623
1278
602
1836
1153
723
733
1212
2178
1026
1968
427
641
23
367
176
1230
3096
670
1485
36
1653
1220
1017
2229
1274
637
966
428
3154
514
723
263
62
1101
3568
1974
2116
1849
571
260
1434
2319
280
1094
6
4901
980
726
2966
245
823
268
493
2216
2171
309
2150
1188
1408
2760
370
2426
1961
2940
1120
560
3707
781
923
533
3508
2578
1011
1047
925
197
470
2151
2717
72
1534
2311
2872
591
4675
36
1487
2117
1131
464
257
442
684
1197
3527
552
2505
1764
2049
1125
415
2297
1558
574
4044
1552
1945
860
297
176
401
2587
2521
2737
1686
2020
163
1779
1915
1405
28
2591
2964
879
1222
3232
915
1320
243
298
1748
4778
1712
1863
880
1710
2224
1991
1850
2147
2
63
1022
1036
2670
117
108
1595
652
1596
1882
1456
1876
2933
1278
1000
453
2196
194
1649
3620
2316
1766
344
2900
2550
616
978
217
2284
1074
932
1124
1459
1773
2395
1237
1975
262
2669
807
1241
901
1623
858
1204
1536
1979
602
2347
484
363
643
1991
1003
1132
2351
648
276
225
1626
3433
1116
27
1380
109
2863
2156
2306
125
1841
1551
1676
2048
1397
1853
110
987
3158
2512
328
1386
3098
2665
1800
820
30
1498
2569
649
1357
906
248
534
2945
1431
175
2677
1509
534
503
264
1398
342
3320
154
2662
34
2365
3066
1439
2999
570
1826
789
472
2230
751
3098
2198
924
430
1617
981
1849
1379
291
3819
2024
432
1875
1365
1700
1060
2608
1146
258
1588
283
3345
461
880
1401
3582
3144
1422
1453
2007
2904
5013
207
4425
2766
4787
246
1550
688
1581
1247
2347
2456
1311
2187
838
2703
575
1661
374
829
2935
2231
978
1999
704
1429
2567
3389
1000
592
322
1530
119
2586
2788
1564
1095
1219
435
2516
1542
1287
802
2177
1734
1146
778
2254
3250
2392
2646
617
1378
1224
852
599
715
3125
1999
2379
522
797
962
455
1427
1113
1503
1671
2286
564
4364
1628
1276
173
1301
1435
388
987
339
2321
887
680
1589
147
350
582
1903
2012
2247
1083
1117
1979
1551
1068
1374
287
566
1336
3180
2684
586
1738
2668
751
2781
583
266
799
2251
2443
1298
327
1954
941
1155
622
616
114
461
2999
499
590
65
1573
1708
2831
1673
2782
1108
172
1119
268
114
230
2617
2722
1046
2007
2290
83
83
165
2813
556
662
2050
525
1999
556
1969
135
332
1158
87
591
430
1340
1434
2636
2500
243
145
2420
12
468
1530
4174
717
347
758
1596
498
27
1767
121
3159
339
2796
3006
2113
2606
91
1935
1081
1095
926
2680
93
245
2187
1276
1506
1855
2031
1620
3303
732
150
2271
1919
2652
1681
262
2562
1946
690
1159
2546
1040
2462
1865
5070
170
1760
2563
858
2131
1588
1406
2420
2792
1039
1369
1068
169
3527
34
842
3512
354
1195
921
3167
3079
287
2249
337
1982
1525
520
704
1325
600
2101
1232
3171
2044
1167
887
114
1317
781
596
1932
910
1065
3231
813
1367
2488
324
861
694
2515
1069
611
1291
2225
420
177
4081
1459
1211
396
459
1777
678
965
2579
845
1335
1759
2174
2337
527
2570
1175
1937
985
1739
1735
2146
799
3123
2153
4653
1724
2739
2243
724
439
1780
2062
696
118
1449
388
491
1055
795
1605
1197
196
1456
1170
2526
4172
665
500
2742
664
733
1586
581
4241
460
941
1600
788
2275
466
3302
1175
2442
853
166
1234
99
1497
1431
1818
2956
369
1104
1540
1266
1706
2043
1828
1297
145
275
481
1801
386
237
250
35
1376
1556
1153
1529
304
1668
1131
1786
966
2235
1036
2724
4899
1059
580
1347
1720
33
32
1795
1829
2126
1208
173
1152
350
2800
2525
1059
3651
722
2541
997
2379
2728
2143
2317
438
674
305
2623
3300
16
1805
1453
2071
122
437
1610
1896
2109
233
382
1447
386
423
291
1452
3451
644
1558
2654
680
21
1900
4814
460
3229
1984
1860
1007
540
2393
1613
234
998
682
2294
1299
1227
384
602
1258
2323
357
2417
1295
2674
2872
2262
2289
825
4476
1394
288
1177
366
3293
1542
380
1235
2057
2065
2090
986
3228
408
1586
1418
916
1524
1360
771
1165
2832
2103
1760
3382
234
1018
2181
612
663
2519
627
939
18
1446
3051
4783
510
1564
85
2992
823
1667
1590
502
2480
1802
1415
703
171
410
1759
1349
1043
39
507
3015
480
2480
119
1761
1684
446
3990
1495
1998
961
165
918
3039
242
338
1169
1432
936
3122
418
1725
2603
2111
383
2823
1946
376
684
2621
1179
2234
657
184
2275
613
1898
983
864
1160
1837
41
3894
582
527
1901
20
403
1332
1041
1221
2061
1211
2387
1652
111
454
2190
1394
314
263
530
2766
1461
845
1293
154
1516
1267
1469
272
1557
2137
1677
754
1724
831
3128
75
2117
1895
1009
2456
1550
1107
821
1487
2342
2988
531
1015
797
3216
2363
3358
775
1313
819
1996
918
4113
1076
1135
2289
1917
267
422
1647
978
718
2137
2262
734
1786
949
191
70
1734
2517
336
1529
518
905
1270
651
1460
3115
2118
1178
3128
486
703
483
768
1340
2161
1359
2996
605
277
2019
567
371
24
286
1268
2729
8
1196
1384
502
1039
473
578
2384
1168
289
2737
1044
1387
1641
1227
142
1081
1581
2758
2847
1366
3386
647
957
1433
797
1293
2429
1357
1994
1125
1407
714
534
1651
210
3185
1264
853
1020
4
1123
1547
1596
1331
890
2051
619
2780
3564
1815
2834
842
1370
135
2692
2497
1615
1670
1718
3029
3308
2522
1426
1930
12
841
2829
37
1828
3918
1071
997
3222
2755
2037
400
673
1253
438
1929
314
1196
1629
1126
1009
933
465
1595
4401
1886
405
1023
633
434
342
975
151
1132
204
1820
2510
119
1915
2436
2051
882
501
2556
1650
1155
365
341
686
1748
1846
946
109
3317
1511
1683
2652
679
2264
1399
1449
2213
1500
1368
1825
1193
89
1457
1324
776
192
889
186
1052
770
1866
1705
772
250
540
86
2605
1633
339
3266
1362
536
1497
339
74
903
2404
972
949
585
4054
868
3052
2474
1113
3591
1281
2151
2527
2936
4862
125
1120
2136
1145
1972
1483
1503
1242
1226
2254
144
2439
1157
26
1178
1431
1767
1905
3254
1717
960
336
1435
399
2831
4143
1327
1076
722
1654
305
150
1624
798
826
316
1170
3468
1213
762
2013
159
365
2835
157
2357
3353
220
2243
796
590
1495
1023
277
957
3314
1092
2116
1331
184
2365
704
4328
705
43
717
318
1176
2292
1403
1612
44
2828
2267
2751
2332
1021
576
2201
2525
2048
164
1684
266
677
403
819
1381
174
1293
320
1704
634
1478
1828
2599
1
2753
2303
927
2198
411
943
1341
3314
1722
1067
149
3662
212
1556
704
1459
532
2365
1077
3087
3056
800
2551
172
202
131
3782
949
631
376
2928
516
697
1290
1388
1762
957
1428
656
2111
334
1285
1214
1150
246
1431
3375
700
224
1915
713
1603
1413
2565
3485
2205
1347
1657
1106
772
2712
2566
604
3764
3272
1863
968
1978
3089
1446
1550
4289
2018
1554
354
234
259
3
2633
310
1539
2437
1816
1972
2837
3520
3149
1475
3080
1263
767
81
132
1158
420
1884
1403
215
1976
759
1647
21
1564
21
1298
261
823
2349
235
1361
900
2329
2463
932
879
1692
1415
2359
1411
1846
173
2727
1396
847
1222
2728
255
398
892
111
52
88
442
355
959
523
2128
1502
638
1195
1931
1621
2652
2299
584
4416
1018
974
1908
511
1678
2071
3967
1257
244
1173
3321
1346
288
205
3032
703
585
1011
415
2132
2888
2249
839
879
1602
2846
266
1743
2528
550
1036
2070
3193
2145
581
1640
194
271
328
1001
2073
222
724
2977
548
2989
3213
1860
2636
456
855
970
1128
1472
568
1888
4110
188
2904
2063
2668
1572
1153
2960
2519
2164
2248
535
3437
883
1152
513
3200
942
3654
966
1898
656
776
1797
270
188
4233
1973
2261
2340
4045
1213
3091
354
2038
2542
2125
512
142
3216
2147
850
784
1765
2732
1380
1013
189
3477
1095
1890
397
342
715
1272
1841
382
306
3014
915
2439
2098
395
1286
1835
2849
997
701
873
5068
354
614
1522
1832
2674
1282
314
85
1735
106
1559
4111
126
398
472
2676
2150
2492
1142
561
4779
3210
2794
402
3196
2126
1682
660
571
160
353
854
1846
1235
2525
780
393
1342
4875
841
1678
553
2532
51
867
1239
954
220
1323
1907
2854
1433
1434
2444
1291
3661
1061
1582
350
1461
2322
761
2771
1117
2427
596
3316
951
1291
1822
2673
634
1683
277
1970
582
2237
954
576
1749
3171
787
1491
721
1606
3149
428
860
938
3210
297
1003
1890
1068
2021
3014
234
3399
797
678
2100
1230
1089
3118
1685
1915
508
2773
514
1896
1682
1508
5
1062
2418
2536
905
794
3458
128
2305
191
1219
1415
1852
2857
2144
2034
1124
989
3033
713
9
155
3210
1868
1777
588
2481
637
2282
1822
3
702
1079
1554
2203
1720
1291
846
1161
1574
1867
733
2319
733
1816
321
2143
816
720
1433
4694
2537
340
1738
933
901
342
1391
245
1525
814
1234
1463
3062
1473
1891
2437
1093
1234
2096
2870
669
2081
3147
850
3384
724
870
50
1634
1654
554
990
2064
1162
1105
2097
785
668
611
1210
464
340
732
581
1866
3398
2246
4338
4557
