real_Parameters :  tanh 	 failrate:  1	 Fm:  310.5756	 且最后的Fart/Frt:  0.5643158652		   Time :  1.2526

146
198
317
321
399
431
68
451
136
177
157
574
518
48
490
665
23
415
366
559
347
27
162
460
686
461
197
77
536
18
281
352
625
25
450
101
210
644
46
58
39
148
128
337
193
370
1039
44
423
590
414
214
241
315
487
323
290
33
191
29
389
347
35
78
579
156
136
282
386
160
512
589
815
143
181
453
134
512
582
263
13
112
206
502
326
366
1018
386
25
829
27
220
468
220
272
238
368
267
391
126
75
471
92
603
197
716
194
37
560
605
263
32
317
294
379
254
31
297
18
92
259
281
199
50
252
123
439
361
293
240
195
532
689
716
492
311
309
23
381
158
420
129
394
209
620
336
719
194
135
636
304
92
678
263
652
530
439
61
369
265
353
43
3
135
261
498
95
173
390
830
501
258
198
513
21
582
391
583
559
52
39
304
798
122
302
73
679
508
428
75
545
62
64
88
299
214
281
87
50
229
146
684
165
130
402
15
420
86
559
442
260
172
387
548
301
562
181
436
400
274
53
505
586
476
386
761
22
337
27
74
627
101
301
130
58
608
272
340
409
86
688
26
86
394
204
329
87
145
198
94
287
388
772
333
620
187
136
244
526
232
133
591
416
355
76
425
267
393
429
405
515
169
170
167
157
336
210
529
288
357
710
549
468
354
30
210
757
42
526
165
141
436
76
37
776
281
228
142
120
308
482
389
163
214
239
462
286
333
72
294
517
120
139
217
568
308
272
51
55
78
109
359
498
314
93
152
291
527
460
798
725
58
171
21
418
701
533
404
131
157
384
885
556
421
375
790
270
699
16
397
574
178
294
30
599
353
379
138
122
267
405
96
232
259
129
497
24
73
492
314
165
113
239
62
273
622
145
178
95
688
91
348
326
307
549
490
550
412
537
38
234
311
210
275
636
556
489
534
130
180
462
192
210
1003
539
362
596
145
116
265
6
368
353
236
6
367
217
246
549
27
111
196
313
291
15
659
176
533
163
201
319
803
251
214
5
209
340
114
41
691
254
526
1098
56
324
63
78
247
624
397
80
81
133
783
288
416
28
656
290
478
244
392
393
228
15
138
260
320
197
267
52
429
329
296
490
150
328
354
218
783
283
401
371
227
197
176
199
245
481
416
412
578
157
169
938
41
27
404
262
355
83
84
244
189
598
540
356
415
322
233
386
1
252
610
261
231
267
184
359
2
246
695
971
5
185
678
240
99
233
121
499
119
40
264
151
443
168
91
460
686
630
415
350
714
316
569
463
533
290
38
369
205
137
46
113
534
120
263
391
275
505
50
331
389
55
340
52
346
372
143
96
197
661
188
436
159
252
149
393
466
235
567
377
68
328
742
151
240
222
142
363
538
249
51
291
108
440
304
164
373
192
851
33
65
114
238
93
114
272
196
64
617
578
144
43
282
424
239
580
58
167
721
178
963
156
172
474
294
243
614
90
345
105
137
431
16
439
869
423
66
166
458
421
456
455
87
150
537
535
240
316
454
191
61
335
249
407
118
802
452
813
80
568
411
267
100
29
556
320
91
124
1189
248
487
285
605
406
324
417
404
31
76
620
435
35
416
193
292
217
351
480
506
327
259
172
46
265
349
303
579
443
70
160
222
711
18
681
546
256
274
422
136
187
163
30
406
410
391
456
482
201
554
217
714
21
826
51
199
360
202
147
247
174
39
52
277
108
43
447
710
215
233
935
543
24
330
262
592
19
848
424
205
109
374
429
463
259
83
11
133
388
166
491
610
524
402
18
270
327
464
173
13
544
142
325
37
62
295
239
160
127
42
38
673
280
829
387
105
116
85
300
403
360
9
225
474
625
366
419
7
375
126
357
57
595
546
125
239
411
672
12
213
91
487
345
20
381
94
2
340
209
24
813
488
182
571
221
331
95
706
266
196
19
262
171
9
370
60
10
136
145
219
833
333
537
61
363
363
894
103
224
287
533
497
235
31
362
433
350
681
50
201
292
418
278
97
202
183
392
111
572
77
412
246
195
54
493
338
1
456
344
913
82
544
148
224
311
530
296
53
579
1011
449
355
53
510
215
374
152
358
179
939
439
933
189
594
485
48
563
160
53
456
395
269
39
343
792
242
235
623
4
182
217
77
435
24
459
133
28
176
384
184
375
91
15
536
495
189
428
155
87
28
578
73
407
119
74
344
504
95
183
95
420
344
499
483
249
300
152
152
401
666
284
164
227
256
137
280
62
117
427
267
140
197
138
137
349
7
419
102
62
612
285
233
336
512
378
322
85
305
43
577
634
294
362
362
186
546
302
377
428
457
663
85
673
299
346
214
480
134
242
23
538
465
808
16
13
191
56
26
377
184
590
471
196
159
160
479
81
209
788
634
308
50
270
235
207
461
108
314
100
198
97
473
180
266
995
436
35
330
552
114
243
304
427
679
274
292
222
305
466
331
127
315
291
30
275
106
128
522
469
283
255
957
62
435
73
88
30
276
539
243
165
275
246
365
168
627
356
368
566
440
337
214
157
466
190
58
258
181
498
488
87
200
362
262
154
509
30
136
460
325
593
473
866
642
328
715
352
62
45
84
252
158
137
710
503
91
396
358
12
778
164
157
33
107
237
134
613
218
361
151
443
309
335
25
471
132
8
482
437
426
284
754
18
114
150
496
122
668
581
59
13
287
105
326
151
182
279
157
177
367
300
457
309
51
188
243
371
27
314
1
579
312
178
348
67
296
233
310
417
197
281
112
89
211
125
323
334
423
198
535
186
98
1
194
79
97
148
206
171
888
38
6
358
110
376
997
98
10
318
154
264
78
216
568
52
542
78
421
835
484
483
438
140
210
124
142
284
204
13
114
334
44
166
608
522
1007
319
14
645
232
443
151
376
34
691
204
188
493
280
107
405
28
189
14
281
150
588
249
343
624
223
653
330
241
463
283
172
276
300
119
548
203
108
203
370
269
270
245
500
8
490
286
245
161
641
704
714
40
115
673
284
424
157
84
200
553
176
120
232
357
21
13
32
37
518
218
148
142
627
458
215
300
153
58
311
531
125
291
763
324
111
221
69
575
368
127
519
55
249
116
138
644
993
99
268
801
40
320
404
60
734
210
283
267
2
308
367
440
227
230
203
357
367
175
312
259
54
224
572
426
493
734
465
505
218
82
592
299
237
4
177
103
199
228
516
706
494
230
343
405
426
968
210
23
306
113
201
303
25
134
305
543
18
305
276
390
245
199
579
637
682
538
293
270
539
745
111
23
247
421
431
337
241
422
402
443
503
520
165
238
501
565
387
271
139
331
191
360
84
394
350
663
718
165
267
310
127
166
37
80
342
88
14
160
306
276
605
31
288
87
102
817
443
28
205
190
121
12
171
232
166
247
588
99
501
53
576
35
308
334
518
242
64
496
237
471
398
68
159
40
545
517
28
279
551
42
94
245
119
24
477
540
192
297
425
1174
158
462
342
505
604
578
409
318
403
266
304
725
104
667
529
95
111
117
407
346
316
261
222
258
25
606
484
84
104
206
119
331
53
168
94
377
571
552
594
783
338
66
208
582
170
458
203
593
613
164
607
154
248
418
422
126
150
507
129
191
159
75
285
150
494
794
71
124
649
2
194
104
578
440
434
405
77
252
419
522
374
189
279
496
186
256
310
324
456
35
113
55
370
98
715
444
179
221
367
78
172
673
289
313
720
261
100
168
409
648
574
147
296
1190
36
55
239
437
214
433
178
154
64
65
215
183
463
1233
257
13
9
314
200
464
390
26
515
763
654
393
134
110
343
292
578
283
219
23
680
519
249
152
557
381
229
315
5
205
52
119
602
180
424
201
274
292
342
207
531
961
166
215
43
319
285
401
169
302
268
51
92
95
365
205
95
1002
324
37
634
207
304
53
192
642
607
234
108
4
59
897
374
431
209
70
162
233
167
292
91
35
602
361
329
190
210
130
217
384
713
3
163
427
292
644
456
317
33
134
358
658
526
194
321
718
406
279
274
223
503
166
381
50
202
68
71
284
171
902
490
398
242
801
225
2
341
339
173
221
469
453
422
413
374
503
675
750
423
536
151
333
286
397
737
817
441
704
50
326
391
230
237
525
66
380
75
860
650
14
316
95
111
50
105
63
290
335
399
725
331
142
104
497
127
265
422
155
476
177
465
671
4
659
272
256
81
300
404
214
133
209
268
279
267
332
136
417
8
373
429
255
261
41
363
845
166
474
237
240
437
261
594
648
239
535
238
184
474
432
581
179
478
629
157
225
361
151
208
488
24
141
26
165
841
581
283
61
721
539
241
509
31
454
421
95
133
440
370
253
151
42
267
447
357
804
526
219
389
223
178
230
126
336
372
373
202
170
214
296
333
326
166
389
5
337
241
176
487
117
162
354
56
11
2
528
252
81
542
138
193
25
576
387
2
558
359
97
402
426
740
640
464
58
851
238
418
221
268
195
144
150
314
97
327
200
473
160
440
52
425
144
870
86
327
334
444
72
438
335
147
569
109
754
343
76
188
185
84
312
43
411
580
400
88
332
388
235
79
508
146
564
396
283
327
599
286
264
824
529
528
700
364
381
155
435
334
379
31
26
187
293
124
252
444
231
462
321
166
587
249
344
124
476
52
417
479
139
557
421
332
225
219
28
594
571
404
230
161
582
343
857
348
178
311
509
278
167
91
350
312
365
497
10
53
315
789
440
104
261
82
343
699
981
34
695
347
32
263
155
380
416
292
409
591
164
328
527
309
406
22
272
522
535
437
4
168
786
195
157
85
597
260
529
367
61
321
57
35
266
223
450
321
169
389
313
232
31
246
341
704
357
432
259
174
197
160
461
580
703
773
233
255
324
385
382
530
85
306
10
164
130
414
311
114
337
31
560
263
522
141
459
39
637
267
242
213
178
208
477
221
391
581
531
441
811
56
105
357
60
76
385
348
756
365
554
251
462
272
42
691
534
488
544
638
767
455
308
300
212
933
375
33
246
117
135
327
340
413
108
151
150
648
82
318
107
853
464
211
343
607
176
123
127
492
547
107
247
99
577
338
214
425
42
437
422
555
168
518
271
3
484
78
146
89
842
382
744
186
130
105
717
708
605
97
235
100
858
31
289
315
291
312
447
245
238
57
93
469
2
497
181
377
532
179
229
364
340
493
153
367
407
422
235
88
401
691
175
689
397
317
291
413
94
60
314
548
52
129
99
387
687
368
60
749
151
503
3
281
35
127
757
392
23
206
482
433
47
65
152
352
26
74
568
440
126
515
171
423
14
137
87
17
166
309
561
246
536
798
199
31
136
346
166
549
596
425
55
813
499
222
184
699
472
24
385
73
1104
4
22
347
234
318
61
775
223
231
533
169
404
653
164
211
115
263
291
85
226
387
588
176
148
29
440
501
448
187
563
611
68
580
36
98
225
589
45
436
197
673
426
486
63
167
601
471
264
2
205
149
412
194
203
553
118
429
158
813
672
359
398
402
455
602
158
26
422
173
63
261
367
263
926
465
11
46
154
576
180
841
212
512
91
690
317
499
882
291
484
369
125
302
432
325
568
409
664
44
60
386
426
14
445
192
167
160
513
147
143
500
202
353
146
452
133
442
285
110
10
387
83
402
103
352
207
479
736
403
461
223
251
708
27
107
563
238
423
572
254
376
171
497
145
76
558
224
181
130
130
451
74
175
241
58
214
330
182
64
741
681
533
392
468
268
276
19
215
387
109
20
84
773
304
9
325
218
82
8
309
138
430
488
85
412
488
477
307
225
241
81
462
1122
28
408
378
87
191
334
11
82
387
91
954
236
617
51
429
240
691
261
468
33
73
347
584
299
63
202
198
295
28
377
267
114
284
314
269
338
245
346
195
133
290
315
403
362
221
32
440
763
102
37
200
824
130
359
271
662
111
438
81
195
667
60
591
545
188
299
507
569
380
161
687
17
194
279
1020
274
73
527
342
104
43
436
100
188
94
206
129
126
49
178
248
40
399
22
561
127
435
136
556
266
362
153
540
618
612
245
15
474
618
370
114
68
103
104
358
171
323
439
790
104
529
52
393
43
89
537
54
161
371
784
660
285
447
572
539
140
209
588
454
401
115
438
262
236
77
512
452
353
88
269
154
405
580
120
536
492
296
245
15
306
291
570
84
165
54
337
109
178
500
1237
277
85
862
96
110
252
33
157
649
165
208
17
102
222
289
409
220
438
103
44
394
2
181
207
235
309
386
391
225
538
100
218
190
74
359
500
517
190
1015
385
530
169
504
227
169
258
304
244
203
233
426
520
340
130
200
66
319
212
462
288
156
569
118
291
60
293
14
143
739
48
186
597
216
33
682
521
602
150
598
903
309
48
422
422
26
301
594
350
620
126
504
143
859
799
410
574
538
85
478
630
384
125
635
24
236
152
327
226
166
205
567
143
132
260
197
17
24
303
75
481
190
249
29
636
323
526
39
420
395
77
346
334
360
495
48
142
279
55
443
183
20
29
876
251
212
272
65
616
305
105
122
343
44
396
194
494
774
3
217
181
326
131
1188
42
258
206
307
241
114
775
545
34
363
82
56
81
452
322
398
53
110
99
74
175
158
566
263
304
12
650
269
221
153
463
337
320
14
183
160
166
363
461
523
57
319
380
418
402
113
223
101
174
570
489
306
48
77
292
102
451
390
739
320
459
245
297
247
776
10
250
82
782
335
339
244
131
746
180
482
92
58
202
482
330
210
1241
617
502
20
84
463
40
73
293
224
302
246
662
491
806
221
190
429
17
720
75
151
72
478
76
521
424
197
27
48
592
280
603
392
487
26
321
82
236
187
488
52
188
898
164
857
215
467
454
26
870
675
216
226
197
573
266
42
22
41
109
258
644
32
632
333
558
32
61
351
300
65
692
589
53
104
388
180
430
343
521
466
439
141
141
215
59
468
654
803
477
303
419
435
259
219
254
440
402
592
527
465
189
493
416
327
735
521
275
193
237
253
288
495
76
168
658
326
247
69
590
83
572
169
132
398
362
294
337
253
297
691
599
262
207
84
267
66
616
521
652
108
654
972
130
645
473
403
442
72
138
360
521
284
254
25
516
42
85
585
152
297
269
375
445
104
124
450
327
515
499
567
248
27
242
367
435
2
99
1
26
388
392
370
376
30
45
105
91
98
694
113
191
38
78
214
649
284
292
451
284
496
726
320
158
16
838
253
384
182
391
174
27
159
197
105
636
674
2
445
477
588
15
197
375
415
342
654
570
174
296
229
122
417
127
550
256
168
386
87
422
86
1358
454
98
343
280
641
678
344
476
589
193
74
297
131
191
277
80
336
20
218
410
57
91
537
322
158
434
293
123
183
350
423
198
491
362
352
56
606
457
4
860
320
572
257
447
574
330
120
137
36
164
217
19
322
323
85
417
145
64
428
884
187
233
381
397
235
541
334
29
41
78
5
118
206
694
377
336
392
539
156
369
236
557
665
53
416
411
337
361
659
480
904
180
358
21
111
578
342
35
464
254
648
473
175
70
134
486
593
348
37
18
55
44
540
255
180
910
227
227
373
279
511
221
127
309
285
792
162
301
84
460
700
127
444
547
465
248
246
103
331
130
412
228
397
411
704
81
330
43
108
345
78
309
6
581
13
1
348
259
324
166
383
80
120
52
71
186
127
431
282
92
368
346
169
183
317
440
5
258
505
112
79
336
16
82
229
275
279
952
206
608
249
54
56
354
319
560
253
549
289
226
485
425
336
535
547
4
61
35
342
429
125
149
657
181
237
273
73
145
494
685
414
331
558
636
559
682
292
648
150
286
29
620
94
64
465
180
123
151
151
352
855
163
23
64
411
37
81
10
68
102
2
128
57
673
732
86
436
331
198
186
606
283
947
107
281
162
290
180
221
439
164
33
76
675
516
112
345
358
384
198
224
267
378
805
121
441
869
330
810
240
65
37
396
79
406
194
132
346
305
759
208
316
281
35
342
222
371
475
341
392
381
653
219
96
97
296
562
189
154
403
76
302
166
461
286
382
146
437
308
721
19
197
188
412
342
44
738
365
47
174
226
271
423
438
155
314
110
194
182
212
178
33
15
154
322
19
175
448
64
199
89
934
186
242
639
285
40
582
708
308
223
360
291
133
8
78
130
65
19
295
655
27
670
661
52
307
296
225
126
167
418
176
147
491
95
20
409
255
356
881
435
274
544
65
230
141
224
330
430
51
109
221
94
664
290
149
403
239
168
915
151
302
281
398
149
587
221
192
139
460
28
105
296
404
751
157
91
437
250
191
358
366
328
303
99
88
340
397
42
682
322
229
49
1
607
148
105
35
532
196
272
400
545
259
750
249
649
491
78
565
209
450
698
674
152
96
278
312
31
222
242
22
79
321
411
89
383
152
464
269
445
629
335
409
588
348
58
135
513
347
380
478
707
496
405
164
692
342
206
380
447
358
314
46
561
742
431
146
880
119
209
297
21
404
46
797
158
174
301
389
196
189
365
209
222
327
575
621
264
250
62
24
474
805
382
55
369
250
467
458
454
42
494
383
298
99
165
116
223
539
170
188
209
57
77
187
152
239
166
531
183
573
209
335
43
198
618
48
334
88
176
275
168
515
438
358
785
177
16
406
532
368
329
359
259
302
460
397
718
573
529
447
152
53
572
90
589
438
102
607
352
72
39
470
126
586
359
240
336
220
587
150
190
336
483
482
3
227
34
192
436
686
137
666
127
652
428
257
289
434
295
310
96
530
353
287
243
98
39
90
389
160
411
352
180
505
170
119
363
460
392
234
439
320
249
679
359
67
472
348
402
349
329
232
389
107
692
341
351
342
205
637
219
131
593
29
468
619
215
189
454
145
154
501
151
435
204
598
80
254
228
193
4
114
583
1017
415
315
59
673
144
265
158
642
107
490
652
274
27
374
952
8
844
7
422
121
583
289
328
13
455
528
569
449
371
19
94
230
51
556
174
260
752
152
329
422
415
90
26
143
442
226
169
363
481
464
495
463
51
102
404
507
734
352
382
220
187
943
860
228
414
658
49
225
224
97
38
361
431
108
521
299
117
25
1069
824
187
263
781
470
391
673
44
205
519
570
203
584
27
6
95
106
363
39
218
380
245
104
314
437
30
654
83
77
332
94
349
789
178
34
269
371
318
106
212
260
142
109
723
344
537
310
585
302
225
177
54
499
242
461
31
48
485
34
55
482
463
66
475
280
219
228
403
239
473
216
531
289
71
217
360
504
310
258
67
750
498
226
820
475
835
492
679
487
638
393
326
43
279
362
199
658
642
425
496
747
60
132
205
363
51
225
743
124
328
628
416
303
175
29
445
241
73
16
68
332
274
158
9
569
446
194
667
362
515
144
536
64
535
100
246
685
6
49
114
282
85
641
12
149
526
113
392
980
207
173
231
323
55
528
134
128
334
174
524
189
164
474
146
358
91
49
69
210
391
232
765
406
181
269
162
456
310
342
142
110
367
689
77
108
613
20
8
507
18
378
220
373
367
39
332
272
5
492
43
146
156
573
73
400
539
427
489
34
140
66
257
52
507
153
440
205
535
458
685
323
449
276
387
596
869
359
398
109
466
660
134
223
648
184
718
305
428
205
3
35
113
229
423
85
702
402
230
375
61
432
246
279
283
239
680
302
642
492
232
118
310
8
295
397
385
155
238
76
78
391
548
327
427
81
122
125
891
34
298
233
496
440
418
267
11
103
185
320
308
1206
496
577
111
128
289
227
245
149
137
371
78
180
506
159
477
232
2
381
197
220
216
406
333
20
90
86
190
285
44
581
377
840
160
88
49
285
12
16
126
256
614
566
366
33
831
321
729
519
230
455
131
315
716
129
588
504
526
12
217
483
61
112
141
328
606
574
235
435
168
36
552
796
452
123
422
42
107
78
66
560
663
271
166
459
758
71
281
229
60
3
289
166
213
62
143
245
87
9
53
506
416
26
498
27
121
97
173
255
267
621
207
32
408
532
255
143
251
347
220
162
296
273
11
208
530
672
113
118
260
61
722
92
578
316
37
367
556
338
95
14
19
734
66
516
273
433
304
157
92
957
119
73
482
234
952
272
617
374
228
130
453
196
578
155
35
242
150
427
20
365
225
116
384
65
384
257
424
48
422
166
243
143
98
357
625
521
427
540
647
39
194
448
526
23
220
350
611
111
286
228
528
9
19
669
149
181
181
63
342
231
47
162
423
156
286
325
63
315
326
105
585
35
46
574
334
255
153
617
292
6
586
775
1005
130
70
148
282
266
170
433
810
66
163
598
6
540
307
392
339
630
549
268
114
247
91
46
76
36
67
342
69
82
200
347
331
594
120
100
314
299
41
585
490
512
354
685
279
686
247
317
222
403
685
474
197
96
160
368
4
153
912
198
147
592
221
628
477
115
506
12
440
898
185
223
148
96
257
262
219
231
148
694
404
332
143
284
528
429
644
756
241
38
458
496
441
200
279
28
305
17
483
574
190
805
588
2
475
440
94
115
509
470
360
72
349
231
181
257
116
266
643
471
220
177
89
83
527
594
439
53
135
146
379
314
2
162
23
287
468
246
519
509
296
494
371
394
376
184
356
614
216
693
493
308
197
346
318
311
429
804
133
97
401
451
581
25
486
577
390
637
48
633
686
185
94
115
86
535
100
95
683
274
184
15
394
336
10
15
317
669
29
275
532
362
581
227
313
45
478
233
86
579
755
350
388
387
192
411
17
330
556
256
880
19
200
196
749
14
232
137
228
147
168
292
122
314
162
112
311
442
60
881
194
60
310
225
200
73
23
304
150
397
742
267
188
82
239
111
128
22
250
613
338
307
421
640
256
868
296
562
623
23
164
825
319
663
470
150
183
420
442
280
562
470
228
752
266
53
229
452
146
331
324
11
85
255
428
209
386
346
203
276
270
458
73
203
192
132
457
419
306
296
348
123
98
300
286
221
340
331
185
134
890
231
325
369
556
509
359
246
368
387
411
333
323
53
570
116
453
188
99
183
306
193
346
752
466
196
304
143
125
359
602
310
125
207
137
71
367
281
83
204
154
831
126
7
71
439
133
30
75
259
499
46
502
254
281
395
607
168
520
389
554
356
230
231
726
607
40
588
416
162
203
42
132
200
657
338
189
90
100
334
156
124
84
467
97
17
237
517
389
179
198
434
483
130
374
562
185
403
217
124
223
82
291
495
65
269
233
99
929
492
277
65
248
321
12
346
362
79
488
554
134
120
844
96
374
472
2
419
574
91
508
5
244
878
237
381
243
351
210
10
336
383
488
120
117
44
228
43
91
212
317
2
218
29
43
109
150
287
318
595
368
339
288
755
350
261
35
192
932
92
110
201
107
30
280
739
223
440
423
748
394
304
66
497
400
268
333
72
386
397
236
246
332
408
601
540
625
