real_Parameters :  sncndn 	 failrate:  1	 Fm:  622.9642	 且最后的Fart/Frt:  1.0110708966000002		   Time :  8.7074

11
105
124
201
375
470
432
424
186
530
177
510
593
813
844
105
112
358
81
80
449
76
795
397
157
241
94
751
59
129
56
104
354
379
274
86
198
516
441
1187
413
710
321
207
1071
880
1272
145
752
20
1319
747
1172
1377
897
552
699
291
265
1852
742
968
428
426
1
1394
915
372
50
1183
104
1072
466
74
731
147
119
1606
863
477
759
460
545
92
291
948
1052
319
169
1154
4
1777
77
605
2245
876
1812
266
1338
920
202
1401
967
2677
336
1894
189
1264
186
1070
59
845
270
1452
141
1481
317
139
459
781
316
339
2379
284
621
277
334
588
149
672
165
5
2232
166
365
3318
89
124
838
35
326
520
137
736
399
247
1713
339
70
3364
364
321
9
647
208
106
461
83
105
334
1230
234
425
550
868
906
571
527
2336
2204
49
174
403
549
99
1187
20
832
555
128
956
1130
507
161
1245
675
680
918
1122
676
567
1399
118
94
1062
56
217
947
470
975
1306
68
812
2033
723
455
81
790
205
699
462
626
149
883
817
460
1129
439
44
909
429
164
199
185
163
493
906
504
180
642
515
1346
1031
691
1888
13
25
1769
856
2855
364
796
461
839
292
944
383
2167
51
548
409
932
325
44
493
277
42
2043
951
533
489
1067
2235
155
1242
1069
259
1120
605
863
25
30
22
528
361
3369
1298
239
689
128
298
856
68
577
328
1368
96
1092
421
227
1297
97
1031
467
1366
447
831
599
783
390
2893
87
436
326
285
85
20
292
914
536
233
635
163
94
35
123
348
94
143
1853
116
1132
849
1409
243
1744
531
85
1963
2158
537
1352
1016
39
46
528
262
220
323
51
553
241
265
220
411
578
41
19
788
802
230
8
260
123
1559
361
17
2341
21
157
2468
2433
1082
346
818
210
2930
61
696
840
294
531
545
1282
199
184
1337
559
1530
608
94
832
900
312
125
234
86
331
1647
562
436
2618
145
634
109
2604
819
593
1965
1903
1450
742
1688
1053
406
455
324
124
76
1525
142
537
96
54
696
922
71
474
1068
1478
1226
223
97
818
411
1737
583
431
170
1003
105
285
890
266
33
1060
140
698
1251
526
481
485
1009
240
326
8
1613
538
392
766
2220
402
124
53
484
129
346
1764
244
17
414
248
247
1382
701
28
582
114
1568
1148
1286
104
33
47
137
537
17
802
418
608
157
80
393
295
657
652
2830
411
97
279
44
1213
405
368
441
397
20
857
104
1255
266
300
14
435
1530
120
283
974
1469
41
214
55
1038
1867
2111
305
1359
752
306
1056
899
2661
1267
457
195
112
1910
195
2087
276
552
912
1303
1588
353
1541
173
790
659
740
294
461
2832
127
837
2507
8
565
676
818
234
852
84
361
855
177
458
1658
196
776
231
322
911
403
257
263
1188
38
312
11
999
1927
469
698
126
532
458
92
1312
179
635
760
3153
283
150
265
156
731
305
84
356
645
959
215
2
84
21
162
651
26
283
179
1004
927
295
215
494
338
594
1786
105
354
103
7
307
37
361
1000
564
1077
123
1481
514
838
475
165
46
1258
398
1081
701
79
196
742
25
551
211
1331
73
3730
397
172
3439
163
64
636
636
459
513
905
378
682
385
178
76
1481
105
322
1888
625
228
779
301
591
428
212
1317
558
338
917
430
162
978
305
1241
268
260
1827
556
1737
416
575
173
384
139
273
2067
250
85
489
191
345
349
311
531
188
662
405
805
103
2374
200
139
121
564
355
1769
1078
2459
234
405
2796
290
125
203
460
64
253
16
1030
377
418
846
1286
182
668
1089
1949
332
323
293
2021
459
161
303
1286
602
319
1417
377
1533
76
1598
687
426
181
1022
446
281
467
636
497
1511
388
480
1354
28
442
236
15
2202
560
100
256
11
397
371
593
461
344
363
31
416
230
664
670
24
249
907
1556
127
1425
372
1302
1477
1389
790
834
1374
801
103
595
1429
1054
1103
531
1099
945
281
357
67
604
1187
1255
662
7
80
626
1943
1736
375
424
1077
225
129
224
2329
385
228
716
1256
670
58
92
2256
271
629
984
1282
1218
195
825
344
455
120
681
1214
288
302
378
111
44
1405
73
245
2323
62
136
224
697
85
411
598
625
75
1213
196
46
246
193
1401
226
35
340
42
1125
181
562
136
323
1013
375
1094
417
96
1041
469
709
218
249
86
21
177
198
527
128
302
427
87
764
378
886
626
1737
984
1476
25
783
353
180
538
566
1045
136
138
2052
211
132
116
138
964
55
901
318
532
54
13
223
765
693
1084
657
21
226
379
397
455
79
89
2188
1293
1023
195
353
234
210
236
315
30
217
4219
250
248
488
616
69
101
762
96
420
83
47
480
820
1998
166
419
976
615
51
545
301
407
696
288
775
1547
395
458
233
964
1281
443
912
51
816
147
193
1788
1910
329
278
681
2596
209
27
3413
1601
1637
769
1575
1784
202
376
1161
447
435
582
58
152
173
337
664
151
406
383
237
137
695
120
135
537
460
144
28
474
57
778
915
150
119
107
255
211
44
2765
263
196
524
368
157
89
475
3622
1874
1035
521
788
82
1090
123
6
633
51
106
131
395
315
122
326
304
663
108
1755
140
113
2399
54
1595
10
1126
770
1157
455
257
140
2161
51
507
1288
129
307
119
618
76
126
937
327
351
67
1743
406
341
420
256
456
489
137
438
52
530
759
343
60
3
151
384
793
966
29
83
359
278
1055
626
450
382
532
46
535
371
232
1032
420
657
241
1215
73
317
736
334
391
99
26
836
205
859
2
691
367
1808
142
739
255
1488
61
757
404
994
203
67
232
1583
623
969
57
216
940
210
411
970
219
1017
7
1069
506
806
370
358
235
299
186
767
1380
154
2420
520
304
154
622
948
639
1083
606
153
420
856
1097
1411
191
2171
141
1320
130
60
109
1139
78
863
1619
1675
1498
828
278
885
508
1098
613
21
860
3
22
328
187
1010
388
128
93
128
637
245
457
388
123
42
861
1287
445
684
903
280
537
968
1364
4
567
6
11
5005
653
342
87
212
347
264
502
1784
934
234
17
293
1143
218
939
1461
165
452
963
616
923
579
373
595
806
86
599
809
272
1138
2391
675
194
807
1184
346
214
1021
983
468
109
4
350
647
2853
455
16
284
126
58
1464
34
956
1163
1073
864
732
207
587
1905
82
106
489
1880
251
497
206
411
152
107
289
180
879
217
332
130
186
2
523
1153
2740
294
1175
1111
563
426
199
30
1223
200
514
75
1760
103
73
358
494
673
1324
3566
17
229
105
102
196
252
359
610
49
102
471
290
68
683
65
12
55
681
556
577
322
1067
101
849
89
136
456
176
721
482
94
338
173
961
142
406
18
705
948
90
425
245
192
709
48
285
616
2104
797
143
664
5
46
136
666
669
18
300
1
136
266
603
138
142
501
236
465
181
386
533
376
560
354
270
804
18
1369
266
375
1667
584
2333
81
582
952
1007
536
2023
1359
907
626
136
299
1661
232
30
279
88
418
60
44
443
65
962
11
200
2132
931
1406
167
23
388
514
86
541
2233
686
1377
1541
214
931
1431
1918
822
856
1219
15
188
399
1082
792
360
1068
1161
347
253
612
193
372
543
382
645
84
2294
98
288
886
40
207
60
891
672
365
174
105
137
40
308
249
23
15
1946
52
318
12
57
88
1202
253
165
663
225
911
1587
684
214
937
574
1366
55
528
857
298
24
1169
144
367
226
11
85
891
334
67
585
75
136
569
64
765
1482
128
1769
678
380
428
407
111
1600
61
1515
506
26
713
705
530
582
1325
200
655
424
69
148
2869
108
1503
163
405
208
41
1061
443
42
303
132
717
128
221
925
194
885
577
176
563
170
399
1274
2213
181
182
143
117
198
849
232
768
614
157
494
1123
86
611
15
2602
1
305
233
560
1106
422
818
113
1350
21
929
359
230
695
258
222
836
1423
697
189
1067
402
244
364
111
742
810
488
4949
152
1286
446
1258
800
470
9
32
49
123
128
287
241
148
115
2253
621
883
422
471
617
855
1550
1715
222
1181
1241
722
743
737
479
1166
1490
252
344
193
2756
351
1049
138
47
225
1353
187
440
393
296
747
177
115
441
2064
815
1134
338
413
100
352
475
453
495
1263
945
75
405
165
1573
376
2660
308
952
1080
4325
262
131
576
894
887
177
1098
129
190
43
1911
259
350
224
687
1343
1117
270
21
458
768
696
100
1006
313
350
1374
6
92
48
374
234
1026
1334
681
1348
833
2158
166
50
856
527
382
434
284
49
104
641
27
158
145
355
877
1841
101
601
339
2
797
106
1595
308
240
721
681
512
1123
1376
866
1706
532
505
411
341
1184
226
162
450
58
553
10
875
187
484
147
383
668
448
492
115
2650
417
1211
353
10
97
1204
200
661
418
1291
815
159
169
408
33
1393
419
38
47
108
760
1563
815
379
378
1385
21
99
375
1242
1087
831
74
661
549
1049
258
21
363
1312
70
958
3121
86
558
166
1061
336
1193
3
1781
89
97
753
63
393
47
1848
172
649
156
306
1343
601
1004
639
205
1851
52
436
829
847
34
584
1685
1430
787
1774
334
451
965
780
163
88
1066
728
1307
1163
1753
475
209
320
509
1301
245
524
406
92
2327
666
1033
824
318
315
440
138
12
157
212
327
631
682
448
439
661
942
2345
1396
742
378
1033
1361
829
127
419
815
235
1399
1394
665
598
620
186
78
409
210
725
877
475
650
168
607
80
1134
165
526
1279
750
544
577
57
2030
618
25
248
151
418
578
874
1034
360
1263
36
913
1602
93
229
218
344
467
315
1629
1418
87
519
1702
1800
165
155
490
1342
159
921
66
1210
240
171
1120
255
557
295
71
58
537
726
1443
727
658
928
688
230
1319
462
202
8
778
102
1012
2233
68
106
191
176
91
156
904
1216
276
628
298
92
259
919
1758
180
684
18
1024
14
1039
55
39
949
170
1581
138
70
173
833
630
508
688
443
523
706
1215
954
268
88
140
89
249
1612
656
328
237
219
189
143
372
120
991
1251
453
643
51
206
77
332
75
1742
417
514
2522
196
417
441
238
431
457
754
512
3131
97
123
162
794
1037
173
698
358
41
953
333
11
1452
1998
169
819
19
103
809
912
362
231
1696
240
327
429
472
274
43
400
102
141
159
77
661
99
970
188
264
81
2822
435
287
674
238
346
2207
732
663
357
315
378
81
970
156
125
694
143
235
397
122
114
85
194
413
728
344
648
302
64
1584
50
672
49
197
695
1541
777
404
220
1523
273
2046
165
46
359
114
117
488
430
151
345
586
271
432
1
1109
1277
416
1690
386
457
335
122
785
1018
382
626
191
290
130
882
1662
4
933
24
499
363
85
798
928
126
424
1849
611
115
157
887
9
615
242
319
82
94
1181
390
680
796
82
186
1068
686
722
151
512
20
3054
55
158
75
336
289
245
49
415
160
664
102
483
694
675
2132
257
513
1017
124
68
1557
428
922
36
332
2217
225
866
104
869
501
312
34
1297
418
209
711
416
361
569
379
394
167
168
815
328
960
421
434
1722
1195
7
555
342
381
290
1244
250
14
97
365
72
2346
502
1994
37
319
1198
756
248
2023
379
160
434
9
945
708
137
775
139
927
212
1289
38
270
321
973
320
72
638
699
430
213
944
369
599
113
709
256
1216
399
2248
406
573
1407
737
112
180
244
2171
966
318
926
16
516
272
219
1611
668
11
188
114
1860
790
68
119
453
704
448
406
861
723
50
29
83
693
693
1197
387
675
311
150
1481
1413
1364
90
738
905
407
771
471
615
625
464
604
268
650
491
1895
493
90
793
785
611
151
1614
25
198
924
1037
256
79
185
333
17
471
172
926
297
266
1236
261
1934
1487
669
174
208
1136
1230
1175
366
116
284
926
535
156
83
650
839
173
1503
370
144
1272
1095
441
131
2
655
65
34
228
578
7
172
588
1660
262
2236
98
32
1033
568
911
1515
522
397
29
675
77
103
592
105
14
50
216
481
792
560
235
165
323
5
167
39
158
62
337
602
82
1796
313
785
2467
575
1090
1151
89
1491
542
3113
11
34
1161
1136
1112
20
7
365
1120
987
275
459
2784
930
60
977
433
190
508
202
182
598
40
107
916
1119
232
331
281
258
45
123
824
269
51
702
1490
795
1638
14
258
290
2352
13
111
769
948
790
393
1632
106
830
428
1063
1769
853
175
132
189
236
577
1695
676
300
14
331
646
848
773
964
355
93
106
108
124
428
1654
216
113
1145
1895
685
1318
223
1429
862
97
75
624
83
1164
1835
478
20
30
319
392
309
72
77
129
1925
1407
1174
696
19
625
928
1355
664
576
1172
59
1005
190
135
1532
296
1582
62
153
1677
1013
189
965
438
1215
190
149
498
333
1306
107
1323
1152
516
337
625
2087
341
411
152
997
326
301
383
1731
58
974
3732
418
1311
242
50
814
392
75
254
4
456
169
139
421
24
933
679
742
808
49
275
1375
26
226
153
71
31
1024
372
379
355
911
372
89
1213
327
426
88
941
132
299
3499
368
97
1920
629
465
3
37
147
685
1358
512
341
3418
1027
2829
248
454
1146
232
423
315
94
842
178
237
1582
187
1560
186
896
327
197
328
608
460
471
367
193
1212
588
97
792
38
110
312
83
859
37
188
1239
613
753
92
211
232
278
1306
42
1525
300
1377
280
191
698
880
139
17
43
680
393
117
1869
126
71
1898
734
6310
1046
1335
190
129
2007
13
125
311
549
1123
108
411
95
1871
1067
283
101
445
2651
171
17
433
33
421
352
470
1344
516
310
271
861
1062
141
842
1469
433
520
1144
738
837
402
1485
956
203
219
118
1797
2073
106
603
885
777
1475
571
38
108
64
845
355
244
956
46
1068
2462
684
481
157
299
144
301
742
871
73
97
1256
85
95
342
612
2
1572
83
35
378
109
471
1
473
53
608
698
743
1127
700
2762
115
357
683
2184
140
1752
184
815
565
167
991
51
919
144
542
516
24
2394
974
294
199
281
210
2764
93
191
864
284
100
941
68
459
1519
371
842
1771
214
211
932
155
817
1402
427
195
223
567
87
991
408
1241
256
489
308
284
130
1385
1163
85
232
1252
146
1330
136
566
625
249
559
1929
95
2239
174
276
3448
220
675
86
628
576
383
64
186
495
1001
1277
515
99
795
204
538
860
237
418
278
65
1267
740
935
134
55
124
876
219
35
1565
92
1614
1911
2188
466
177
846
621
229
1224
2141
250
656
196
202
485
531
2320
208
105
149
427
131
49
446
2189
31
84
194
3521
462
1228
308
434
562
338
334
129
755
702
12
18
1477
1179
289
849
1513
17
105
462
85
1026
1369
1389
483
371
387
631
144
1415
151
159
278
907
1679
99
521
768
133
986
256
450
121
1541
427
318
634
1798
324
243
552
848
175
895
208
1003
1991
289
85
573
2650
1089
179
708
31
500
433
847
306
321
1941
105
243
1079
527
228
880
1363
472
846
1039
253
226
42
505
200
1742
358
256
100
56
664
1141
538
241
616
837
180
257
1506
742
397
591
187
214
437
250
95
157
3510
200
136
509
515
256
319
102
686
420
13
1098
66
440
720
35
562
436
197
77
229
564
1236
128
1068
38
104
346
172
640
120
31
201
768
497
269
482
1235
853
80
841
236
676
814
95
23
501
1042
2043
1170
202
13
2136
356
853
436
22
205
619
924
636
352
221
21
256
1028
1173
928
143
176
181
88
445
1145
338
32
269
28
533
172
205
279
291
53
88
1231
175
37
52
120
116
18
456
1965
463
1116
1875
649
164
870
694
165
648
55
80
141
409
294
24
372
27
897
1351
283
918
147
81
209
202
455
1565
1207
520
925
489
485
1556
485
75
1467
575
109
25
86
1438
184
354
292
617
203
73
501
11
782
418
273
907
454
859
1000
392
1481
2658
29
879
2
1192
866
721
76
645
563
2476
401
463
2890
509
546
89
362
1201
97
945
2393
611
1298
451
113
807
86
1144
67
346
270
3
795
1817
47
1712
738
592
166
1711
994
1756
735
523
91
3
139
1064
114
37
96
443
3683
421
366
1280
1549
1229
518
787
5
1426
249
269
1322
766
1024
2018
537
479
1526
206
561
239
47
27
437
440
889
1648
143
400
113
737
2819
1360
684
132
762
36
215
1799
1483
42
3770
573
121
154
389
592
838
1782
97
265
288
995
1226
78
520
189
390
904
464
1003
562
374
467
1224
1156
871
265
2720
810
2864
703
205
1020
883
1277
87
1448
287
209
341
91
146
1044
27
283
1335
442
1146
1406
95
1343
97
799
176
765
159
9
595
379
101
1069
776
318
658
292
71
459
617
120
130
963
149
231
170
144
110
1148
80
108
630
869
426
21
2780
236
38
1604
1151
271
412
311
370
374
191
228
725
22
108
1308
209
1169
923
6
991
31
226
679
449
719
836
2368
607
2930
537
570
661
552
597
614
639
986
1691
917
394
1468
180
876
480
48
1871
3
221
199
125
2595
2622
365
807
1228
141
16
709
484
312
139
2540
1535
844
884
864
1259
97
81
1245
1501
703
496
316
877
1154
989
463
319
36
137
1418
15
486
3273
943
350
1451
763
777
517
977
1163
2464
276
340
184
2245
601
100
117
309
305
656
64
1139
1275
719
436
885
496
1330
1791
634
1274
327
188
432
84
307
143
256
170
86
1373
12
150
394
87
113
2401
177
999
48
1319
709
481
114
426
429
123
71
81
680
339
952
15
146
597
339
2
1061
424
286
362
850
283
136
50
606
58
163
492
53
967
463
488
730
1047
1911
506
1012
253
670
1340
639
211
1329
603
885
221
419
971
657
204
2079
195
352
1456
388
1524
28
303
427
900
61
109
129
681
2343
1850
141
1950
1327
408
86
800
60
449
210
289
36
180
353
184
212
480
39
900
496
338
772
204
83
661
1063
576
3382
2695
388
1526
117
137
272
691
506
250
838
134
776
1318
3535
70
408
375
391
682
691
861
474
198
391
249
1685
365
605
70
2655
1498
16
539
749
946
305
1105
134
394
1285
758
291
1564
1387
33
749
235
688
226
651
189
458
35
952
39
754
168
1343
429
131
1670
150
283
151
1847
58
275
815
1071
7
703
1242
621
1765
220
578
645
1431
1252
812
114
341
1672
653
88
101
1240
1445
2365
811
199
330
649
526
572
721
473
771
2208
217
272
107
161
20
2294
322
7
10
563
529
799
1347
1478
256
902
127
78
1248
535
389
20
317
494
345
75
161
980
453
73
66
1365
118
1525
1093
1472
347
246
1492
503
109
641
136
30
1295
233
275
614
533
302
2793
6
801
731
207
2415
75
1844
60
134
140
347
143
1018
609
343
635
2014
899
449
84
1134
294
350
416
188
978
247
21
49
26
449
209
25
1652
234
649
419
43
11
1020
405
109
113
1317
34
1058
522
515
1207
226
76
212
2828
886
47
698
500
20
331
171
1466
825
1255
34
209
103
15
321
307
2605
45
281
238
26
325
210
1570
248
111
575
73
875
202
472
1454
138
2155
783
748
1564
210
1955
1413
2599
202
59
767
104
424
421
346
2207
336
2231
1828
1678
1052
89
559
688
97
797
149
87
618
274
55
286
193
115
3057
191
2966
817
1397
124
934
143
343
874
1466
50
1052
2015
608
1252
342
79
506
247
32
473
286
975
1558
33
860
1421
811
278
697
430
82
154
717
730
839
785
776
305
216
515
136
1695
421
1032
52
1346
558
439
3037
1351
659
394
79
1114
911
41
428
119
239
235
532
124
480
1514
1
455
1010
282
152
750
39
2349
1195
652
374
541
123
1049
624
1005
471
456
67
312
546
382
610
923
151
170
89
225
715
22
1963
217
97
312
874
1048
97
169
1046
899
723
640
49
371
164
836
53
1076
521
200
56
526
1977
2543
1221
205
868
437
252
207
163
131
882
294
71
1923
77
171
79
304
575
474
693
1349
1204
358
775
106
811
106
852
884
324
156
344
1544
175
767
879
2542
617
742
150
500
1826
1639
80
324
428
367
135
1128
930
281
319
556
11
152
497
58
95
1235
1182
106
131
1587
782
1184
21
121
291
910
175
1011
973
88
700
855
209
330
169
1096
89
631
168
22
250
163
122
223
1637
347
13
616
488
2210
618
599
1653
293
136
203
194
58
78
151
51
1366
43
197
192
766
1103
907
1534
1038
29
515
510
204
846
141
1604
535
424
233
722
288
233
1004
445
767
1060
425
410
765
184
480
614
253
13
553
716
3101
2715
1577
684
120
1234
364
756
1720
337
570
145
2975
1024
738
4212
1326
757
432
458
714
386
1254
10
424
303
1071
585
776
191
292
178
933
285
1456
554
22
148
796
2
1518
2589
495
799
793
1868
180
58
129
425
447
1185
18
229
67
396
109
1049
1037
310
717
84
440
321
388
97
485
1003
1063
766
230
1091
166
69
126
98
990
593
230
329
480
395
139
52
1527
570
42
625
846
12
48
1276
1486
494
409
956
106
276
254
223
660
131
920
104
514
341
362
193
144
1508
1856
428
202
754
835
355
442
499
202
895
883
489
1714
277
675
698
70
856
1084
1008
136
1608
283
138
982
1783
185
2118
43
323
1957
443
773
828
83
733
137
1490
164
42
321
1474
72
630
519
405
470
551
750
258
66
419
87
313
62
748
12
396
2447
56
1040
294
551
119
1159
281
304
648
503
7
619
204
594
60
559
1990
1277
92
920
2257
366
1983
112
1738
983
1415
1640
599
388
323
276
544
653
346
390
240
962
1204
964
11
1828
350
19
164
223
241
304
484
1249
435
1127
1354
621
139
457
225
158
454
1077
159
449
822
467
2354
992
1968
207
582
410
309
127
446
1095
141
245
296
379
104
765
946
500
577
134
599
367
96
484
1196
315
42
647
934
218
19
330
888
865
323
292
770
516
6
1195
22
1146
1210
987
1903
470
1651
300
127
985
473
4
1706
257
1565
341
4
628
585
444
1391
261
312
94
268
65
177
977
113
643
1109
423
596
743
287
967
868
4155
588
83
365
1619
392
223
40
174
1838
37
107
2118
380
336
427
255
286
115
494
253
1664
164
147
582
450
628
807
583
70
1524
185
37
169
1262
2203
529
376
319
1173
257
292
123
875
752
728
487
324
381
1154
1232
1458
105
686
212
288
161
233
184
2042
1699
681
683
1564
185
97
1833
476
687
914
270
999
20
1314
621
747
149
1035
771
2507
399
277
601
918
809
321
181
198
8
675
437
1109
938
1774
159
475
1068
45
574
621
1298
269
458
582
384
570
140
357
1313
317
354
17
322
407
1500
821
579
96
29
599
727
14
237
297
979
1010
53
52
129
412
1910
23
498
276
510
503
2107
1271
779
1176
1470
2129
47
1095
973
585
1195
91
195
1464
58
1223
139
147
368
426
204
832
37
453
604
211
603
112
1550
835
430
105
1502
317
485
102
415
1423
300
741
794
180
274
660
61
304
277
441
658
148
348
321
1917
39
131
235
645
1537
433
1022
403
428
14
677
864
665
586
45
55
1054
974
488
267
26
24
249
129
738
18
345
1138
157
78
119
881
727
31
379
132
208
328
421
595
214
224
1187
204
16
217
308
1014
151
780
1054
1797
1267
1617
74
29
667
8
330
58
659
289
898
537
28
25
736
802
497
385
161
659
294
288
1160
133
1510
224
382
117
519
755
237
750
28
791
1008
228
726
406
2198
541
79
330
294
188
2154
485
704
514
1518
300
493
79
1712
185
150
809
979
434
586
499
1068
1618
148
1287
1979
772
1003
132
875
365
435
239
849
1024
292
60
156
1953
2238
24
335
395
259
51
1044
361
327
110
771
1134
1611
227
246
760
500
588
254
922
581
2031
181
606
1008
540
521
162
289
566
241
361
133
314
260
361
834
380
1410
146
437
434
359
196
57
322
114
353
292
300
556
1045
632
614
2129
74
467
580
16
669
1214
846
276
376
3845
441
528
185
1105
34
293
425
124
33
893
427
566
1921
25
574
1523
695
172
134
102
137
1420
665
201
347
552
1546
215
1240
70
30
426
1822
1501
1170
847
305
1695
465
1763
43
12
907
1360
2715
1114
561
267
314
601
1239
1370
849
250
25
92
2892
1061
235
170
214
1078
768
13
474
362
794
681
517
474
971
88
140
389
148
800
1333
721
141
646
101
1062
149
422
393
404
114
81
546
412
201
3748
613
444
442
141
117
449
409
439
27
11
836
121
8
307
751
1411
83
471
1096
2
1251
79
1141
38
246
45
2273
1325
1691
916
2522
1539
552
64
312
310
478
696
1031
1477
1454
2186
2440
2757
