real_Parameters :  gammq 	 failrate:  1	 Fm:  1069.5	 且最后的Fart/Frt:  0.8876850000000001		   Time :  26.0746

247
217
713
822
1058
104
1099
1053
1232
544
544
338
1692
1758
264
204
1358
559
1630
178
570
2724
396
142
183
579
2066
258
2631
724
2401
55
2020
553
1004
59
237
805
334
206
735
1826
1680
197
421
1033
119
225
198
234
580
3084
1405
2805
198
369
2931
561
2804
3240
217
2466
1482
79
72
483
3065
173
72
677
1680
364
563
4770
310
2986
69
380
171
2498
1484
1393
101
547
4980
2978
2929
2918
191
731
923
462
60
1416
1643
562
1534
969
1381
2004
1706
1561
487
1186
1223
2415
1076
57
1456
1374
1456
1054
485
768
52
560
74
641
3
2857
1720
60
1155
1596
684
1935
2175
2125
2159
483
416
2118
92
97
1123
515
921
1821
1728
1387
958
234
2002
964
969
344
1847
32
3971
2968
158
707
3196
989
187
934
1501
797
122
1967
1624
666
1986
2504
685
330
2337
1259
1305
1464
283
477
99
1117
2703
31
479
2499
43
1311
2483
814
1177
1116
1259
235
722
1154
905
1882
421
1590
804
239
56
841
305
322
919
1043
581
144
1691
348
497
390
1429
2537
161
598
2557
172
970
682
539
140
766
1889
922
449
389
612
1243
1614
318
85
3007
1539
1394
371
173
147
1501
165
457
197
103
507
906
1887
299
3645
2195
1159
528
550
9
1681
324
1615
2411
2397
1003
52
2205
121
979
892
1130
540
129
61
3410
2329
3230
1464
1305
2021
349
256
1103
43
2308
3278
3663
1170
1543
2174
651
2164
828
530
4105
827
536
643
446
252
739
1080
373
1165
1155
1422
852
1335
108
571
1498
653
623
181
284
1891
141
1308
1257
205
1290
41
1703
1494
540
2089
142
621
2011
1778
2521
122
2246
1998
235
87
365
492
986
260
418
778
753
2499
92
1123
3194
1724
762
153
3043
1001
608
142
4891
164
999
858
155
452
497
59
646
75
2473
360
916
989
110
62
1969
2049
867
1209
2408
71
615
2453
2005
152
477
378
103
811
505
485
868
1278
2245
1061
115
1422
474
704
329
1548
45
1190
807
1476
906
1085
1802
859
405
595
187
2545
199
5567
1952
429
72
1403
1126
2751
384
1679
766
3469
474
3841
661
191
1846
1140
655
218
1599
867
1512
10
423
756
1264
1921
337
4011
1152
312
25
1891
1047
2318
1787
498
348
1141
720
1143
1069
97
618
188
1570
2748
24
1995
1201
2521
1529
6298
762
1598
185
837
49
1127
123
803
671
452
2167
182
807
348
433
227
1021
2586
1132
670
1198
642
309
1452
404
1522
175
228
256
1070
750
1250
1141
83
1154
340
1422
917
1155
414
1493
70
2522
292
602
799
1246
281
4278
64
998
1488
161
1012
1215
363
341
548
46
1414
543
1830
171
2650
269
60
1207
1557
268
849
792
82
751
1092
451
5386
119
86
1068
978
584
59
1881
768
1109
588
479
243
263
201
3165
1412
160
412
1430
279
696
1107
755
3835
1118
200
1164
623
2037
727
4570
792
3456
1019
19
1876
219
355
180
1100
11
837
554
720
1745
1163
1525
1255
1331
1042
252
841
615
47
2844
288
383
773
94
1740
1168
1046
831
123
860
896
1037
1239
715
770
711
665
606
40
16
3717
768
845
2304
1407
233
987
3193
496
1887
1834
1218
2383
652
509
384
606
3816
535
1670
1424
1355
221
749
163
168
1076
1014
1554
392
1898
2003
1341
1362
1518
37
255
1955
660
181
1041
136
2660
1065
251
3081
767
3274
359
393
469
1319
2331
425
135
742
362
358
7684
6037
393
2099
1145
1072
340
2195
1890
2075
1581
394
91
1785
1341
40
74
84
838
708
187
143
2429
1378
493
893
1141
582
207
1706
72
687
1012
1806
711
378
42
541
440
149
1031
400
818
2210
1448
40
1926
328
1
136
345
401
691
1657
145
1086
4980
1454
107
2028
404
1280
231
708
443
692
873
1512
896
614
198
733
1826
182
310
120
1071
192
2171
1065
3195
222
2601
299
891
714
476
14
292
1105
1748
136
173
611
857
3009
704
117
30
324
979
1063
1
932
148
873
153
2526
4729
690
293
504
975
2511
2835
476
2262
1050
2067
129
215
1573
1092
3562
1063
179
1564
2010
2906
1219
264
1828
783
867
253
276
1330
77
1171
1954
1430
506
863
2657
45
591
990
97
890
338
663
1873
369
2917
549
589
1647
356
533
866
885
1750
1614
2217
1165
2201
303
109
350
2230
408
841
1650
742
567
156
1276
3239
178
275
356
1034
191
695
2328
353
1882
401
2556
139
349
104
1686
541
1719
131
111
20
259
83
2677
394
427
767
360
549
919
2624
82
271
2906
803
102
888
1823
48
846
503
94
1881
206
1984
664
228
1399
459
2005
392
1922
1570
809
2164
1280
403
144
324
20
73
40
155
1140
373
91
57
361
3357
947
1719
159
828
848
812
3419
1266
84
1210
938
603
1056
81
128
3263
558
54
426
2588
752
2138
1288
2733
59
1987
142
66
331
1910
185
344
444
33
913
1050
648
2010
151
809
147
1078
1259
3014
845
1512
451
2929
1863
10342
565
2091
58
146
545
418
247
165
128
629
1791
425
51
1552
1989
920
580
298
859
3299
463
109
169
62
3386
2941
1461
1431
130
1595
1548
1472
795
2654
1121
254
306
164
1738
11
2309
1786
1040
149
2443
671
583
847
1410
799
428
269
43
1575
1856
101
468
981
702
1146
4523
1915
187
337
816
974
1520
894
505
282
116
1769
47
255
200
303
2034
3449
3180
40
58
195
184
1578
1374
1605
304
538
3720
456
1008
483
183
220
1993
1515
68
1028
3025
2092
1981
70
339
1972
1942
1568
377
1804
188
982
387
1407
1098
837
1500
1146
3932
2316
118
1997
12
761
1084
729
507
399
841
638
2242
420
901
2043
1832
3930
84
2145
435
81
3706
2388
21
1219
326
825
3022
3483
234
1767
14
202
92
417
1093
694
898
200
212
1285
1488
210
2858
395
1894
474
672
2067
2703
2354
1147
31
192
829
340
1688
3140
1161
1934
12
376
360
2276
921
55
412
716
776
1860
1262
363
227
490
743
1929
3991
349
52
1346
259
369
2297
619
1049
2983
884
4481
904
124
2335
1305
1435
1950
1334
2018
1203
16
545
653
171
635
239
1128
605
1104
3670
662
386
611
661
1044
547
7333
1962
545
203
261
476
1395
2474
416
80
2466
213
1412
3328
277
3264
400
210
2156
116
715
2774
712
81
239
944
261
23
643
1592
1243
1426
49
750
1350
4
1016
970
824
4349
225
338
157
701
177
213
339
2469
1592
7942
1297
1140
197
338
1323
770
1399
87
338
1025
91
1097
534
314
1037
328
496
1740
2067
992
1536
560
92
1563
51
1399
817
1603
58
655
343
138
510
1846
394
1457
709
742
1507
1011
120
467
1046
135
2351
1815
50
118
997
363
137
1993
1574
528
1217
384
1344
251
2051
191
860
1648
255
500
648
1946
855
96
712
76
782
1996
876
226
2318
124
101
613
299
1032
42
59
6917
814
361
106
84
83
1403
513
283
153
392
181
1945
2204
602
4724
2313
598
1045
1922
51
771
557
83
1242
1858
2065
149
331
1364
1356
201
1292
37
231
266
278
843
936
1560
988
1189
881
434
760
1073
2592
204
749
1796
28
1763
380
595
278
250
483
1163
1942
3629
237
159
2861
656
66
941
173
216
4103
1282
1242
365
259
1291
2256
40
1220
1646
2876
1474
695
1051
279
5
2151
45
294
1764
463
614
4777
1270
398
2141
1175
2211
1673
3456
859
594
837
176
1052
62
1423
1237
155
1796
365
1905
483
5
275
1879
625
1333
41
1695
763
1073
543
393
988
848
2116
1083
3
273
143
88
918
1402
84
1107
3357
1052
187
37
886
1552
195
540
940
393
677
1358
189
111
1467
451
68
76
739
190
1606
123
152
1359
3990
19
996
431
628
488
1258
1125
445
1518
313
602
153
64
1973
343
176
933
126
2286
348
923
834
169
791
4247
1643
1025
467
216
1197
2244
1572
1660
714
144
106
654
1481
294
808
2098
422
1523
156
380
1552
623
416
5296
301
1126
1332
162
1042
583
43
2848
1068
1174
441
154
281
1718
3007
1322
2188
523
1407
1006
746
344
904
461
520
1047
953
643
186
3444
483
277
53
2074
2750
1656
491
88
118
438
1047
2284
934
1875
4888
558
2652
996
1300
1552
3749
1223
42
39
712
290
301
3667
491
864
86
5740
276
972
292
1002
479
1221
2619
265
136
800
578
4642
347
61
2443
288
797
1891
341
2143
272
45
113
1629
1022
127
1311
887
4466
605
497
464
44
201
453
196
533
218
3038
604
5
646
1631
1924
1150
871
1159
923
1113
25
1948
113
5502
1626
76
481
1065
281
2030
482
2479
3652
2844
255
3031
2201
46
912
733
125
457
16
3536
1836
4898
87
339
1583
406
251
1573
101
217
16
1974
517
851
2708
553
121
311
51
1164
117
62
425
391
78
230
1235
159
350
6
1869
292
2
136
95
2264
1413
405
219
3203
128
355
2304
1018
835
211
992
1165
433
573
1531
1473
887
888
533
2005
511
825
1542
231
1840
995
2588
550
250
36
32
7486
1459
871
350
2034
454
1129
4217
1273
879
695
2570
2395
249
130
1170
700
369
3414
131
576
808
636
462
380
1793
620
1287
499
95
843
630
737
2678
1424
473
775
166
2051
747
2756
1869
229
395
2767
1294
137
661
1176
348
774
1106
2364
427
767
259
277
613
1247
355
466
65
1096
1493
176
3270
1073
2467
51
2344
682
2008
1042
35
221
3769
357
237
686
1464
3324
1775
177
1912
1517
1210
731
293
1711
2155
352
116
526
582
1163
5098
791
927
168
1062
112
1981
2388
4075
1074
2627
1061
106
463
1533
824
148
1598
2154
596
436
55
405
173
1079
426
1020
138
1425
1657
465
1269
264
521
2158
280
677
715
2029
85
360
12
1039
3860
1476
246
463
518
1176
586
2700
1354
356
1127
1173
670
854
1273
4536
1154
2174
1947
865
49
399
672
1776
4262
3480
608
1285
878
2171
125
390
2060
587
551
1953
572
1950
285
49
2075
360
91
188
4280
1286
683
1126
3301
748
32
1103
1924
853
444
586
340
1153
646
720
444
135
1573
23
1629
319
1129
599
500
744
477
1869
219
2326
1559
45
507
604
1851
1180
1536
311
1207
325
1951
1598
172
1345
2438
988
286
2439
1312
123
1758
188
1380
102
345
1157
3889
1263
2146
615
2153
861
1564
850
254
1205
468
482
339
33
2892
1365
357
1652
558
869
203
662
686
2385
1176
896
702
377
5466
1181
1702
3142
73
1673
1175
448
632
2225
523
518
1109
1894
1319
509
1745
2166
1760
18
2459
57
1975
1310
22
2954
1173
707
337
348
976
2844
867
2408
163
39
314
3354
2166
806
329
563
354
183
1426
330
105
2367
2084
518
1599
1360
384
324
533
1046
6037
3870
893
3788
469
1505
43
779
3278
1808
1082
3721
303
887
1334
2082
155
678
149
2026
1558
796
337
39
361
1194
434
63
1548
1896
1586
275
573
724
3243
2015
3232
2362
1103
53
2374
1037
115
280
1000
107
231
645
1854
77
50
923
543
665
61
333
479
42
125
1349
2992
199
2370
2680
704
541
5949
481
2467
38
3796
433
56
879
125
1157
165
3691
2050
1825
1077
49
585
2030
275
206
228
1817
348
151
724
63
1273
44
619
438
1081
410
2566
1624
2636
406
1305
1941
1977
499
980
277
1329
236
433
321
979
1254
672
442
48
223
902
52
1565
318
56
903
331
184
44
359
39
121
1174
487
1601
77
2262
2207
583
561
928
472
350
2968
3387
1508
412
82
3246
1761
650
171
5208
50
1195
1452
468
3471
63
43
45
1217
660
590
784
1471
660
50
2028
2050
1381
770
239
845
348
4870
3046
3502
1182
1392
388
665
884
1246
27
1262
809
1026
1983
520
2250
858
68
47
1774
2523
443
602
539
4102
805
32
706
1867
3107
907
2666
1941
1000
295
594
1592
185
420
347
673
783
4674
153
1111
4659
220
818
2403
1054
1826
102
1214
2632
2080
513
305
933
210
315
1559
833
336
300
239
121
395
1234
632
1371
2599
1076
3050
1938
1146
1731
828
1361
727
457
695
1556
1342
3362
1521
1759
616
1987
1088
2349
222
428
304
498
146
347
2338
706
1039
1195
288
2095
108
41
938
699
1425
2527
1117
435
235
2233
965
1350
266
3301
2155
736
2880
2708
2973
3062
2524
1045
292
112
1451
66
471
1167
234
161
581
1198
777
323
2013
1316
1692
359
766
2105
3375
57
2112
131
124
48
314
543
1080
210
172
352
111
84
416
1313
1868
373
116
1223
295
1425
109
1162
2193
1161
107
180
491
524
800
203
1183
906
60
1109
359
95
1325
3440
1283
1318
432
333
447
29
4805
141
1759
805
764
2111
697
2000
278
127
66
494
834
39
81
452
1250
3227
58
375
742
713
199
1892
1511
396
2078
1461
684
2068
1064
670
564
2876
1685
154
3624
9
2431
323
2020
990
888
646
3274
1244
2597
397
198
510
111
449
235
1086
1042
90
2640
3643
2469
275
83
1064
1907
731
898
1146
2152
1922
1415
2683
220
1146
585
234
1762
200
1345
684
156
2421
937
134
992
70
720
279
1593
1238
158
163
698
91
1974
2731
2890
149
1326
46
847
17
2365
50
1457
1645
896
241
1965
11
945
2490
270
1182
150
2296
1113
1016
1468
905
1971
349
1432
614
601
1187
366
1174
1709
462
2281
5
649
127
32
1783
551
906
163
676
1648
1514
347
398
1843
2158
1244
737
978
1270
2434
295
829
562
913
432
389
405
320
174
1752
1449
205
605
143
642
235
5178
1087
1585
1877
568
658
401
1400
1046
291
1277
494
709
174
1617
179
85
885
534
1187
2997
1926
1473
1683
1078
2344
1216
752
254
2581
1
824
382
692
1213
91
1986
1638
575
2650
204
1694
741
638
524
1664
889
1652
1251
615
702
63
88
408
1213
2103
1242
592
2086
2361
1477
320
80
976
777
53
330
1196
5055
278
711
877
289
575
394
190
1719
1819
1333
174
227
91
420
1849
758
870
2504
97
4036
1362
760
210
367
2361
909
206
540
443
1696
887
1891
242
397
620
5337
382
65
1046
1028
1676
578
224
1725
2339
2475
881
245
620
193
1019
1327
192
696
1984
1031
330
691
5896
1340
550
76
175
233
114
2064
866
639
1750
2285
1962
2542
1434
1280
569
18
1212
2136
406
165
44
536
1053
3898
2263
3085
1129
810
102
367
102
231
1155
72
358
1204
1422
221
2653
441
261
1412
533
986
539
558
338
683
1646
18
1187
3382
1827
459
2904
1033
466
71
198
650
393
44
1541
83
955
415
356
1111
145
1204
1317
1729
1670
390
324
2924
552
850
322
5093
163
1694
397
1448
1167
3042
43
1926
1528
831
27
946
29
102
1348
1252
609
740
1554
540
68
1733
2019
405
712
274
141
118
322
1118
376
2012
813
1984
375
31
1293
982
430
952
991
2591
2895
306
729
444
119
1363
1766
1874
9
739
1293
1255
720
203
2255
1254
376
3568
291
326
641
1061
1435
147
2440
134
980
131
2020
771
861
49
2079
683
756
1359
46
1019
274
552
397
1350
218
3206
1838
721
958
1649
1942
85
1768
1070
164
594
2328
2272
2607
515
31
712
884
1492
927
1465
2412
1794
1866
225
2502
552
1004
1126
130
1356
77
31
53
77
1801
851
113
560
549
1056
1526
537
105
2981
1089
135
346
478
288
599
1083
97
1591
963
704
1167
633
816
4970
578
415
86
121
1188
1405
56
142
493
587
494
570
499
2151
1320
709
2851
39
2654
95
488
2470
193
283
424
100
540
390
805
101
373
621
5944
85
3194
1800
1736
646
43
552
40
1609
1157
2316
304
26
305
1194
432
1782
69
605
194
4194
286
2124
1305
1704
2011
18
1313
655
265
601
2037
60
1431
230
166
449
242
1092
361
1207
126
1309
2021
2054
200
386
447
743
8
1090
40
518
141
2525
1230
3098
4705
419
3107
747
342
342
3436
1177
1724
291
1483
81
167
116
2615
963
877
1129
4509
495
131
1875
2491
61
1235
498
459
1974
2525
7431
2713
523
2485
129
222
639
352
1934
1244
204
2271
2690
788
390
1615
657
82
251
138
351
2953
1036
150
1365
189
138
566
2863
378
2142
645
1940
231
3673
754
250
1744
2628
107
1361
819
890
462
1339
1830
1119
112
712
167
1113
1829
214
1116
298
1906
2496
351
574
1993
445
817
413
957
892
1771
120
2479
938
1969
1740
1139
1179
732
700
991
736
113
38
668
131
204
2580
5737
150
50
1412
1320
786
1895
248
2756
583
707
51
201
368
161
570
327
114
1378
260
566
55
92
2025
294
180
1594
535
879
1303
3512
366
4117
85
1211
1600
1132
1229
282
137
1506
81
352
3856
786
51
1192
2348
6543
73
127
680
2216
408
322
333
701
1145
1505
976
232
463
2079
402
2159
71
864
1004
264
136
306
1841
1358
613
262
554
758
1768
2667
926
267
702
1623
196
464
534
1919
863
1132
3394
469
63
1024
158
382
3530
3842
1367
231
1691
291
3854
235
2315
877
187
2208
303
1834
219
336
3013
1595
99
644
1334
956
991
1734
373
1206
2116
2301
2168
1729
1616
1073
2400
2704
554
2041
61
752
512
1902
2906
1093
197
2803
1138
383
609
350
642
335
1329
499
1329
3361
52
382
1700
590
133
249
1592
387
2097
401
450
908
1048
505
668
2108
959
984
66
582
1093
74
567
300
963
500
243
605
1441
935
593
540
872
1296
360
3719
267
1575
820
782
195
217
487
819
1354
255
681
62
1437
1858
604
4116
804
2396
2047
21
2221
3159
65
2242
531
291
882
821
1067
52
1164
1661
532
68
780
850
16
201
1085
905
78
23
488
2770
58
1783
1296
435
2102
342
520
3216
754
3103
784
565
3089
428
1037
1630
512
158
747
703
185
478
839
429
627
2150
2250
1392
484
2338
872
1528
1274
451
1852
2489
170
542
174
542
878
197
5
589
1858
1471
2189
103
171
712
1662
16
1056
628
615
2148
135
1010
3189
479
158
354
20
1540
970
882
564
4
88
597
468
1392
559
2196
595
646
309
274
1880
59
1292
1826
58
191
258
1223
93
699
107
1187
359
191
1669
1053
1868
843
863
326
1256
1260
38
346
103
447
1265
1467
1599
96
788
623
117
1085
1301
627
1175
166
1988
2216
511
1802
1474
1146
2876
454
576
54
4737
657
144
563
373
619
160
38
479
368
617
101
1154
618
467
491
27
181
2257
2507
3565
3480
1213
184
607
918
225
1297
68
3524
4807
1344
581
739
662
117
818
4148
1893
177
2082
720
979
3861
60
1056
2579
1934
61
754
2249
3511
666
152
161
2796
1151
891
1367
99
2883
2822
778
1849
708
1895
70
1899
917
674
486
606
635
49
2651
561
59
572
1217
639
2075
798
1071
406
1199
444
1980
1061
436
1545
209
16
937
964
2430
1893
1424
64
1005
3127
21
983
1850
1749
291
1908
85
957
1750
1872
1213
271
96
1773
1283
1149
5419
136
475
121
206
5554
1701
1635
2057
398
1474
360
1666
17
361
1275
310
155
406
1815
1722
421
698
80
1165
2340
484
3954
3221
362
5
1398
2601
1106
1797
1474
767
105
1
1172
428
714
1047
87
458
122
1167
652
876
4063
208
73
712
1142
2436
2272
516
2377
5227
93
1610
963
180
524
1895
1119
1459
89
194
1167
359
41
717
1865
1418
1038
1066
306
445
431
1272
654
140
440
692
76
624
2530
1209
499
561
559
1019
1487
506
1394
3212
705
21
1815
287
2348
751
370
2095
172
96
1079
689
319
2559
428
361
88
16
729
3284
1182
2046
223
469
288
1286
2118
1510
302
4512
206
110
222
29
383
2349
1719
2198
2758
1926
177
880
921
573
717
8
303
493
635
796
1244
1991
1005
92
1965
2552
1111
211
90
63
2205
397
941
31
2510
1260
2
45
2558
1343
241
623
3663
2984
10
2148
908
906
3668
962
1646
116
1298
505
119
650
498
525
1060
2049
628
357
1178
554
1131
422
917
1805
1786
1207
523
2371
40
992
4611
508
495
2394
304
92
2680
761
147
255
318
303
429
802
124
854
102
1775
1766
1057
155
973
623
946
1947
344
831
268
684
1706
1692
1588
1247
22
543
1938
227
85
936
1186
657
1201
3133
2429
86
125
2595
2447
654
2223
161
406
2265
441
229
415
1033
178
137
1586
996
2322
826
921
2732
1558
701
410
110
347
515
34
256
87
12
740
597
1014
561
1078
311
24
311
1197
368
407
1380
673
1174
500
17
1336
1000
1104
735
1384
1300
280
1413
599
168
293
436
892
1551
97
722
586
275
448
1944
1988
896
223
1411
788
1888
707
519
135
3453
307
1558
2078
51
2879
612
438
83
981
1569
67
218
598
2962
860
537
641
1922
208
327
196
759
3133
635
65
220
683
769
1227
2146
192
304
4464
1622
358
2414
4812
1752
369
467
2467
390
288
1454
793
660
510
64
423
215
599
738
2641
2301
133
1075
57
1110
20
1685
1590
249
1009
2077
2077
132
499
295
186
1530
279
35
1398
1807
17
430
1700
1862
2289
2157
346
897
2371
612
461
643
190
662
1005
103
969
62
21
371
82
286
1380
1662
99
1268
610
644
488
408
843
131
1189
261
1328
988
601
991
2517
111
240
983
623
177
571
2179
51
225
693
2151
90
440
1031
2842
836
817
657
188
807
3315
1170
57
116
608
1038
538
1316
365
447
1131
1007
51
536
516
3250
84
1458
3218
871
41
2914
439
2329
5228
925
709
1458
811
14
195
138
207
5616
2100
580
1549
120
362
2595
45
3744
452
516
1825
1324
1592
248
450
1771
203
803
483
535
294
110
374
2561
2
1001
432
2808
55
317
157
1078
211
1098
142
2233
3411
216
19
1325
1332
1843
23
52
646
20
238
1180
1333
1716
1215
1747
354
740
171
1310
1068
1035
2774
242
439
2012
3157
365
461
131
586
1109
897
78
849
246
3937
1182
1028
42
318
2371
393
5137
3639
376
214
9
91
257
2334
917
1450
2083
253
2580
628
75
1151
1559
46
2349
1536
925
1911
1072
822
1266
329
1640
628
34
607
803
1613
1328
2391
203
477
836
580
328
2804
158
1286
485
397
1091
45
2277
1672
1855
236
602
2982
66
681
1228
2136
601
1238
1640
169
114
316
748
710
442
26
406
2675
178
1355
151
967
64
84
1114
1906
1453
96
107
49
687
832
1106
283
169
1880
3091
3019
163
2730
1910
550
2338
130
3043
179
1170
1234
666
718
1798
2162
1713
757
1112
539
1615
238
160
2876
1478
157
698
642
213
418
1169
233
146
103
866
480
2575
202
1025
382
217
521
1235
1095
3368
953
1423
102
49
6286
1637
114
35
134
437
1359
549
429
4795
1350
1471
600
2233
1319
674
1638
220
5541
706
2143
1880
76
2289
869
956
457
1517
359
25
840
172
2080
471
1335
67
1971
3220
2567
575
2578
912
647
546
1481
2315
396
1441
1251
1367
609
787
6132
1412
181
517
430
260
1983
1395
616
86
505
411
150
1400
1924
1674
1182
3346
1811
143
2257
1353
87
230
1051
203
415
485
1632
1719
1247
123
834
1089
80
703
1386
547
104
2655
405
733
353
698
576
1930
3019
2119
1962
342
1481
127
1662
487
628
784
3070
944
3668
704
107
950
2067
498
2314
634
932
554
19
695
905
1163
454
308
1431
462
1233
1660
50
652
426
32
203
364
1075
6
1145
1182
80
1115
1544
50
147
839
1677
3678
504
43
206
2648
1493
859
150
1854
107
318
2087
2957
184
64
251
1103
1428
763
611
1005
372
11
1143
71
555
783
2742
298
4166
1084
2994
466
1283
1551
2233
1734
1140
385
48
895
349
1345
1080
1634
438
76
35
2619
1535
3224
1309
407
535
77
17
1399
2041
95
713
168
3448
1214
1330
103
1219
1906
1791
433
1793
1270
640
96
4803
1004
1312
2966
1712
198
1758
172
1864
10
281
1122
1552
2737
1282
574
174
727
714
1468
497
3003
1094
1868
723
33
163
128
118
400
2009
300
115
220
921
536
3326
367
2540
117
763
894
1138
978
505
108
563
989
65
1096
65
692
3731
1978
1354
1789
240
411
609
413
1532
161
246
1537
980
760
2207
715
337
570
217
460
309
451
389
1060
746
998
65
84
2485
979
1264
1501
539
1033
1228
674
126
134
279
921
1133
709
120
1737
1156
4324
562
55
3099
1451
1476
579
2523
2530
667
99
1561
3587
1055
58
1821
90
425
1969
407
1785
356
1504
1005
722
447
1030
459
449
1700
4435
373
3839
110
1188
115
1349
1199
708
358
1070
1014
1895
507
438
417
2203
1489
3217
286
83
2122
197
418
580
541
2197
514
1709
1313
918
874
210
32
1223
849
14
1559
1035
498
1383
2789
416
2844
259
633
195
1747
565
598
2865
3123
434
336
311
884
1297
143
427
2602
57
783
603
1499
2411
1613
1072
2
1823
596
876
481
1582
1353
73
2957
376
1807
415
621
474
584
1994
1173
1490
289
1297
1056
666
119
696
713
2895
208
771
510
2281
1843
485
5100
296
607
93
3266
483
3044
1568
3353
45
383
221
1825
2603
818
1022
379
1442
1431
423
713
662
355
58
576
169
1938
1709
155
640
1703
340
1573
2027
1515
627
109
3792
102
1903
1406
229
1297
831
1591
165
443
7120
109
18
59
88
109
70
957
781
464
1964
158
45
1682
210
233
1106
322
935
87
1399
1001
1703
156
985
2901
1755
1709
2251
66
1545
1172
2522
1037
146
1119
690
133
881
426
2822
4180
1231
1099
306
2778
2823
254
1418
102
1892
1304
105
236
193
2699
1246
847
685
819
304
1064
747
138
512
605
1771
773
318
301
1260
1026
725
520
284
1769
789
200
1301
2092
601
1127
1332
2690
321
2753
681
151
1528
25
1080
176
2686
311
275
2706
1932
498
150
2602
1074
44
1179
702
3448
2362
611
1042
1049
879
800
453
96
2181
1675
272
757
432
848
4610
631
676
709
239
880
1402
25
1709
1764
842
1265
391
723
511
1862
2097
1934
2664
1417
1152
153
94
1514
1636
590
382
596
669
349
626
1783
698
1848
1398
2381
1069
498
65
543
665
2207
1374
963
3297
5457
1255
682
807
886
704
955
745
1119
824
303
400
3660
967
817
1700
159
316
1140
196
984
3270
5024
1042
568
507
39
163
299
1091
1348
2707
964
3647
2574
4264
4582
6979
