real_Parameters :  bessj0 	 failrate:  1	 Fm:  439.2442	 且最后的Fart/Frt:  0.6030822866		   Time :  2.8116

281
292
38
208
444
473
503
506
338
210
634
462
126
237
360
148
351
43
614
937
39
161
310
10
357
151
619
59
85
821
264
769
295
741
150
381
437
407
585
140
1216
299
52
381
488
78
616
22
850
80
482
311
221
335
203
680
476
848
84
935
109
417
10
514
840
528
1474
886
594
725
226
503
965
195
720
184
39
63
1288
501
257
375
14
793
786
295
294
435
257
456
989
679
766
4
610
223
560
360
320
546
1126
301
502
260
773
809
131
636
340
1147
626
632
150
1198
398
660
642
24
87
1143
657
161
653
522
228
119
32
458
668
496
189
679
166
341
488
649
211
374
952
777
774
1198
250
447
56
1291
50
471
399
597
837
929
91
400
874
798
817
132
806
55
403
702
126
541
20
214
783
333
608
393
474
510
698
34
321
340
104
384
18
226
187
23
389
40
6
498
288
73
660
695
223
199
911
757
267
409
103
368
32
750
527
129
826
412
225
78
41
323
36
399
420
570
198
522
53
232
369
66
1685
207
323
151
674
885
126
189
390
416
695
736
846
584
176
459
896
977
1243
62
172
574
114
367
496
397
131
473
693
810
932
1161
321
668
657
28
459
151
344
586
41
1165
575
827
577
680
62
287
147
388
229
1403
257
300
1080
458
603
559
765
481
504
55
162
258
621
476
382
113
341
626
233
33
421
1230
237
658
340
264
384
232
904
544
412
315
101
870
123
270
931
553
192
1044
179
86
164
157
108
249
232
632
589
14
431
359
388
563
484
434
101
391
349
267
590
434
39
728
117
682
76
655
503
975
319
932
194
692
533
75
225
174
418
198
175
215
189
227
739
646
320
87
228
580
229
232
808
1856
791
185
70
1043
251
320
1058
13
529
203
1691
281
557
652
470
133
685
578
440
773
621
88
147
180
655
275
305
182
116
1015
1432
408
246
357
354
291
541
577
439
386
702
595
413
17
23
397
258
1146
214
507
550
182
1077
1052
2
67
446
133
334
1076
32
426
221
401
505
345
75
393
394
424
947
278
368
261
326
988
338
114
188
392
274
538
493
189
413
360
48
746
937
1053
184
307
721
1041
74
4
534
715
174
163
591
230
699
113
373
551
126
369
191
752
544
644
469
158
109
31
314
145
996
245
439
122
383
743
515
185
50
290
212
840
418
909
161
733
796
168
384
189
593
392
111
475
336
431
409
1477
301
521
198
799
426
256
303
113
1023
1000
599
576
872
532
603
514
390
526
412
1085
499
350
439
52
373
76
1174
614
915
152
770
421
692
93
564
273
63
196
217
96
106
82
51
482
1267
164
166
251
217
961
19
603
210
257
902
6
72
201
164
531
216
1559
1153
369
518
253
492
603
36
594
139
664
857
437
107
511
236
681
37
624
125
794
189
565
1307
71
493
577
666
243
208
510
123
68
597
569
443
348
753
184
396
538
179
111
938
191
649
341
417
746
589
494
65
38
602
625
576
740
169
1419
1298
265
450
263
163
7
590
397
431
952
349
531
510
761
300
115
97
81
271
22
8
9
619
260
587
23
43
298
377
457
24
79
455
280
374
185
270
643
523
31
579
349
261
855
1026
395
509
220
604
302
576
529
333
123
1080
394
713
236
319
309
285
214
389
615
553
342
1424
162
1563
95
377
1454
610
59
261
415
552
593
725
729
1417
613
787
788
375
550
590
350
670
1075
354
187
531
753
630
465
603
394
90
258
974
302
32
386
143
580
555
71
133
589
700
210
851
362
344
320
415
233
761
6
609
245
239
148
496
920
63
732
330
621
1044
749
336
274
186
658
112
366
202
359
847
186
427
451
873
94
325
326
141
1179
1362
279
358
635
216
334
684
565
165
172
453
243
853
902
660
927
273
780
120
745
204
205
292
133
587
711
638
373
976
52
56
182
73
473
514
950
751
314
353
914
118
273
231
368
179
86
122
816
495
329
647
372
15
53
429
2
155
1340
103
563
190
184
366
275
110
690
645
277
511
69
397
460
565
562
658
256
366
45
561
578
401
538
225
291
36
1005
322
275
480
338
196
158
1512
365
88
693
414
408
423
754
62
68
228
586
256
96
140
51
741
38
649
521
283
530
534
94
118
566
1083
482
613
489
353
512
100
546
264
467
497
164
416
683
1287
360
1645
832
230
512
755
1025
85
530
38
144
106
488
377
898
647
339
288
156
374
421
418
454
295
869
603
904
395
151
23
566
490
51
294
646
138
82
464
190
286
455
188
107
123
999
669
17
249
741
1233
183
308
104
784
816
348
152
198
27
501
414
372
148
604
52
1271
365
132
479
304
218
588
179
652
102
628
362
639
100
430
150
495
508
276
522
220
1417
254
470
535
360
568
1631
691
78
213
223
459
634
629
335
128
539
501
128
109
496
99
723
220
249
244
122
508
222
69
124
686
143
385
503
800
167
403
523
169
335
467
353
1619
695
185
251
236
1072
594
319
606
282
1132
176
537
514
765
299
319
134
483
74
80
116
619
173
400
1963
180
147
524
109
628
300
696
140
431
646
651
230
728
761
141
884
862
24
299
687
543
266
202
9
226
46
824
217
377
5
823
417
626
1155
521
284
888
729
526
46
128
442
604
571
15
203
16
231
146
23
428
517
346
174
819
33
1004
1528
192
853
398
1426
246
57
326
329
953
623
471
929
528
43
505
671
520
45
17
225
704
215
24
510
613
418
220
280
31
60
11
316
220
589
466
362
13
523
312
510
1263
570
414
114
105
66
245
393
119
452
359
758
103
889
739
955
984
563
607
39
405
323
69
280
347
803
895
425
459
224
985
553
89
400
180
351
317
21
168
127
548
209
574
1936
277
22
242
345
267
291
539
197
302
81
318
300
279
784
847
241
104
40
362
668
193
127
896
309
83
51
686
598
209
336
886
68
159
120
595
1206
155
316
709
444
923
619
549
344
1131
816
223
781
552
473
9
582
793
1139
254
56
10
644
173
740
397
228
763
263
109
343
126
151
150
865
993
410
417
273
218
368
333
230
398
305
300
562
645
645
307
52
157
615
202
291
507
449
17
120
171
235
635
841
1172
2231
339
682
515
156
284
485
780
1609
317
58
729
120
551
89
140
503
219
460
242
691
715
1175
312
410
800
468
1260
1148
547
57
500
18
1009
514
854
1218
2
252
420
292
607
1010
454
637
1108
907
770
915
530
546
72
470
758
110
624
517
714
483
466
187
1002
448
544
784
833
164
415
452
1239
449
161
57
236
246
502
818
585
122
424
345
946
152
1019
557
176
593
91
436
348
597
636
231
295
38
47
677
109
10
885
34
363
221
223
694
518
458
792
461
108
489
169
688
534
266
225
272
681
603
46
615
631
623
677
1017
1110
158
74
264
343
231
319
557
758
24
120
480
101
384
188
79
111
524
377
729
241
583
275
93
248
348
204
842
10
376
469
565
102
69
421
51
169
671
514
19
316
263
246
409
52
426
454
460
1232
807
1188
573
34
257
83
653
53
275
225
248
576
609
450
282
38
556
719
662
516
171
393
202
101
544
61
267
384
418
480
617
242
282
1398
184
268
167
577
308
907
369
97
318
540
823
494
282
621
315
450
79
116
420
453
214
9
224
333
273
8
372
872
296
517
293
403
313
892
400
72
620
391
472
543
494
1448
275
237
598
89
54
1020
377
473
524
969
437
789
617
54
39
220
1219
878
398
141
637
306
709
427
747
325
621
1127
1134
268
544
744
223
372
1070
504
72
577
438
263
333
14
295
214
352
501
205
496
445
987
302
355
660
179
408
653
441
271
743
370
181
433
1126
385
168
385
326
75
177
81
675
190
146
235
67
108
111
645
447
196
813
121
463
1403
1058
377
627
850
570
995
712
644
1079
461
909
957
573
526
525
852
608
559
210
45
423
420
39
467
112
51
762
100
123
1015
301
479
124
623
377
184
397
1129
684
14
1000
51
384
275
790
111
138
365
1273
156
138
572
913
151
340
830
433
488
691
350
336
207
272
13
476
16
222
450
368
810
615
915
341
198
512
151
648
416
276
377
239
407
566
344
417
435
193
337
486
568
287
697
817
627
1888
35
46
81
544
1125
318
621
702
388
490
834
220
268
69
122
528
942
617
528
1236
126
5
1024
781
233
165
672
56
882
1085
81
322
701
453
298
356
1289
334
633
60
343
354
547
263
232
254
424
235
192
243
438
988
308
819
364
188
618
1064
313
397
174
307
180
658
758
627
606
874
831
870
134
535
239
160
587
213
1116
961
783
175
940
179
117
76
151
13
902
220
270
342
293
3
155
165
258
192
185
440
465
153
1153
22
26
466
43
466
360
237
39
1114
878
367
431
796
472
924
469
838
120
659
1001
54
408
419
73
770
149
421
608
138
275
104
1130
99
358
312
197
168
488
118
491
21
1182
710
531
387
283
309
609
62
921
72
220
1043
439
738
549
637
319
229
461
615
1029
570
81
98
606
297
1140
508
729
117
233
1164
380
262
331
572
226
387
138
165
288
661
161
615
259
744
259
191
432
383
367
27
326
501
180
902
356
746
336
619
541
670
625
517
268
283
234
513
749
782
191
227
437
1128
145
612
1030
546
370
12
400
868
766
189
323
300
46
279
143
764
72
495
96
440
504
384
77
116
399
1331
91
1389
761
872
1071
2
355
652
454
82
1149
1081
515
426
431
412
511
262
813
195
530
790
1296
311
353
612
1149
394
655
989
861
149
199
370
131
949
225
835
639
263
261
276
180
26
633
641
121
496
341
120
397
183
244
295
702
915
546
338
717
89
939
483
129
869
93
750
480
96
711
283
12
114
944
252
303
143
170
23
195
393
629
305
629
379
866
842
2
683
119
290
188
49
1138
324
1162
329
109
424
766
312
28
315
581
792
705
462
292
177
567
261
519
928
240
15
724
208
505
109
854
132
388
189
280
562
208
962
177
428
332
695
138
25
717
127
577
621
375
1024
147
358
200
158
40
821
476
8
178
592
104
389
797
53
567
544
705
163
84
458
382
485
1089
778
5
413
786
251
129
164
36
494
196
373
409
749
526
807
94
394
387
22
188
1001
724
53
767
338
347
46
284
153
475
39
311
183
58
796
336
296
310
450
331
500
1158
319
787
26
399
384
1096
123
564
13
96
20
471
679
971
379
526
54
756
531
606
218
490
51
710
307
830
548
120
442
163
1077
221
2
293
366
182
823
538
190
515
148
368
935
144
169
841
168
328
140
418
1395
1
76
86
388
246
252
622
868
250
490
2
1103
332
1119
552
359
401
896
197
79
1
799
374
721
692
560
282
675
629
619
180
270
464
275
176
551
588
108
15
248
1115
545
312
120
463
512
549
523
481
60
148
721
554
595
580
308
632
550
679
513
324
371
312
303
36
417
204
370
39
61
412
314
664
252
505
406
545
670
102
377
103
388
353
584
72
61
533
522
96
171
188
57
421
303
898
1
356
242
249
910
591
330
641
462
1140
360
856
427
264
614
485
506
16
330
371
262
320
246
437
279
273
695
601
638
404
235
395
828
962
569
1008
693
57
215
397
367
165
893
14
29
262
815
144
575
1614
201
699
456
891
216
10
244
561
136
1039
275
318
691
293
424
904
44
471
316
758
191
404
697
152
303
48
174
184
126
129
376
321
976
470
585
470
1442
266
404
244
319
282
287
158
617
359
544
730
624
336
292
688
114
346
190
496
460
372
209
575
188
810
207
36
452
476
682
407
68
433
865
57
223
503
708
555
506
515
409
873
461
1741
539
56
42
83
86
66
810
1056
586
1117
76
864
786
516
651
156
13
741
337
428
1885
591
527
66
837
232
249
688
223
834
117
621
474
316
997
1065
334
353
688
182
711
286
466
125
549
927
97
100
56
395
349
360
471
351
1319
833
588
519
267
641
25
170
361
3
516
692
766
517
792
350
438
474
296
179
313
19
44
145
211
608
51
808
114
137
225
782
204
1148
623
769
378
176
388
288
591
888
408
44
140
361
729
684
114
424
83
570
68
470
726
44
133
144
481
711
175
565
411
1164
490
642
855
846
1037
55
72
422
88
278
434
180
470
575
584
766
152
176
748
650
198
148
55
1135
212
694
1093
549
724
467
198
488
581
804
752
407
368
589
750
717
612
549
920
533
564
100
514
109
180
302
358
282
51
21
479
157
590
439
689
100
504
429
649
124
524
352
287
100
775
16
227
781
536
317
6
185
889
92
134
875
697
57
206
533
8
428
651
594
529
176
1033
102
344
440
717
127
708
577
380
500
218
265
196
798
335
420
868
373
320
386
178
422
178
42
920
881
589
595
191
974
1309
346
90
123
58
231
223
298
93
519
385
1254
335
632
353
305
309
567
408
275
457
105
565
463
429
1302
140
73
423
223
650
396
392
596
389
84
94
328
216
384
133
534
692
572
840
1065
401
245
634
575
518
203
257
431
104
54
603
556
1044
615
28
852
419
256
13
239
480
578
1212
165
555
932
21
379
111
38
215
215
486
135
684
665
157
812
596
117
122
429
703
259
32
530
614
184
360
162
412
1027
478
359
192
538
875
407
57
248
592
389
566
964
444
671
1463
18
249
1135
11
615
925
1445
1274
217
749
1059
435
827
451
1132
475
472
257
129
518
63
666
90
257
819
8
541
67
558
263
674
132
345
961
215
216
98
566
244
1541
69
344
1394
168
993
205
1073
411
213
147
140
135
333
51
272
474
459
435
1288
232
39
468
394
327
545
312
186
1666
575
523
666
559
739
302
755
556
593
282
846
240
97
829
1024
232
401
557
780
355
124
545
674
1038
562
10
382
364
397
548
436
408
1140
6
391
380
48
25
315
243
243
1
411
356
14
260
30
701
214
833
295
491
435
779
402
678
586
27
59
525
239
180
1610
170
504
357
250
314
295
526
599
353
559
269
53
562
330
624
272
279
22
369
481
468
1390
445
888
168
663
613
842
121
484
560
290
300
532
1335
7
76
465
457
514
1110
604
506
349
132
93
168
283
34
201
349
756
376
211
724
531
57
30
828
1098
570
98
488
48
46
214
479
804
427
415
1579
359
362
446
35
456
793
564
124
680
590
377
569
5
149
370
529
408
190
61
633
668
375
33
398
17
1116
108
88
799
1113
649
80
173
380
721
99
363
205
360
1196
769
603
260
1061
245
254
207
602
635
129
899
530
305
216
108
581
626
442
489
164
1326
446
216
142
562
1016
341
803
302
371
583
65
764
190
512
471
192
500
354
373
189
793
772
531
191
248
375
583
554
109
226
691
630
28
424
244
176
17
438
1724
338
589
416
539
472
545
43
173
6
314
360
479
105
61
408
309
287
574
671
1229
145
575
410
506
822
12
4
339
170
1641
1373
545
710
243
23
221
346
663
130
647
417
735
425
340
706
107
340
65
1129
562
403
615
106
817
410
156
224
567
284
645
416
540
445
419
645
660
356
253
443
440
66
103
366
969
863
1405
668
65
190
546
583
502
502
271
157
165
54
236
133
282
62
238
515
293
110
550
661
276
849
23
578
86
76
351
180
1619
503
854
13
137
49
85
161
654
121
57
803
485
15
572
514
587
311
370
636
10
44
920
1064
1813
979
392
840
60
106
423
560
85
460
74
298
1206
1304
1324
196
879
347
296
198
511
135
241
432
643
969
212
582
245
1094
299
345
522
738
213
153
1455
151
257
761
63
1128
316
122
381
317
946
6
844
1640
602
665
337
845
53
352
205
55
758
860
71
27
365
84
146
372
156
631
817
518
581
234
61
902
1077
481
739
170
762
105
150
452
106
220
424
93
229
404
899
256
231
665
279
199
1319
767
457
565
1057
312
721
986
560
532
100
129
932
514
47
694
294
193
431
302
408
298
595
889
533
289
107
342
82
207
1010
144
1314
446
917
1347
5
144
242
115
383
477
2
454
1549
612
280
113
319
1430
168
181
410
156
195
294
472
1062
480
762
818
1493
673
447
162
695
216
1134
171
640
188
157
864
39
496
684
207
47
66
154
1033
497
119
739
555
258
178
56
300
109
254
226
77
617
541
61
20
291
777
387
782
413
583
494
41
418
150
187
410
702
896
468
539
636
759
449
110
666
377
585
829
510
734
220
485
345
361
298
665
792
73
577
516
220
562
67
132
195
1112
358
535
63
19
437
535
325
281
107
209
734
204
724
596
797
859
22
128
594
1067
998
183
439
786
24
967
607
107
332
230
188
216
18
193
486
420
655
397
2
18
334
582
83
693
48
414
416
532
255
244
321
467
994
797
5
839
657
149
109
275
283
1071
579
622
501
432
389
645
699
362
519
785
358
55
137
276
461
181
78
43
92
318
278
468
585
178
865
130
839
860
359
507
347
376
359
217
247
355
267
67
52
523
655
206
188
646
147
112
711
316
217
746
239
111
4
618
201
501
1134
260
655
501
586
436
461
822
358
939
448
420
548
219
457
644
317
562
232
126
186
450
402
301
418
726
1107
378
423
78
624
539
113
81
66
1045
444
971
578
925
57
389
461
951
736
697
319
296
523
1012
198
512
72
524
310
219
62
457
604
489
419
79
220
49
330
157
244
386
511
101
214
544
439
216
760
616
77
529
243
502
456
275
692
176
261
132
833
462
510
297
102
327
291
320
86
562
1154
739
450
9
700
683
23
188
97
37
332
70
315
1500
241
522
250
496
332
417
210
13
204
61
85
931
875
110
277
118
692
373
1237
225
137
314
440
623
305
25
440
1210
238
1115
773
189
830
286
190
14
143
25
406
326
143
348
36
108
44
103
209
62
654
38
120
32
94
686
1157
382
1531
1051
185
37
120
624
642
589
1108
266
982
661
567
388
695
1136
395
481
555
84
1
1229
340
612
76
71
662
609
479
413
427
133
745
1477
270
251
1197
969
516
644
432
840
108
744
729
136
106
590
376
304
515
97
494
96
80
408
1187
75
11
618
95
30
181
271
413
534
63
315
769
54
1106
401
261
350
396
292
337
814
761
494
441
1174
596
382
128
644
62
15
294
38
520
174
257
159
2
736
116
462
223
594
307
231
658
311
785
185
117
71
393
1109
245
693
406
844
117
629
976
1045
257
215
117
544
653
801
353
458
328
568
525
610
468
640
319
201
575
913
84
795
207
759
70
273
350
369
201
342
722
711
1153
557
119
383
1135
112
140
25
493
898
565
314
135
361
1020
430
313
947
440
273
12
7
454
494
323
499
513
1075
11
431
754
301
881
255
167
432
66
570
883
244
5
763
303
975
196
394
66
515
284
196
431
1009
462
300
356
143
515
598
507
241
163
404
587
463
87
435
64
235
789
873
608
489
129
435
807
658
522
515
384
859
301
1153
68
535
659
647
361
373
369
280
13
1411
145
690
462
268
1135
155
509
907
250
76
147
1016
568
799
704
555
536
503
660
736
610
632
274
96
332
7
432
469
37
109
380
314
316
113
290
102
1447
1355
558
190
17
280
343
1345
561
725
207
367
853
918
250
163
968
463
456
833
240
147
789
609
344
293
1
333
188
322
56
804
106
654
417
953
32
264
1274
1086
1040
272
350
33
169
935
54
136
174
8
478
543
587
641
4
14
825
652
63
570
482
112
267
654
583
187
420
318
1121
930
679
65
435
640
210
233
234
802
172
354
159
312
513
263
574
968
240
660
394
176
633
323
499
482
584
335
660
567
181
873
717
545
322
159
539
298
528
663
605
1002
259
415
476
639
455
163
712
914
267
209
18
373
1234
546
262
248
468
328
611
514
93
465
84
459
25
488
477
30
621
364
260
1054
485
409
858
61
186
706
212
201
266
289
712
11
200
178
6
21
651
753
153
80
486
247
465
123
71
437
115
437
221
1
764
745
349
407
389
446
209
653
87
346
272
645
1082
75
732
362
121
149
119
165
330
858
19
1046
268
512
414
918
139
136
171
447
417
169
71
959
775
170
141
179
122
182
66
898
94
90
160
163
402
382
814
578
457
300
372
711
796
418
345
66
499
351
600
248
126
164
47
299
1175
14
180
467
54
1049
1259
88
397
135
433
41
536
394
994
338
431
228
668
466
49
517
178
1024
836
293
32
1199
437
755
390
541
551
820
547
258
620
152
167
232
296
301
293
558
367
31
18
253
294
306
724
159
233
465
569
365
503
719
865
527
329
241
81
417
264
436
1010
237
265
335
619
100
879
53
157
218
702
436
168
165
557
474
1883
881
300
1000
110
191
85
612
275
764
392
511
979
18
59
122
136
213
261
202
489
552
633
390
8
871
926
190
98
49
413
580
596
1047
326
358
1310
1092
320
894
199
1031
556
641
55
495
282
434
71
1176
646
467
401
655
232
238
159
19
188
359
370
342
372
18
791
221
660
1328
139
1068
95
220
58
265
583
63
37
311
2
844
69
488
177
303
335
610
435
137
929
74
8
41
507
585
110
35
543
645
351
1203
65
59
442
236
432
162
267
739
176
14
608
84
144
138
275
907
771
482
80
598
356
748
191
524
302
178
62
939
731
76
155
394
5
274
649
249
252
102
555
177
912
440
54
90
509
318
533
899
664
7
493
443
899
1508
718
403
39
73
353
759
37
628
654
1091
311
240
20
345
53
419
48
412
825
130
439
669
669
536
50
281
418
586
1200
649
26
208
29
106
2
297
811
451
46
418
524
139
109
297
308
1511
62
458
290
248
472
512
201
920
583
374
191
110
265
243
303
601
171
1455
271
46
488
275
277
245
1164
1187
726
706
223
81
351
394
240
315
640
931
797
11
227
20
561
104
1356
1654
409
100
55
125
235
365
32
64
741
240
299
2
70
940
56
620
146
737
63
1695
1115
62
179
37
94
973
58
684
171
80
242
293
408
467
782
452
349
629
673
364
1305
282
707
492
465
248
736
1335
85
125
1932
467
1040
270
119
660
684
30
185
361
699
240
266
676
230
16
888
44
138
116
437
87
149
97
183
656
617
585
1192
477
621
344
345
551
57
643
342
346
1101
12
890
545
119
390
333
27
728
275
37
262
58
226
919
299
128
478
51
634
497
265
576
221
24
217
145
379
181
143
1122
7
482
10
807
5
209
513
30
31
146
130
148
438
9
632
498
536
824
48
177
456
370
263
39
949
394
99
555
626
12
126
55
344
490
362
103
228
39
757
194
443
731
843
379
455
417
1155
433
264
197
246
619
129
564
191
1133
106
70
96
1754
216
616
2
47
305
211
56
298
820
1063
1170
268
601
366
182
94
497
267
143
1491
209
448
340
472
763
162
213
103
1017
66
222
148
762
85
388
637
265
188
132
446
399
649
242
652
251
176
361
540
455
877
1067
44
556
422
500
421
299
44
763
37
597
678
320
134
1255
652
388
554
15
816
864
1387
660
598
124
116
166
360
1252
338
86
457
53
704
884
68
831
1139
387
310
308
664
388
97
658
1305
735
788
2190
718
3
258
86
110
382
46
468
906
302
454
992
337
277
545
81
753
396
378
598
80
48
731
565
867
104
9
809
571
388
395
513
566
271
828
1330
502
93
284
963
223
97
220
618
967
224
430
400
169
57
344
748
846
469
6
349
358
270
935
270
258
598
168
384
687
120
831
965
1167
291
478
446
564
35
954
156
422
271
99
329
101
76
907
429
8
111
421
89
429
337
814
805
401
22
408
317
426
293
143
51
315
390
312
313
280
86
357
491
98
398
256
14
83
345
1183
793
1122
1426
1083
1659
