real_Parameters :  golden 	 failrate:  1	 Fm:  1624.2772	 且最后的Fart/Frt:  0.89335246		   Time :  95.2224

12
310
353
410
418
934
955
774
1037
1587
1857
2140
950
2299
1956
738
1780
647
370
300
439
754
3259
313
566
451
283
618
361
1453
434
2405
2319
1832
1814
1551
83
3955
312
464
116
4176
3568
2553
286
11
1470
2251
390
2106
777
2173
2807
793
3418
997
1363
598
88
347
923
31
1228
1480
1710
225
2184
768
1198
3945
1241
2982
2762
2178
716
323
1246
578
1418
3125
523
1216
1804
1656
1436
2363
157
72
608
798
1927
946
2140
2400
2498
5383
872
510
2417
948
42
668
461
513
400
820
5195
504
2581
721
1028
2438
854
1623
265
2356
672
1847
607
1431
175
2594
313
211
263
447
168
1351
2608
612
374
2944
1255
297
3258
7636
90
623
3877
9
2444
1069
2498
449
861
2227
68
6885
2144
412
3288
1136
911
7307
868
34
2607
1297
1757
91
3305
1697
708
463
345
274
583
1245
643
1139
671
261
86
557
483
1650
653
1374
331
2185
2918
1580
3341
1285
2281
2258
357
2542
1618
910
908
77
506
2862
334
5460
1587
660
337
251
609
2658
1034
397
277
2682
255
690
328
119
4312
1748
3185
1562
1891
1035
657
2133
358
3996
605
422
394
1138
562
465
1343
850
3220
781
206
1751
178
3221
197
122
2
2179
2618
1019
497
362
2866
2964
85
142
1892
1396
1460
1454
2147
3520
3535
1373
1279
700
180
820
1014
1002
648
823
62
615
188
4412
77
976
576
112
495
4534
285
16
2201
3
2194
56
210
656
664
5664
1217
1372
2209
1733
1981
1737
1140
953
66
1311
2558
495
340
5217
5775
85
291
3914
3182
664
418
2124
1588
427
3734
1649
119
2545
592
570
210
478
216
447
442
505
2401
1419
5017
889
2456
443
1761
2635
46
3595
2379
874
175
1152
399
3996
4045
883
4052
2318
4184
923
39
288
1047
270
195
341
464
257
95
4915
199
1388
1630
573
2244
458
393
1981
2072
5692
727
26
208
217
1815
750
1809
689
3222
2796
564
1741
323
10
2005
326
402
3032
581
2720
1566
1094
612
2226
2196
5612
39
92
3232
5743
623
6579
1817
173
341
80
1958
707
336
852
597
2639
245
2573
1269
2101
5257
3670
1726
661
1545
4786
349
1223
313
3645
572
1664
1549
2564
1516
1270
415
822
93
888
251
2064
1100
3282
241
799
2774
92
675
3170
4033
384
923
209
4315
4579
259
40
1475
1410
300
4725
2483
5566
350
115
50
3305
352
3264
1744
3094
3819
2861
1165
1198
3390
1973
471
3835
90
1192
820
909
607
1658
3095
4973
476
490
636
1097
2488
710
468
100
708
751
1979
1529
2669
7869
90
1068
2958
5656
892
957
1130
1009
1240
651
1265
357
3196
1049
1027
1475
175
19
681
503
3333
232
790
1355
1041
2057
3897
1481
1215
397
461
135
681
1387
364
2607
1847
1345
577
32
1880
3221
141
610
596
3303
1446
2349
314
1061
8
295
822
905
69
1722
894
5874
3980
442
1489
658
4144
607
10969
1098
1262
295
944
852
139
329
2229
499
643
2597
1972
2269
1191
1445
1140
4828
80
3439
1624
66
371
144
369
1799
684
3635
946
2791
926
1034
529
10662
179
644
2225
149
4061
4205
567
1658
1193
7883
1576
1961
3871
1325
393
711
2206
1888
2873
987
290
710
1978
929
652
1883
34
112
1089
1132
512
467
226
46
77
1624
2805
482
2813
2272
1054
320
584
893
47
409
1437
2111
835
1548
2760
2302
4598
808
2393
1264
744
19
169
1228
68
2866
734
1342
1026
505
330
5716
1106
279
873
248
44
3733
3006
997
79
440
1272
572
231
4246
1198
3491
40
555
120
21
2369
207
63
293
1503
382
1404
2997
2064
1554
492
483
1034
587
1836
1204
1940
7536
1141
707
694
4
6534
2611
915
3996
494
235
1383
513
2327
2060
2304
1414
4323
1216
78
2565
1200
294
9227
506
5984
430
39
229
1539
2257
530
1373
2084
1650
1649
964
3062
337
3057
705
465
3055
331
2699
1174
336
1391
3756
1804
3717
4029
3876
1004
833
682
1437
1057
137
537
436
1055
1884
4225
2106
1455
3509
1855
2139
999
1877
642
115
945
1548
3506
2014
623
3146
5256
680
4666
2439
2013
2248
3998
1031
134
1808
1029
310
5816
281
2556
1857
269
6041
2259
1627
1919
801
1190
1264
2570
648
389
2403
2650
792
1870
1465
120
410
964
287
3010
702
139
5281
80
324
385
974
796
1784
1655
791
7561
1147
1424
676
1352
359
2528
207
1809
247
472
1424
825
1774
78
1145
1464
531
1124
499
310
7
827
1258
1873
672
5467
2491
3776
2125
2738
331
1770
134
1360
3204
2381
2054
1251
7600
779
1264
1287
7351
5
1148
2092
1502
241
2693
107
1108
2001
886
86
1960
1427
1729
582
29
2707
347
1825
379
2630
2333
642
1250
845
455
802
1967
742
497
1006
971
785
939
9936
870
412
1296
1803
2393
300
89
1008
601
5482
5328
2322
1264
2516
1955
7278
470
952
522
1110
4858
5167
664
3471
945
2505
2063
1141
3961
2604
2334
412
1609
1338
789
2711
2659
27
2684
333
2240
3319
3792
35
968
4552
1139
487
1075
478
2299
3872
454
2230
1445
2050
451
639
2203
1898
3160
296
1474
262
1285
1605
431
3207
2167
121
5091
4534
107
455
1197
2453
929
254
5278
4991
2526
3010
3042
492
112
3057
377
1333
710
3015
1430
943
2031
1699
1538
2040
459
557
1908
963
2276
2958
251
318
2747
1271
236
6813
224
739
330
2810
1687
1412
1107
9389
1418
436
1238
2948
1104
848
4652
1341
316
394
1472
476
916
10536
2985
1572
3568
1334
15
375
1910
61
4806
276
478
12
2950
1043
7518
731
369
3103
944
746
658
1480
132
1692
1991
766
1259
180
3
618
57
2213
5372
1287
637
4
6760
1212
839
1540
2190
173
2282
124
127
1088
3664
2671
485
348
935
42
232
1558
431
7076
1594
244
4966
1301
1001
2617
134
1810
94
2483
2119
49
652
439
450
2777
462
3016
2224
849
7495
2253
57
678
1147
2820
613
88
596
575
2883
2899
1128
1400
713
1299
123
834
350
1542
953
370
959
877
4401
1000
94
2751
473
89
960
2079
1996
1203
407
854
727
150
1171
136
2358
127
538
285
536
2777
3379
2801
134
54
337
2138
413
3662
107
558
498
809
3296
5307
4353
452
3265
1614
246
2522
327
86
1974
4474
2304
4146
4082
350
207
5619
2880
404
392
951
299
72
4447
313
432
74
1368
719
4041
655
411
1496
3183
1003
1392
3135
1455
461
1470
1860
378
1626
5839
134
4561
6093
281
478
1334
2291
294
2028
2389
1927
2965
554
1870
3147
4090
364
754
859
1648
261
1135
10918
256
415
4120
4883
994
4758
2172
474
1414
3167
2588
53
749
315
490
163
289
18
74
573
672
309
729
987
155
300
1621
5545
173
2028
293
250
1367
1286
342
325
1624
3615
69
2184
3207
2976
1919
951
183
1113
2303
3085
2234
3406
553
943
2226
109
246
58
1790
541
1053
1478
51
1363
45
1747
6284
4616
3599
4560
1101
2371
907
5852
76
737
659
186
1103
1207
494
992
4360
1731
2268
230
1525
1821
7535
2403
488
318
73
2598
2037
722
30
2742
2885
142
505
395
2215
10
3120
265
3359
49
531
2850
1079
478
1466
241
3596
1136
2012
4744
909
2762
4864
1771
1
2598
238
1410
59
243
2712
4324
3641
302
3512
1042
3668
122
3036
1509
9018
4273
1203
640
3489
2008
210
811
2860
1699
330
813
415
2245
1066
1982
604
1559
598
1137
2819
1908
3069
2322
534
856
2905
1176
2219
709
837
196
263
1205
360
720
3393
4679
399
505
974
342
1848
1828
182
3587
691
1158
2037
299
831
5682
2245
121
2726
1
844
122
1537
475
2304
520
1349
636
2454
797
52
3034
835
4075
6533
6964
2424
5344
344
667
2597
1252
1465
704
1241
902
143
4361
1216
2993
3728
1270
2324
443
1879
457
1168
446
3287
1654
643
1006
3542
4506
308
75
785
5817
819
3545
635
219
438
765
1069
479
1538
545
1396
4894
618
2610
1168
5416
3283
1511
702
3605
3026
357
1154
3710
1622
852
3861
1925
952
473
281
49
193
294
142
1692
1246
5052
1996
1528
2784
4474
978
581
3719
701
865
2098
5584
1935
10980
1646
2847
289
505
1132
1880
534
495
1842
2238
1293
518
1006
1349
2868
81
15
2288
989
162
55
288
1198
1232
1355
3148
1834
766
581
806
366
616
2312
1503
600
2093
1185
23
211
1977
1222
1974
2419
953
406
2023
1841
927
3023
2494
1729
364
1110
2429
402
531
205
599
306
3079
203
2197
304
959
1039
1044
2068
3096
3060
2217
961
77
5039
24
1696
4236
289
754
2396
435
3707
280
6106
1800
1446
344
476
4008
4426
1397
282
8033
4454
296
4886
382
1054
2746
590
771
2050
322
1116
3939
2561
444
488
699
2283
772
595
1256
150
970
3001
482
2735
317
711
2786
1348
1195
1497
284
3739
233
468
242
435
910
152
2943
115
1887
1660
260
1310
482
4441
330
1366
4769
730
1366
1387
2315
574
1241
1174
68
333
260
417
1984
5644
951
341
52
408
2659
1436
1446
1967
611
662
478
352
487
2193
2933
1740
732
1138
946
41
306
4146
903
4190
658
1039
108
897
283
1346
966
287
2663
357
14
3218
1770
673
2354
1902
9
5
418
8648
465
5249
862
1288
1676
1196
931
1383
2409
175
351
878
123
4
2721
3318
732
1898
489
111
1362
3850
3420
437
3665
1093
2674
2713
915
84
3010
1645
1598
5725
257
555
2705
1842
241
1381
1475
1466
2237
617
151
809
4514
128
969
5147
234
738
3650
3236
63
540
6138
756
472
2023
2398
2322
1234
123
1854
6613
26
1705
148
1737
4125
7542
64
1043
365
5
6433
469
832
510
2414
5302
472
4471
1529
444
1163
283
1641
2569
1036
625
83
728
1601
498
91
3211
3769
253
2922
968
3636
2207
1918
2096
6128
256
4525
1085
1062
2210
2780
598
1745
291
3368
5368
46
7513
930
2835
10416
1841
2583
688
1449
1066
605
2930
3246
3405
1646
1162
3012
2434
2190
2124
2486
701
349
4225
2884
2790
354
547
293
31
1961
264
5381
4100
924
575
225
1282
2921
1366
1381
326
1013
402
1005
484
2974
702
1191
1332
3735
57
418
574
3982
1420
1275
179
2426
1529
773
3888
4762
721
216
3059
2
1054
2608
220
145
135
2645
833
500
2920
651
85
1125
975
2430
1353
2142
20
692
408
2159
948
1152
2733
367
729
1450
157
3956
34
365
2258
293
178
522
157
1127
1175
102
867
1241
3114
2353
336
1253
722
1936
1968
44
1013
427
201
248
2897
3038
3200
2004
266
3637
102
3296
22
3785
3896
9756
1130
690
698
1214
36
420
1471
766
4207
78
809
1114
586
408
685
525
1436
2065
838
579
975
3824
2750
632
323
914
909
4923
3449
891
603
1479
3814
4431
273
4411
419
1181
2227
592
1036
510
616
344
975
1410
1899
2031
23
829
7
1445
1000
942
136
866
1251
669
2642
1299
3873
966
735
1787
597
1067
143
1422
1391
37
7704
217
40
1072
5978
771
1830
1429
420
826
897
1245
436
224
564
1688
767
412
1039
10876
3201
855
1733
1560
731
28
464
4769
1556
1411
62
1186
498
72
8193
286
57
540
2153
713
2555
1953
883
1577
161
2165
47
2846
248
3847
1426
616
319
3902
3584
1878
1673
473
808
412
1094
757
5773
3529
869
1420
1000
1720
183
871
5661
3563
829
3725
652
210
1459
1094
330
4448
118
5953
2223
288
2624
3377
2237
6416
1095
456
669
3502
2454
869
9815
1919
452
488
3119
771
981
1748
261
20
935
4058
1479
7280
1860
1460
2849
168
7550
191
1899
201
793
87
688
65
4948
1126
871
1035
1168
4686
840
3058
170
632
52
146
1660
491
2700
581
1920
2288
1260
837
5216
3582
438
215
1768
1418
715
1328
1096
4522
1625
654
1028
4740
797
580
2986
5207
850
664
1593
1050
167
376
3394
3197
525
1368
282
612
3565
249
3158
5955
170
896
578
4108
572
26
4156
818
2829
1320
4576
362
2044
1018
5148
1399
663
404
12
911
1043
438
172
2032
2163
97
1532
138
317
3109
849
521
30
294
222
1841
534
1447
515
1937
1600
802
2045
32
398
112
449
971
785
44
395
1219
3698
1173
49
220
646
3852
1376
1072
4264
1621
1761
721
1987
1952
1389
5053
918
947
1165
78
1961
2173
1657
801
1188
3047
5342
20
7872
1274
34
3551
3569
30
565
1113
782
220
1491
4811
1056
2485
1140
1321
691
1787
1917
907
1433
2259
479
73
543
1033
502
611
193
281
1130
306
2037
1331
2989
1880
2468
542
530
5436
328
6056
22
1951
877
1762
1167
1209
1295
1085
495
6700
4622
1097
1134
1994
2169
1595
2706
30
1400
2150
514
106
156
1294
1036
1968
167
3513
1346
3399
336
2461
1054
1384
3397
178
2437
462
99
4909
1342
5235
322
228
771
1612
4595
69
652
1660
206
81
60
423
2303
3378
925
3
27
1923
6716
1419
1337
376
601
3285
2225
1709
573
840
1294
239
595
238
3710
4132
267
1441
343
247
3961
1130
210
1773
4953
465
386
217
543
561
1318
1505
88
2407
1228
2533
210
1167
1908
155
1437
1352
3149
1368
1061
1883
1623
538
1529
5205
1725
787
1370
9034
210
736
2678
673
122
160
1189
215
896
1632
40
4327
812
1201
3338
1233
2127
428
1985
414
628
1485
468
159
378
986
21
74
412
1012
2290
607
1029
202
840
573
122
659
140
576
209
637
3115
243
2061
3725
5751
2138
741
176
490
160
924
4087
3479
1386
590
2189
272
2525
699
1658
3308
6027
394
2154
950
663
1489
2179
1059
4035
3969
101
242
393
411
660
460
1142
1668
552
4563
4619
584
566
5204
318
136
263
1985
1210
2227
1392
1016
1566
1519
136
702
123
1478
4392
1490
1828
172
736
929
208
512
1190
342
1454
2778
1461
2100
2551
1643
5191
1035
8205
2392
2975
1888
4791
1887
773
2311
1788
382
897
3132
3163
3134
452
198
1113
2764
670
179
2470
1092
3497
414
357
469
665
48
1800
486
458
2384
317
123
2128
1658
4443
666
1271
2666
51
1811
452
334
4811
2096
387
6720
36
3247
268
728
347
1453
1320
1271
1100
3264
1619
1779
84
1185
586
1365
2327
2058
523
1880
4351
2136
4494
508
1385
1792
693
148
538
871
6651
618
1565
525
52
1688
1774
2539
394
2686
177
773
3093
2532
563
1528
3718
3373
1123
4524
299
9736
6426
81
724
1378
6764
873
3366
1904
28
5622
3328
2038
335
2031
1662
2058
2153
2692
632
2980
710
670
3854
358
335
1961
683
1197
5020
2851
5765
5864
1153
4256
1242
1172
1772
4
170
164
508
2273
2311
552
3842
2129
3177
2779
1216
744
23
731
269
339
1138
1627
992
3736
8648
2478
260
463
719
1578
1041
193
408
467
29
1485
95
1341
27
490
3863
855
5261
5282
1997
2679
478
1685
2983
2641
3242
1983
53
3839
4120
2512
3842
486
3526
753
8
1909
907
712
2379
153
4773
52
1834
214
1300
869
444
827
932
639
227
637
3070
1512
1270
5663
468
2714
1492
5826
3572
303
2017
863
616
2922
811
843
4156
4048
696
1282
3109
260
329
3553
300
1181
954
1537
12
657
1328
1214
1848
28
1895
1609
52
1593
346
961
156
684
2064
166
670
12
85
461
2700
5501
1540
767
169
991
2029
1833
4327
2688
829
3533
2001
2274
501
498
35
4563
253
336
3593
1511
481
473
156
1094
2093
347
1105
3672
2064
4610
647
672
65
2333
24
2736
3492
13
4172
1955
461
742
629
4972
4927
82
131
18
1006
6493
740
410
1110
3196
344
1880
62
1252
1273
5825
585
249
158
2774
3794
116
4445
573
2980
4392
902
6309
785
4862
47
1119
605
616
149
2116
603
368
1753
1124
802
4739
2145
745
1713
798
2855
1012
2831
408
3100
7
849
2121
3369
1810
184
581
4557
98
5110
504
184
178
4519
2828
33
68
2824
2037
274
1402
8117
1168
1505
1345
2138
376
6639
243
488
944
639
4231
327
1632
3977
5246
283
5010
276
439
365
1022
662
683
3163
429
412
692
4803
441
16
166
2033
564
169
654
1797
24
1564
321
2497
104
112
1297
1848
319
399
2503
1739
5269
345
260
463
836
785
284
1405
10937
172
2200
5108
478
3929
1222
2009
449
1797
1091
443
2794
145
389
1998
1128
555
47
2744
1127
2156
4572
711
4069
251
3552
753
507
288
210
54
2849
2638
53
536
515
1084
3433
414
5559
1363
1156
95
2256
1115
1118
1988
1061
10366
477
727
2067
1106
1017
439
405
1001
1277
3057
2614
1356
3059
104
2669
995
517
2673
435
151
159
1502
1630
1803
1104
1984
3436
423
961
1328
1205
806
8673
1735
329
1392
8037
267
153
10614
1796
1119
2614
1150
2492
2288
2105
2607
1008
797
429
941
178
1565
219
2301
3996
215
551
4494
454
1074
80
2001
1096
900
2383
2329
4132
19
2910
768
64
1208
4860
608
1692
1765
491
7085
2652
1540
2230
1261
3084
577
2558
604
387
1024
85
242
86
1616
1327
2253
483
394
194
381
359
1364
2345
410
1084
5389
721
3950
1300
2565
2839
469
605
2647
620
3233
256
3521
2241
566
3415
1439
36
2751
1020
3926
4234
794
1028
68
3309
452
539
1797
187
1583
222
425
1758
1053
2611
1151
391
4836
25
804
1437
131
3664
1084
108
178
3194
2584
689
5993
7530
1222
1960
219
42
1039
3838
833
1286
1833
4371
2429
4343
1145
2442
1750
512
1620
628
958
515
1761
1860
1112
316
2928
120
1862
3
227
804
3164
389
157
50
1524
623
1120
477
3237
3383
134
2739
5080
1267
1406
2286
21
3522
1416
449
2433
1530
295
16
2290
526
2880
22
3158
1338
2147
1290
5834
2497
1875
1701
2855
103
1111
567
353
480
1408
488
1372
296
218
242
6351
1246
4905
1915
1687
1469
419
3993
1392
1923
2203
1280
727
2526
679
485
2338
1353
161
2257
926
406
820
1335
1376
1558
385
112
158
2872
1196
1766
650
1530
3921
406
391
3287
844
362
6276
1065
766
154
1501
519
2642
746
251
5776
794
8871
227
1172
3701
1770
1525
136
3736
1306
1496
1305
1429
1508
1825
4167
10447
1749
1565
1157
1249
1574
629
1107
2746
3932
519
831
1717
5257
1308
2391
2228
2708
35
1422
262
2289
112
3341
1447
2818
680
206
780
349
10
2492
1496
529
671
331
604
27
156
2879
1142
720
745
426
943
697
1548
1084
178
4782
6
4911
4700
241
6226
416
2164
1773
822
1592
327
1608
126
226
1277
2207
1519
1888
2430
3443
564
2094
73
1095
4279
2369
1449
2256
1035
4393
1093
1642
1522
1983
8739
1050
6
458
52
1827
2605
1390
1155
4795
1965
6842
247
187
128
1082
1521
2409
391
193
1552
1393
2759
748
148
35
1347
467
2303
49
3501
660
4029
3680
353
269
1827
25
1436
1427
1172
946
107
291
648
1928
1418
504
623
1372
139
419
2534
436
2591
190
547
2856
1198
825
1888
447
895
550
2937
51
2997
992
1111
715
1087
971
1929
1949
595
232
7549
150
864
530
3691
2029
1987
3292
240
1180
141
1026
31
1452
1196
1817
1028
1361
1793
2183
2176
2041
1040
2264
563
582
2383
370
948
4
874
3141
2146
5450
1227
752
3925
139
195
389
2425
1398
1531
4359
2138
430
2085
508
728
34
256
1865
2164
5306
1394
1766
2609
2764
1709
1078
3668
2174
34
791
134
1189
1673
8
1949
386
152
717
68
1707
347
330
3129
3243
34
931
637
40
2244
5775
2486
986
899
5795
81
547
119
317
310
3386
3071
2171
3744
1491
1623
982
244
1229
4683
752
4357
763
1086
4308
149
814
1624
436
1476
3037
8694
18
2110
93
557
251
228
2181
2830
260
1631
735
2176
397
1259
2336
1360
527
1215
1359
1574
6113
95
1009
340
1323
3483
1777
1083
52
2670
1012
4261
824
124
374
2451
4660
209
1260
1006
599
1198
2004
1106
1662
1114
442
288
2445
298
1667
1922
1821
260
727
848
3039
2016
829
1075
856
88
121
531
1153
1679
2900
3
1855
511
1786
702
3297
2427
402
485
504
324
1297
1377
10686
3401
994
899
1275
1751
802
3050
418
2040
2753
1983
1932
1992
1391
2464
976
2752
26
144
738
1687
885
686
1197
294
243
226
2356
43
330
2357
668
3315
2710
2803
654
2887
744
1096
1777
1531
4409
3374
399
487
618
111
573
976
2207
583
420
698
1799
2596
6
280
970
846
1033
188
326
997
1604
2875
2683
791
1023
1096
3008
446
342
754
452
27
2754
685
1278
1836
880
243
1232
1653
327
2491
604
1001
1495
517
3279
140
1400
5746
790
683
570
2071
5917
2541
4173
5231
2722
119
505
1424
289
3004
9114
329
312
318
1521
1159
723
2853
1016
21
862
170
1210
98
1227
857
733
3249
5864
884
717
964
3052
1386
612
49
233
1636
115
5080
3971
7004
3374
1290
98
281
1283
85
304
114
3139
1021
1153
598
228
5263
3300
2227
71
238
421
149
1403
2771
6444
435
2959
800
2211
897
314
1330
1867
213
1880
363
453
1905
2111
981
1127
1425
426
225
529
1134
284
303
918
881
185
413
2847
536
1649
7316
1172
326
4603
4758
872
4063
2132
741
476
2156
1105
2428
648
682
3146
639
2967
2068
420
1762
1639
515
829
2710
933
1895
2012
4304
148
950
3984
537
1297
3107
902
669
2755
154
5146
3124
585
756
1036
638
706
1658
74
1596
2339
9042
982
1433
1101
2399
2590
712
58
687
1912
878
606
534
4366
3048
58
1601
2435
545
1071
407
2251
439
1077
34
4519
2437
264
6926
3083
1234
1961
497
755
286
785
1901
42
1431
7586
2091
638
851
409
777
1307
269
676
1259
402
3
1207
1352
247
1034
43
3699
2589
964
988
3
361
3289
2620
2272
3907
2344
1089
697
3301
1873
1311
3975
208
2765
2543
2802
21
78
3245
4811
4608
60
803
149
6573
1517
532
1383
54
6338
807
4890
608
104
9
1122
1079
205
1722
198
2602
654
339
118
911
894
1168
2126
768
344
966
2322
740
201
787
2019
424
2402
526
928
671
1600
1629
989
1088
169
2188
326
1381
1249
1166
805
1884
287
273
2475
4115
3053
3413
695
3040
97
1545
1613
1152
689
1459
2794
354
748
1465
538
287
2577
327
4806
952
1049
1036
455
360
3938
517
3721
4199
1170
8412
1740
4613
298
199
4850
137
2162
2773
325
2791
2492
715
792
3664
657
1222
1443
1597
672
5091
2274
4388
2252
418
615
118
949
2143
488
1088
510
938
1094
3959
5281
220
320
26
2262
2012
225
4287
2676
522
2781
126
819
499
2001
78
301
1940
1922
2734
878
848
1165
2258
2673
220
7118
311
2026
2501
1431
825
190
632
1625
2731
1822
1819
451
476
1175
11
708
168
1197
1185
3761
158
1993
1160
968
1132
425
471
542
70
710
962
1486
3856
349
321
3214
1117
8047
407
769
2732
3180
235
2076
295
4011
465
2131
6668
3990
3816
305
848
1191
1057
1363
68
236
2609
697
2930
188
5663
189
379
1340
137
1362
178
1249
1268
1476
3220
1281
1660
2213
402
2576
2894
1148
943
499
861
958
2649
1522
1791
772
4885
1696
671
541
185
2356
256
4446
5319
549
170
1087
3446
2285
1132
3482
1295
619
122
3661
428
243
299
2991
2267
1300
970
3690
1466
2946
27
345
5361
110
59
460
215
89
345
475
6450
320
174
645
1644
3093
1364
4413
667
335
95
4110
149
4155
1266
6276
637
6379
1124
1276
1341
745
1380
2383
1056
2659
1717
3286
3443
1292
6748
276
335
31
68
10962
2214
743
1311
3129
308
267
448
130
2364
278
3159
320
1156
3225
3056
1001
519
1545
3367
91
4899
528
87
513
459
3755
684
3914
307
2531
253
797
2511
2802
1611
3741
3068
143
733
4761
4901
909
4660
92
1510
100
592
5400
1067
106
271
2372
443
2788
1646
312
1423
435
887
3497
540
4
1556
1531
1159
3578
679
237
132
1714
1168
1197
250
143
839
315
11105
2102
7212
730
563
835
1821
23
388
115
868
969
2620
690
378
1363
344
5119
1131
972
4
318
472
4445
1269
2114
514
3521
3037
2269
706
161
5
1476
7271
870
1397
5091
951
4941
1706
1269
5058
799
680
2404
1738
1167
6308
2412
8876
318
303
996
3
3227
201
72
14
120
128
1905
737
99
429
35
2430
1066
391
1140
4254
4107
735
369
602
903
718
1973
428
1504
1729
884
5319
2195
79
468
1282
2402
1466
206
86
1359
2896
395
314
2612
1167
749
3934
2322
663
2421
891
3237
426
1628
3446
1154
1261
1129
1146
828
335
1161
5980
577
966
34
1154
2844
3075
2196
114
11592
359
144
1338
583
643
242
391
457
1931
1204
6040
7021
563
1861
21
2875
1918
390
2916
6004
1454
938
1274
933
9493
1183
2094
1262
1706
2367
310
2058
942
1665
525
1378
859
1215
487
181
257
781
1242
3343
783
3403
596
1754
41
965
582
360
160
6728
76
1177
377
296
497
204
1519
620
23
1607
41
111
916
10461
4486
2069
1512
1257
559
2823
1314
1400
1079
132
1995
423
759
2603
1230
370
1554
950
430
1327
1113
472
280
69
3219
555
129
7445
830
923
911
555
181
1355
805
3427
1215
863
81
9
111
3961
1629
2851
673
561
1359
754
3007
446
1201
1609
3342
163
3238
766
92
883
1296
210
3429
446
160
493
693
1328
1393
391
1493
6663
2139
261
2460
1296
2227
2124
1839
2766
2156
6552
1608
283
10
706
749
2492
721
438
3820
757
463
505
666
1963
1061
15
380
2851
2148
528
1621
1111
3482
358
3821
156
2854
4093
1659
3045
3769
1705
275
874
418
3601
4772
262
890
315
1303
2334
791
210
1653
2776
2144
2498
2860
1344
2001
1027
920
677
2326
2216
905
1381
3020
807
4313
408
4999
565
188
340
1934
2531
628
2495
4108
3073
622
710
1938
1654
850
2370
564
1237
830
1208
2556
950
4075
1925
2136
896
814
2925
61
10601
1387
522
169
3462
935
1005
1601
1749
670
411
1744
642
936
25
263
255
216
81
1728
2945
3024
170
7828
843
1747
2638
265
247
84
1065
1246
4353
2745
580
769
1524
1677
6603
842
612
1100
688
387
2199
1172
1015
2869
6
108
1134
1715
3000
3020
755
1811
6241
418
4147
2016
2056
1012
361
68
676
564
2518
467
19
63
1185
9603
225
733
2963
4737
78
564
755
1265
3130
7972
1820
1011
62
2130
1987
335
1531
2466
737
2015
1974
1499
62
989
12
2313
619
7371
857
562
1818
642
17
1827
3051
1051
418
482
3971
1392
489
1068
3304
3433
444
625
498
821
569
1257
1114
1447
1723
160
1333
782
2731
955
5216
1061
2188
958
374
4860
249
2440
6053
821
868
2676
3661
326
198
2505
839
1057
515
765
4261
2156
3959
1159
2319
963
951
928
326
196
1476
2134
364
24
212
821
498
2129
931
18
1760
1400
571
582
2702
1898
518
1332
558
2775
150
1921
3567
2881
458
87
1004
2784
1137
822
3471
962
6458
1293
3027
93
165
231
2046
1378
2680
5985
468
230
2424
39
2463
1062
458
897
7620
3102
3148
2332
3084
4063
5860
