real_Parameters :  plgndr 	 failrate:  1	 Fm:  3309.2928	 且最后的Fart/Frt:  1.2178197504000001		   Time :  407.5852

30
598
736
1246
1166
272
2102
3194
3183
2167
362
2656
1662
882
5669
253
3425
478
327
6570
6490
6360
5593
3586
5703
1351
2106
1843
5896
1187
750
1968
2031
1320
2258
1804
2803
3231
3431
3276
991
3492
2496
3664
4538
4243
332
614
5028
1347
2087
3349
8682
2699
3696
5201
3674
5768
1186
7272
506
302
1263
390
2576
2673
7108
1596
440
3715
5597
8348
607
5830
416
8634
5824
707
622
748
327
430
3006
2704
1294
831
3435
2640
7151
1083
127
258
1367
4643
1355
3818
5153
5607
1289
78
2044
1408
2503
1893
1910
3990
2453
10035
113
4053
5827
1936
3065
8832
14
2493
996
8242
3561
7720
789
3612
7462
539
3369
759
488
5009
4477
87
3490
3359
68
4017
1287
8156
11706
4809
7544
381
2896
2689
2850
1583
976
1857
2133
352
4170
315
2089
1367
6049
1364
9269
1286
1533
1060
3907
3387
3794
4127
8135
3048
3960
6202
707
1496
9061
4918
2061
444
2446
3139
374
1234
1959
1703
891
4287
3878
586
7846
585
128
1266
4382
6971
5671
5790
3356
3504
4663
3407
1330
1571
5957
1710
6684
1868
952
9344
6943
17962
2966
3868
4410
4900
2894
2941
1812
5468
2800
5174
378
4175
1220
1016
82
3286
3014
342
1607
11740
818
116
5301
8340
4184
603
31
6203
4300
5345
3739
7177
4192
1726
6223
3913
3663
5260
6136
1091
5476
671
4972
541
880
1647
5244
1570
457
109
5237
4573
1377
5541
2300
9270
7727
3837
9867
5668
390
1886
164
3980
2036
14181
849
610
2591
1715
3136
4594
1187
5630
3321
1762
1544
3689
1726
5835
3912
14424
1401
43
3099
117
4931
8416
3258
2616
3668
2010
4794
1054
775
9776
1397
8155
5261
2542
3417
28
1764
5904
2231
6678
5589
3082
2531
233
1775
4803
11943
1958
668
952
2029
4342
449
797
1198
7822
11339
2283
6627
2149
1168
6925
3819
4283
5157
770
1828
5229
8328
5806
1620
1096
2009
5870
2774
4716
291
13
3407
982
2103
554
2382
5057
1900
3219
3454
4782
1585
9161
367
2673
2830
1286
2696
77
2741
1082
1445
2147
2397
4511
672
441
5219
239
5058
1738
2708
78
754
1474
2520
9699
197
9114
527
13530
5933
1119
6920
11716
3417
1421
874
4703
977
2784
3912
441
82
2085
1786
6366
1542
4032
2801
2591
3633
1046
9842
3418
2145
6777
29
2263
6462
4094
1503
76
767
10368
2331
2479
810
4667
10953
6842
4481
3736
2863
2661
2862
1041
2814
4633
8898
2405
3126
9574
1240
748
2715
2895
15896
1717
2273
2187
981
2596
742
10250
1808
4127
2479
3641
7865
6229
2409
1755
9210
1828
9924
6599
1169
198
1428
2458
1379
11
2142
1328
682
1853
1715
2790
350
3520
888
773
1649
10069
327
4914
277
3742
782
1451
5575
946
3771
3565
3477
1825
1139
1154
649
6499
4990
4306
5773
1300
4822
259
153
4878
1765
5321
9289
2582
1668
6706
8445
4677
7
3699
1158
9943
1596
4398
4648
3100
869
4309
778
4155
670
5302
9203
6732
266
1102
1570
719
6963
7595
6714
803
1184
578
1351
6562
887
2702
2779
3950
5062
1333
563
8441
1075
3785
32
1053
2631
1138
5870
1161
4252
3478
2945
1851
2616
4640
8063
388
1598
5790
467
6257
2244
3305
7524
1995
7375
8007
4347
6677
2286
1345
60
8477
216
2564
32
3471
7665
5296
115
710
654
1825
333
1470
7890
2749
6370
5440
838
2611
2609
88
5157
7127
9634
2688
3144
1445
280
3428
823
2860
1304
825
910
10578
5938
2784
1623
10684
1655
2435
417
3325
3168
688
7038
713
2887
5571
4695
5693
6894
3077
843
1472
3415
3894
6
1884
3345
10573
1325
151
653
479
817
10594
3186
10677
3030
1232
2410
18
3432
1160
489
7714
4394
3738
331
8152
243
1548
2614
1563
6857
2497
4829
1773
6202
2576
753
10109
7965
468
3273
6464
6528
832
444
226
6769
7339
2885
506
604
1698
410
752
514
2018
276
2117
1045
1294
3126
871
1160
5180
3415
1917
894
530
1482
8796
11055
4111
8259
9019
4468
2116
716
1194
5879
1168
532
1830
1270
5579
11411
1933
3655
8216
3662
823
4327
4083
5031
6494
6493
2331
6846
1109
4397
3464
943
7988
5111
3990
5896
2757
7853
3209
2344
2208
2129
16900
8710
168
168
1473
852
1
3160
2094
30
10321
12722
5513
1032
2315
505
2610
1424
1615
936
1856
6465
6223
1595
5338
664
854
2391
3593
2669
1967
4633
4352
162
6184
843
1970
3998
1451
4027
980
2717
902
2988
3231
2358
363
1557
298
2166
2251
611
980
54
2244
1468
2067
4025
286
1472
7335
2659
1017
1722
5179
1657
470
4005
672
5463
5695
1928
4640
1449
3318
4534
3723
7823
1554
2974
8155
3115
4788
1477
995
4100
363
15798
4180
5642
2834
3474
4382
4268
700
2217
3210
2142
828
3265
850
10889
2598
2982
4144
251
1705
2250
449
521
4821
13089
1474
8632
213
2185
4009
2917
540
3096
3503
2183
341
7632
222
802
3047
1425
1108
708
7620
2734
747
2291
941
5369
3499
6649
5034
7795
9576
1442
3503
2158
3109
706
5103
7800
3877
5394
1035
4951
3502
3750
2879
1716
5171
981
7578
685
3993
5123
7765
1195
5676
5844
870
7572
3138
3858
1788
2872
4617
375
1038
1514
7011
1408
1878
5239
4243
3392
1526
2397
268
1045
8501
1417
4322
2411
7928
8437
221
6953
3050
854
2121
1835
1707
8485
2009
1147
10875
9808
6286
2306
1936
7881
4500
2652
1365
3034
1991
1286
473
10327
341
8605
2404
4897
3579
3847
3479
3289
10713
5632
3874
138
117
2972
230
1437
7155
1716
334
2518
7646
2573
3174
1
1453
5719
5556
427
1830
3247
2174
3961
3756
548
4493
2342
1890
5416
2899
796
189
4517
3497
7000
77
2829
432
3733
757
5772
2274
3241
3296
2291
5318
500
4582
436
741
46
2207
276
2683
4907
6419
688
1501
3245
1695
2104
1281
277
3130
1478
1700
4582
15733
1181
2131
1109
2361
1546
256
2840
347
1065
2076
5155
7106
1381
14137
2335
3470
3559
12990
3682
2384
3127
11803
4138
4875
2243
2089
1601
8909
2672
1576
1294
4399
3723
3807
2096
4240
248
7303
2922
97
6767
1725
1374
152
1163
7851
1911
2859
2238
314
2154
3568
2731
1109
3663
292
1503
1550
1013
6776
463
5614
810
7802
148
78
90
555
92
9596
428
237
509
1576
1245
1547
902
4180
3245
1935
2413
4725
11564
1520
1169
9509
1262
657
2623
8014
3650
2321
1870
6911
5076
6902
497
1032
4330
4574
741
1239
2454
1634
2349
3192
2231
10076
2662
351
360
6310
3628
4220
5206
141
860
926
219
4160
968
6469
3231
10274
10993
2118
2798
2028
3349
1545
1350
944
3857
7296
1555
4148
2339
1265
4590
147
10361
6499
3366
4496
2165
9197
3116
9798
3095
3263
13
1353
3270
4381
605
5138
2643
1048
6056
478
816
3406
1242
7294
14610
1330
428
1023
3636
1074
1852
3589
1263
5759
8433
1735
5342
5587
8695
2286
3719
6250
10529
18681
396
2609
7104
252
3197
8041
2102
4994
3155
2020
3400
4012
1620
1373
1578
484
6620
917
3452
905
3629
715
3244
578
5650
1509
1848
6445
2085
4155
8584
1628
502
1695
2225
5295
290
4465
4437
12780
2361
199
1585
2709
6620
3320
2706
1132
451
2437
688
2370
425
14102
4859
8194
5533
2161
1908
2738
1185
1383
2241
579
1792
2669
1316
1114
573
3600
3205
776
4465
2755
4852
2984
9160
690
2175
2751
801
1963
670
1423
266
6372
111
1695
2325
213
51
892
8832
3222
9450
2194
3419
44
1585
3897
367
4128
1065
5829
3961
4590
1929
762
952
6326
1090
3633
10644
2489
6792
1533
49
2332
362
192
3507
8730
7115
2732
3831
6085
6221
2232
664
4069
62
1417
1400
10528
13892
8093
1638
1930
1845
1851
4837
5227
4050
5146
695
2711
12828
72
5303
6373
2921
3226
7305
3542
2754
3428
4786
3793
2474
5737
2538
1330
1292
3024
4402
1061
4493
876
1777
3572
207
1795
386
1354
1703
6776
2496
627
1473
8035
11374
2060
876
1075
507
3692
1220
2182
913
2505
1214
1982
155
899
523
8065
3043
3359
2950
323
5468
793
3145
2891
854
4075
9243
6719
2934
1005
4033
85
3489
784
7502
5428
2165
644
1081
5736
8326
8079
1567
1564
6082
2041
890
3315
7314
1088
7000
2616
4939
2657
2030
5191
1920
597
1407
1486
6114
4128
6851
2214
1406
3026
8505
4710
5441
2691
5237
1316
1442
3563
336
8054
7863
1414
8252
2306
3061
2066
2215
1890
1995
148
4373
1853
1328
11350
2634
265
155
2768
2878
5719
7883
1756
1932
673
1008
5493
2255
1535
2716
1562
2564
9362
4235
3308
1195
3648
2987
33
2026
4687
1509
1790
2660
11792
639
10860
545
6026
358
1535
4270
1593
6688
2067
3880
2584
3885
3721
771
3200
4082
5826
5466
2857
12618
579
2832
2311
8007
2862
5367
5441
3311
3754
6722
2667
2460
1825
1388
1545
6073
2542
2183
1770
7261
3871
1201
2794
890
1971
1540
211
3818
1656
2850
5405
523
420
2834
653
8779
2732
1800
1019
3457
4453
1888
4456
1857
8146
2044
2374
6569
3338
2063
3716
517
2335
9188
1437
1690
2757
13065
1120
1808
27
2443
5112
3692
5149
5117
1721
4780
3926
9361
2238
4552
1968
2709
16068
1115
249
4712
1499
4649
610
663
643
4411
4449
4061
748
6
1628
2831
3977
5718
417
199
4813
3077
7885
5110
608
4469
228
6260
478
2590
323
5101
345
4636
4654
3434
4181
999
8684
4112
1468
69
8641
699
5611
3657
1588
3642
2879
926
1994
4792
5238
10793
512
5548
1288
2711
6508
2416
619
2450
1613
932
820
586
2975
1814
4756
721
1569
2188
5432
8597
1179
1495
8019
2027
2725
2327
942
440
4254
1362
11810
14571
1255
963
4762
2071
615
3534
4564
3975
909
8606
576
531
1002
1067
5602
2454
2412
1214
1149
735
3367
73
2946
8818
1769
3135
4788
2205
3600
687
4568
5158
1884
1167
6154
2569
909
1697
1780
411
67
6301
1204
879
220
5184
6100
4821
2762
272
5681
8033
4637
1040
1152
10476
2904
3914
3683
1704
3614
3106
10047
844
682
4721
2231
1049
214
4052
2984
6047
2380
6224
1143
1589
2033
1454
684
1600
3227
4115
3711
6567
7511
4442
5914
4071
1032
1291
1403
1571
3950
2153
1135
2225
6947
223
342
2825
2920
163
2916
3238
6624
11443
6981
3171
3008
3834
2608
5152
119
1879
1833
8262
5064
2379
5659
556
1052
1040
2449
4056
7631
611
5816
2234
10043
1038
2929
2152
4809
2186
10554
2881
4126
9532
643
6927
4193
3057
4536
3942
1376
348
5371
826
5394
5847
398
2223
1121
5940
6379
1559
2598
3853
3398
2686
62
2877
1370
1389
1687
1131
77
1853
1449
2806
10136
2686
1181
210
230
1794
2077
6369
3879
1760
802
1568
2261
6440
2303
2684
1345
20
50
1118
1502
8
78
4085
1105
7362
7838
2315
1716
1563
1696
341
3989
6556
601
7379
2026
1967
693
550
616
4056
1559
2606
710
5495
1034
1827
1749
7059
2106
941
4874
2495
1438
5935
79
4098
1354
6234
1984
14090
4086
2424
10673
1142
3766
1729
640
1233
291
709
2237
9524
2386
440
2880
2759
8337
4439
98
3202
151
299
4701
1567
231
2757
6224
3760
7987
285
493
3962
3554
631
3272
2032
624
5359
5530
3737
1946
2842
2616
6377
7353
671
5633
5025
6170
6448
8866
188
670
2088
1698
4560
580
1403
38
1775
1524
4543
5095
2807
5020
571
2207
8975
11875
6209
6575
2660
4405
119
3167
2241
7367
1329
1362
3327
5105
7655
15645
1083
1123
3316
1119
7541
4661
2531
30
862
3041
4340
2078
4818
258
8029
1861
1481
2112
4594
3540
1750
5945
2618
361
7104
2113
3274
1370
2087
6709
3598
751
3163
1192
4250
815
4504
3855
1729
4887
3073
3042
2874
11604
5267
98
5563
787
2695
425
1379
3398
1591
7710
1224
1317
584
9396
988
1741
413
102
252
649
9586
4799
1538
3600
4102
2101
5437
3271
1502
1356
4528
1056
6771
1095
751
4664
9109
480
2633
11823
3328
3151
6314
124
395
3065
3186
6367
3747
9731
4730
6474
8564
453
5063
2742
12969
1936
3506
4988
4912
4922
2863
4985
721
5294
2332
9560
2848
4680
2448
5877
2818
475
13300
3915
511
11199
3824
1107
3851
7084
1794
4385
8080
5182
3949
853
4240
746
12786
5845
2526
3893
6825
501
1082
2967
4487
380
62
2625
7003
12254
1218
1832
5354
9198
4725
6632
1788
1924
263
6497
781
2142
1290
1915
282
3667
3372
3667
4823
3116
841
12036
1503
5017
7532
517
1116
1809
71
6352
6814
820
1695
97
283
2007
8673
972
5986
259
114
2368
3176
3702
659
4115
5264
1960
878
2146
2609
237
7
2015
5335
3538
16
3508
385
4484
3367
4075
906
5508
4841
1099
353
3166
1356
1323
2014
1193
7968
4098
408
1223
164
1707
8867
3002
4597
4219
374
4076
2154
790
10824
82
1540
3129
1091
2255
7659
67
828
4725
2996
2349
8467
3727
2183
4942
783
1601
5263
2529
594
1109
453
9257
5951
3631
9699
3878
486
4680
1547
5778
1809
408
6055
1540
2893
6637
130
12792
2701
222
1967
117
7011
133
7153
4458
2482
7078
4950
1387
4974
2649
1890
1493
1051
3676
1196
3782
4919
1048
1472
3324
1418
2367
5371
7789
7677
2274
9
864
6092
9754
9551
4380
6135
5120
14
136
32
1876
8809
758
2511
7133
2724
2974
2480
1088
1498
1807
4805
552
929
1758
7910
4841
3951
9265
2413
1676
2704
8840
108
4074
2183
2427
7150
291
1502
4469
4099
7654
5263
149
3905
1145
3785
4859
2271
6949
4477
4281
1346
5268
1470
4705
3592
213
2854
1214
4901
1898
1950
2222
2112
496
120
2075
3166
4008
7760
373
24
3927
3722
2019
1063
636
3293
237
2478
11729
6570
1462
1625
263
2314
6728
3440
5255
8041
394
470
10121
6355
5168
846
1679
1527
13574
8140
5727
4301
1876
381
1196
1458
120
7764
6710
3795
4137
3367
150
721
884
1062
4727
166
1500
3704
412
8564
2718
8208
931
2024
5209
424
1846
10284
723
3089
557
109
1219
2286
3544
775
5696
1920
2021
716
3023
1866
59
2506
4614
2751
7644
5032
13189
7179
1966
1454
437
5987
1087
1026
6207
1004
7225
3065
11293
1292
1436
3759
3142
9100
512
13685
475
1480
7781
7051
7686
7346
1148
555
7687
1226
5218
900
3630
4078
9558
598
4236
1239
6884
2057
1076
1586
9849
927
4165
531
1359
3096
1319
41
13162
5688
4476
1412
761
5473
147
2736
1284
2847
285
7881
1217
336
10209
448
4569
2100
2233
10744
708
332
39
6416
6744
938
4057
3090
9807
2195
1771
8001
5202
7778
966
942
11245
1098
2162
70
3021
5542
7125
2125
2658
2248
4722
764
966
1388
8326
1788
4525
694
2832
3983
2471
1505
5034
6725
3810
4504
10076
4313
787
531
108
441
5156
2607
11323
994
5379
1914
2674
2603
8908
1412
1124
520
3666
735
776
378
191
389
889
2893
1109
3059
81
2969
4835
952
5385
7405
1255
901
1802
1595
1547
1903
3540
4001
232
2206
2287
6740
753
4368
3157
871
771
5132
3284
2211
1701
5677
1789
9056
2551
39
745
10560
753
3611
2235
2561
1358
5728
5701
1135
135
6074
6013
2694
2848
1193
2573
2345
171
7358
10935
1295
1383
5048
5593
1601
8462
3300
3350
790
1451
175
4447
701
7147
2350
3936
2107
2
1093
1058
7634
2776
2781
4389
388
757
2795
620
3546
2966
1557
1372
424
2354
6814
5909
788
78
1249
1014
2642
3397
1899
2017
131
1235
4114
2193
3561
1033
1276
2612
11390
1811
3075
1080
13194
7433
9685
740
10113
9196
2809
7706
99
13064
116
4713
7375
1441
214
1
274
1486
5689
2058
5258
762
6077
1911
5321
766
133
75
6250
3320
3162
469
7062
809
1796
2241
4206
4288
10234
4585
518
4910
597
2110
4821
3825
3829
720
6283
6157
480
2203
3563
1642
1688
2300
3746
1910
7527
1050
4417
6506
2818
1680
2792
6134
2154
5203
2235
8119
3419
675
6408
1094
879
7680
1197
7646
1386
6863
3082
3885
1497
3499
251
528
3355
2838
3828
259
1205
6384
2870
1307
323
1722
3435
1680
3087
144
2707
6670
1714
908
2965
3990
3105
5310
715
455
5017
10334
1647
296
2193
1263
1053
2549
545
2505
2855
282
3916
9344
11332
3125
5154
5447
534
6284
10
921
2077
6081
74
428
3002
4473
3778
4942
2301
5141
2508
4280
2918
10472
2940
5616
1136
730
7821
5108
5866
3533
1275
625
6718
292
1949
1624
1708
2483
4245
4532
2927
13660
2383
8355
903
2531
2365
550
2209
2519
2241
3526
2989
429
11374
7145
2791
2128
1722
2909
4928
2882
5904
11190
1008
2894
1141
6266
1748
680
2351
3468
3461
2800
212
7373
1158
656
4180
1936
3885
3465
6187
8582
1018
875
640
173
3969
5105
5534
15496
769
2765
7682
506
3805
396
3591
230
3097
6107
1897
350
4374
9996
7
9614
1217
1735
3462
1427
7852
2095
5503
2744
507
9799
4539
1331
13746
359
1352
3280
2171
2214
2772
911
1123
108
6109
3754
1940
4698
2172
664
3656
4824
2607
2204
508
1902
2574
1887
2113
665
4254
42
1379
492
4239
1008
9410
3237
6665
1246
1195
4308
2619
2078
2193
4936
4579
2987
76
2599
1713
2337
8419
7057
1331
1869
1359
253
2315
43
7202
5646
4349
1727
313
356
6144
6375
2158
913
1187
805
749
3955
6366
1334
1073
2748
3723
1316
1158
3423
3696
6080
3999
4139
3812
2937
2172
2324
5173
7464
6972
462
2361
4205
7532
2989
10708
7236
605
3174
9289
3241
2431
8023
133
1936
756
1948
2940
8655
2443
2434
4949
59
3070
9097
9240
1783
236
4744
4686
1884
4122
2108
12304
4959
3043
1897
1483
4779
6127
1585
7908
2427
11460
1939
4020
3091
1426
1430
13249
1247
2260
7468
2929
3321
349
970
3908
4528
8144
6603
4658
2848
286
1709
3249
5417
2392
1387
2313
920
1454
3097
1018
3414
4595
6786
1050
6961
3989
6103
6231
185
3034
6449
207
1621
2741
2752
1006
1270
5957
6537
5917
124
528
183
398
6732
7259
7420
2289
4640
3261
2397
716
338
4784
9287
2361
3802
6119
2840
2179
6983
3790
2217
735
5163
2015
1019
1621
7488
1069
3535
764
8747
2237
4255
7574
678
3701
318
3825
7967
3711
3118
2477
6876
3671
5
2594
9552
2195
732
6777
159
4788
3869
323
12808
4635
2666
24
2372
5724
8556
2924
4893
1643
1377
8278
1357
181
4741
11084
1303
1014
3831
370
6691
5949
4767
440
619
1277
450
1902
6843
7024
3241
994
2512
4057
8278
316
2419
504
5099
420
6074
2336
2319
6549
2264
1684
1433
7040
1643
1583
690
10510
4639
5616
5809
9085
8822
2817
454
876
2947
1080
2349
6828
2633
2041
2425
6980
1036
853
1629
1026
2862
4153
4081
5046
1799
6762
2430
2617
2354
6526
8721
46
8026
2606
9761
9465
2573
3837
3878
1020
1858
2882
9031
2402
749
2445
3904
7197
9856
9744
6327
3012
1344
230
1251
2489
2651
1035
10339
257
1497
774
4696
5465
6008
4930
5734
1219
2342
3097
282
782
359
1751
2999
419
592
975
680
292
1506
2892
2448
4424
260
4307
5921
2091
327
4967
3183
22
10446
1091
2265
4112
7294
3
4460
2240
2162
1701
1771
2412
7771
1343
2690
4113
758
1227
3987
4428
7741
26
11593
4503
1364
2808
1154
7863
8321
1279
3196
1311
3388
1673
5796
6219
7232
1081
2394
2883
2490
5517
4977
10920
3841
220
1491
510
8167
54
247
638
2091
4525
3463
467
306
2309
4271
2701
3683
8745
404
5987
8379
2080
1612
4085
163
5776
872
309
9341
1982
3641
910
3869
2274
4153
222
981
4218
6039
3768
296
3748
238
7995
4336
522
2254
1375
1392
295
1190
7899
1210
1127
11605
8188
581
8686
1914
1462
9011
506
736
2535
5558
2111
74
6409
6844
2430
3353
7629
2718
2653
492
4108
166
843
4167
76
3192
289
4915
5486
3392
11370
1179
1187
1424
178
84
5191
6237
1626
1357
981
865
3687
1895
3981
4159
3351
70
4771
5108
4491
3192
142
3991
1808
2031
768
943
6246
2699
10829
1435
813
5552
3995
3754
2046
2132
1460
5355
685
3587
771
886
4427
2848
229
3752
394
3536
766
3121
1639
3880
2326
301
1229
6513
2024
3869
1687
1466
67
3675
1391
101
4693
17393
2555
417
2993
652
1307
8206
3185
5503
8137
3204
3652
1469
1631
5735
337
4422
4503
4897
2754
2156
188
1625
3056
2881
2118
5930
2992
7036
3390
2099
3846
180
4927
1146
4688
2987
2011
2377
1188
2636
8673
948
1531
2713
56
4934
5672
1699
905
527
955
6684
6484
8337
2869
3517
1532
574
81
677
3247
275
2297
274
2337
8815
1186
1479
1879
2160
2823
3686
5147
2924
4017
1779
4950
171
3095
4808
304
11165
3957
1958
1053
2039
3726
129
414
9122
116
1040
1178
5243
4582
2905
707
2779
2823
2084
4931
2614
2078
1724
1081
5106
2207
3512
246
9403
62
2462
933
4136
11602
5136
4415
3487
4072
4065
958
330
1511
6144
2192
10606
2954
4882
1053
2062
1830
719
15776
4163
9602
1159
2829
1507
6794
2783
3686
10871
2883
4828
43
398
2966
3834
2454
5379
5088
12807
5360
1483
1003
267
282
76
14238
3110
3358
3447
4392
7406
3585
1584
3994
1283
2619
1510
8
5026
4591
1348
1857
4743
2182
496
2367
44
2309
1125
6239
1876
1280
961
1306
1309
510
4035
3627
7202
2124
4071
1284
3273
2872
5627
3233
3435
1362
504
2411
6042
2085
6606
4917
1841
322
9969
722
6421
2407
2975
476
931
7606
848
2357
610
1789
1166
4780
7778
2788
1194
4385
6312
6281
1305
1810
2724
1138
4236
4631
1216
5519
401
10184
1890
5520
10300
2038
7690
2931
254
605
2133
10280
2094
69
5678
674
7663
297
2572
4254
1051
404
3356
1041
5094
2377
6594
3160
1028
448
3370
2611
3696
3412
94
559
1366
356
2749
7926
227
7952
1694
6245
1566
5333
1668
1116
242
6080
294
1853
3237
8968
201
3199
3204
1765
164
1767
4981
8381
717
4310
296
2073
2673
6829
3381
3597
473
258
2763
3080
1911
1257
5291
1313
557
913
5560
6402
8780
5092
1328
4361
2510
11957
3047
2656
2736
3944
437
2441
127
1476
7041
7352
3782
2092
3457
1633
1289
909
8409
10491
77
811
799
3659
2036
11448
388
2785
5468
5612
1378
1367
1328
9157
4208
2054
5439
2728
1992
2687
1697
5053
3590
3579
4107
4417
2014
5143
351
5180
606
1939
2769
126
1918
1262
3741
857
1221
6590
1614
1951
2463
1752
2473
1101
1606
414
2470
7142
2644
971
9047
633
1100
4811
8658
1147
15
354
1512
6088
2543
3645
1126
9009
2048
363
4
3731
2081
4069
1284
921
2019
10510
5063
10914
971
2172
504
2402
6830
3141
1310
1779
1198
250
358
4224
3215
450
1740
1365
588
1624
5626
750
9063
3016
9883
4572
5169
2441
749
2867
4772
9028
1722
7533
9122
1742
2720
792
6924
1219
995
13363
209
142
3507
3801
3115
1330
3692
2405
7317
5339
6126
1755
1373
611
2075
191
7464
690
4885
2179
390
8758
16744
2988
6674
3746
2053
1743
2836
45
7991
788
3352
1064
3625
858
203
8085
2746
508
2833
3772
4701
2862
2037
511
1871
5415
4671
8403
3472
4420
7761
11848
3720
13002
4071
5720
2578
4786
1985
2353
3729
3735
4229
2677
1987
2539
8732
7920
11092
8226
2766
1005
933
2043
5246
550
1333
2058
1153
989
353
3651
227
3888
2526
4940
1795
399
2802
2370
1269
362
5910
1514
310
4204
451
4671
12128
10072
2980
1896
5713
5557
3893
6182
4466
968
685
868
2137
1415
5276
1531
1704
10720
626
1829
455
1311
2371
12
2532
1401
4653
6117
1515
937
3074
5413
1117
802
1472
811
6280
2965
3285
2643
1676
3122
940
7464
5878
2253
1547
5887
5865
981
623
1588
2802
2005
4061
7359
582
1458
1978
440
886
220
2887
1966
362
7746
5192
871
2003
6323
1091
350
7125
3094
2864
7304
2738
1293
2330
11225
3376
6368
295
5572
982
2454
681
555
4415
5131
436
1980
103
5410
1371
11677
8069
5136
8643
2787
64
6628
2590
2517
3284
349
2402
3360
543
3593
1704
540
1987
3297
2809
101
7303
1397
91
10629
3527
4206
3805
2018
3379
3234
9963
5348
3121
2167
8346
8825
2183
3353
366
101
3366
4148
518
2070
3832
2909
3611
659
3151
2142
7037
661
1921
7980
1603
308
1620
5810
1132
4163
5052
6936
549
1131
401
461
9121
6722
1522
7577
11303
7492
1433
1501
3543
2296
1074
3437
12734
1547
7553
414
664
1019
913
3787
4337
240
5808
2016
3208
1448
904
894
46
2811
1825
6182
3431
223
3396
1616
670
844
261
5694
1896
815
929
6400
8202
2362
8324
6152
8431
2528
2915
1964
2753
3881
2306
1482
435
236
4338
1114
4427
4216
1795
1055
998
4410
1701
4746
3054
2441
3509
1359
2698
152
3083
2741
2270
3265
929
1648
414
3596
355
2747
6676
3840
3755
648
3647
2633
8841
1565
312
1841
4984
12263
626
454
3527
5277
2345
1595
1510
4045
2746
4596
3689
3593
339
2061
4615
1559
3590
224
9809
370
2915
3111
2062
6016
5269
1635
658
3338
7982
661
739
3413
3882
1079
573
10913
1829
3045
2983
488
1274
260
813
1299
1260
3379
198
371
3767
1917
830
4975
4106
1143
800
1099
804
402
2305
2776
2150
1044
8541
4452
1157
5132
7794
747
2657
6809
5499
2766
4110
4084
6958
1330
9018
1640
2858
7608
2059
3782
4182
4242
2500
1924
1219
2584
576
1640
431
3798
3888
9461
83
1458
5321
962
6505
2174
8259
6504
1585
2940
7025
107
388
4808
4559
2993
5263
119
4499
835
1050
5466
8372
6502
351
1237
827
6498
940
5702
5980
1611
1093
1547
1422
2171
4733
7437
11419
7252
3865
2639
8491
2624
5714
566
982
8498
1336
5344
1946
34
2498
9733
179
1154
2220
957
1955
652
1050
3147
1411
6777
2018
17
155
1742
3508
1636
11070
49
1076
775
5182
1849
2385
115
1228
1374
6525
3538
6497
685
719
1036
316
7094
2846
1571
3857
9567
7916
1742
744
3049
6893
3554
5628
392
1957
837
1508
3130
2037
6612
372
401
2064
872
2878
4235
4750
72
2404
1514
2817
2349
1901
5167
3406
5720
2817
1429
445
2132
2463
1378
2465
2000
2410
927
7907
296
2250
359
3288
1185
3244
2669
1867
468
1148
493
7086
527
36
3594
898
2274
4406
581
256
2437
2965
3561
6182
6447
32
938
374
621
713
1514
617
4679
4639
124
533
5439
996
2145
378
470
3296
1302
5823
8205
568
2215
882
433
2010
3159
4166
979
7769
486
1951
6003
154
1935
590
7751
398
5781
3907
1520
2879
1396
2636
3271
7556
2759
5065
3222
3085
5322
5728
2708
2307
3142
1510
3564
7496
1150
4215
86
2417
4384
4413
3536
1596
2551
1956
1929
621
1903
1762
723
896
391
11722
6693
828
1709
3646
3014
2276
2509
6783
3723
6321
3415
6726
2443
1298
2546
4259
22
423
4882
6704
3340
1338
2024
5659
1047
667
329
3687
4228
1128
3956
1616
7421
1120
1080
858
2119
2356
957
3260
749
2036
9967
1375
2687
912
1298
78
3664
749
4402
4505
3205
1576
2620
4989
605
4655
14707
745
1005
6217
3271
2093
4744
223
1964
1545
13461
7400
2511
7130
2593
1751
1898
2315
3066
1920
394
5239
2501
6344
6125
1007
272
5663
7600
3569
469
3997
113
1307
4188
4367
5724
198
633
5775
2605
1974
6174
1704
6104
329
2722
1189
2422
614
3319
3736
1210
15000
1500
1821
3933
981
1396
6044
1082
3043
3792
2403
6388
139
7364
2477
3073
6954
3113
7567
828
9929
1362
4766
8713
2620
8660
358
2423
14724
4833
6728
1780
1996
3115
40
5969
1751
255
142
508
11370
7605
2973
2407
408
5202
411
1551
5965
718
1064
960
5659
6207
1952
987
1226
2006
1449
1993
3014
8436
2297
4583
3016
2987
1032
79
140
1976
1226
3486
5564
1708
1454
627
279
860
4684
415
1465
1460
316
3
2788
283
5212
1496
861
5196
1876
1782
2675
6707
477
696
6947
326
2369
6851
1583
3107
1828
514
10355
3701
4256
646
261
7941
16378
580
5428
2734
92
5360
4432
477
144
2075
335
2685
2215
3080
3128
4768
2856
12904
5280
1087
3304
2441
1523
323
8327
3530
1455
2399
1946
7943
2880
1774
4718
1360
1033
1246
5378
883
1929
3897
9112
685
1947
1512
2440
11292
175
1769
9630
1950
691
6987
1244
931
2368
5943
3275
217
7028
2003
6989
3173
4655
416
1122
3301
1351
1479
899
4575
2892
2014
1027
470
767
2759
1566
5411
10272
8647
12457
9576
13541
