real_Parameters :  erfcc 	 failrate:  1	 Fm:  1045.5628	 且最后的Fart/Frt:  0.6001530472		   Time :  15.7898

269
525
517
1106
1201
487
1339
1443
556
709
1554
550
818
1610
892
1837
603
536
1179
371
355
448
1115
940
181
86
2114
418
569
518
1579
1185
1716
1185
631
2174
592
1111
1555
694
327
54
765
1198
1252
393
657
2493
984
323
1050
247
1288
1347
1258
1207
1271
254
1092
2745
587
487
1171
1125
460
1509
2499
1068
1529
2154
522
1102
2213
437
1300
701
663
1063
1156
2242
1051
747
1493
1230
1638
550
1874
1798
1334
147
2069
340
1071
339
1426
880
646
141
622
1590
1670
1872
842
2617
1189
1075
1492
1784
2014
1353
1954
2631
883
161
877
37
2749
2242
286
624
1584
346
1576
781
371
368
820
1278
755
1391
1338
1486
659
1019
800
936
716
780
594
1137
1257
162
308
222
19
198
1202
896
1019
2096
701
285
743
1964
374
1073
2052
858
1458
1251
1624
67
2168
486
188
1051
398
74
1407
628
617
401
442
306
2090
248
686
134
1525
1742
1375
838
848
651
1735
2176
1360
1703
1608
836
222
2834
494
1585
1489
1586
1272
1181
232
2302
1904
297
2650
1365
2281
336
1740
2101
1120
535
1233
694
354
946
1762
1156
1159
1621
317
1000
1801
308
1151
886
1045
181
157
2425
395
1654
1755
65
1430
458
1161
563
1197
1805
356
1559
108
587
1309
1347
1931
3084
1788
191
758
591
2197
1802
203
1760
135
826
2284
2108
791
1604
234
1072
1622
1120
591
410
173
515
554
2198
1571
1441
761
1015
726
2937
1837
180
1455
1839
52
12
882
1137
699
1610
89
1343
744
903
1649
479
768
378
1001
812
486
1761
887
1523
1704
397
1320
2102
1931
1483
2231
270
1573
2330
302
1309
711
3365
314
822
1364
763
781
598
1433
154
1861
80
210
633
428
777
659
1093
107
2651
818
922
704
1490
779
1085
1695
1996
59
1253
369
51
809
1674
1160
1937
1220
116
1600
488
663
197
1420
611
232
1635
732
36
1024
82
553
162
221
119
28
1862
1397
1477
718
1421
725
1242
835
192
2509
511
2187
1298
1799
2823
2
1309
87
50
568
1991
45
1059
1823
1854
848
469
416
202
924
2035
1421
1078
850
1213
1847
1259
1619
453
388
218
1129
78
432
617
2309
126
2488
211
1325
1051
90
1115
26
584
1444
783
1892
797
503
2068
1585
624
1233
736
1407
2058
959
804
2543
71
1393
1429
547
948
2617
1837
1965
869
214
3094
798
786
1704
142
1752
510
1203
1496
489
816
23
311
1269
1199
2210
1246
2455
647
499
1007
2213
543
1525
960
2570
424
1012
1305
191
1469
168
801
347
1799
2657
844
704
319
1089
1002
953
808
1201
1522
1617
1773
1768
765
245
420
134
2561
180
1050
21
1029
1977
1658
1707
722
2587
936
1304
2350
756
1810
415
410
3059
2632
1018
1377
1698
147
590
869
139
908
566
2378
763
660
1350
1269
992
827
1067
488
88
1233
2145
1732
372
1461
1768
2448
1433
1269
398
1396
429
1020
18
117
28
332
1033
1707
1697
520
548
194
543
21
303
364
2184
228
841
472
714
621
1147
1655
1689
379
162
1047
1690
512
361
298
756
304
3000
320
730
1783
1479
274
954
1791
1559
706
1127
605
1629
392
446
616
453
2503
1688
1155
702
893
1273
505
333
1441
1188
962
807
1072
500
457
2610
2495
165
363
798
1899
1406
92
73
2105
2172
1719
816
1124
732
2217
510
1095
1746
199
616
481
358
2171
758
612
272
2364
360
45
934
1881
2635
1820
973
186
2091
843
586
678
718
25
12
593
639
644
1150
912
313
1636
233
1119
1425
328
1216
276
732
532
195
2163
47
1408
998
25
2920
978
944
202
1620
1474
1289
431
947
495
937
1044
113
748
645
476
515
280
2258
1390
858
1999
1412
882
343
1025
1009
422
1338
1511
1170
1276
566
1380
99
156
106
1932
1885
1803
90
948
398
1066
1284
863
718
1210
66
200
1130
800
2186
1116
1686
384
130
1219
488
1726
417
508
342
315
1337
605
1049
1128
2927
1438
267
1803
788
1043
931
739
1414
617
690
1431
358
1880
960
285
2099
559
1755
1693
2319
669
592
1214
346
6
613
1006
659
576
822
1400
844
683
1231
107
1600
1233
874
1658
1566
608
230
1793
1143
282
50
186
1952
1057
507
77
740
1686
419
1033
1422
115
1207
1478
2003
581
729
1897
1230
1282
445
187
1613
355
56
1504
1697
1221
1586
1286
194
722
504
751
2458
362
47
575
525
2245
989
810
95
639
1541
607
1435
1504
2499
404
46
728
1351
107
1549
575
828
696
1862
161
830
1568
33
835
715
812
278
2598
321
969
473
393
1036
1044
1400
119
81
190
1422
3010
1387
1332
844
1788
2276
966
979
670
1870
728
1001
1385
2109
910
1747
1226
369
1618
2806
1298
93
1157
32
1321
298
720
2589
364
1233
162
1082
617
2032
662
314
1343
1451
864
2183
928
2255
1186
1382
1021
42
521
1635
2597
624
182
10
453
220
883
2759
584
1296
774
1996
1273
787
578
158
430
997
509
729
860
2227
1525
1650
661
51
479
1236
1264
555
1368
1050
296
757
1028
1126
157
1103
70
151
679
496
1079
2210
343
3517
507
720
1106
2936
1044
943
1170
306
238
1107
382
952
1009
392
790
1286
506
963
821
1679
206
769
606
2492
2619
1429
92
1325
1137
669
1532
1328
240
538
1901
1626
1273
500
1657
1064
350
692
1103
2333
901
38
2686
1715
612
1795
1489
233
1877
126
1906
1173
354
1537
1420
1555
517
2587
558
1006
844
697
1774
616
474
928
31
996
1366
3001
679
164
1939
1751
727
364
4360
288
2014
1290
598
895
121
648
267
1889
1126
656
329
405
1133
235
234
872
714
355
792
719
1791
1907
67
1406
2092
2435
1684
1845
631
1441
1743
1524
615
2343
737
1690
1036
250
2743
886
35
795
2453
1367
1687
438
1784
2425
249
396
1824
852
46
740
1327
2760
611
993
276
1067
450
577
1037
732
1628
665
390
704
515
1434
969
533
934
852
2367
975
780
831
2786
1363
213
752
142
1615
634
573
185
732
1980
2017
618
1738
851
1683
509
237
138
506
489
388
572
1238
792
51
593
473
1764
1732
2618
1288
1129
957
1614
1547
1061
201
918
1653
1006
1198
2831
1199
4371
1058
861
1857
2013
816
259
501
2323
1132
547
780
15
1021
183
494
205
801
430
120
802
1689
2221
1242
57
546
2779
467
2599
3590
412
1321
924
1546
2
1465
943
1693
1101
885
893
414
1515
2009
251
1000
227
308
1574
160
461
2727
728
1928
1427
482
218
1724
295
2430
1299
139
3289
547
1323
197
1309
599
71
334
1544
863
1016
931
617
37
1415
500
111
1274
1898
2028
882
2134
787
765
680
117
2219
171
145
2068
2513
1273
938
1109
1173
238
481
306
223
1587
814
934
292
282
1225
2032
892
9
1050
1130
2263
731
796
1205
829
1380
1419
1109
1108
1092
535
1437
2230
2329
89
2047
441
222
2321
3310
1232
1250
654
2011
1782
770
1203
39
409
398
861
1697
880
773
956
305
161
206
1850
625
899
1305
1801
2527
323
1455
789
2172
1015
15
515
1352
1385
634
225
1093
1056
1080
450
129
1010
914
1813
564
149
667
1587
1536
666
1013
2009
971
327
2284
1875
552
1496
353
834
503
154
3055
1208
194
506
463
2288
2378
806
580
1805
831
676
598
621
672
1078
310
954
2086
363
830
1906
1312
1001
1369
849
1268
618
423
1559
595
146
945
688
101
1431
2488
1420
512
1081
976
1026
950
1285
344
1229
855
1370
586
257
1625
2263
1385
1451
954
59
930
869
693
414
1645
2111
1110
492
1193
21
139
367
1462
1184
1696
1709
1728
655
1546
827
957
967
571
1753
3518
1117
3299
975
111
1164
799
1877
437
283
118
372
119
205
234
979
785
1166
264
1648
271
201
105
365
228
1061
785
876
269
1920
1168
79
672
394
125
1546
1034
192
1160
1280
154
2054
1024
1991
1274
2713
346
2962
59
2641
224
84
1520
1043
1040
2061
23
131
1070
158
1498
1178
836
802
1153
1525
353
195
1364
356
464
1462
442
1802
1044
1502
1232
1828
877
1056
47
2622
1798
482
1356
1441
1651
193
902
970
828
1842
758
688
1594
202
1223
569
167
87
1357
594
1924
511
951
1617
54
1096
576
428
251
1474
1539
1596
2387
1576
856
809
712
501
816
404
1121
1791
758
1181
295
422
1010
396
967
2420
3411
1438
1895
1659
456
1870
536
280
2232
264
334
346
538
343
1838
546
1098
282
1222
1144
792
1288
776
1211
1893
786
631
1528
146
1669
901
723
758
2611
411
1205
1039
1355
1266
1206
804
2350
1687
1449
1854
1549
1812
1022
667
544
683
982
247
303
1574
3293
77
1261
275
702
389
99
915
39
1131
2443
909
1550
1863
2184
1142
1840
1639
283
923
2272
1960
3490
363
1526
2780
1245
1305
2097
159
2169
806
1392
761
148
540
1699
206
947
926
1352
10
2459
188
1047
356
2098
1642
482
1261
264
296
792
785
771
48
824
2018
1135
33
1340
43
96
2010
559
369
1964
507
2681
3357
1069
1431
619
332
1721
1928
301
1281
368
1066
3011
2326
479
1256
1080
334
1439
655
444
2454
531
219
892
271
1013
88
1171
139
1260
1521
393
457
2576
449
1576
1174
88
1150
1238
700
338
2315
737
2460
3178
254
272
809
1124
710
425
945
346
824
105
1435
12
18
1479
850
124
496
1097
2045
1007
972
638
99
154
1239
1161
38
469
1034
3050
1073
1081
514
1433
251
754
1767
1498
955
3288
1889
1171
1875
1620
2138
493
746
1954
1423
1377
1384
27
184
943
42
887
2210
209
1140
1010
414
960
1778
183
428
2587
540
1676
1507
862
667
1201
482
42
217
92
1994
2296
2326
1095
30
45
70
1479
776
1960
2324
1280
836
588
1226
1147
1609
915
885
1980
1504
369
602
2107
646
1780
583
1866
1981
2564
2076
569
1124
732
272
731
2119
1507
1043
1387
1383
115
434
441
605
2341
1816
1034
479
416
1487
151
1907
747
74
1563
60
546
960
681
2363
796
236
62
1233
1439
1965
707
928
2038
594
193
1024
499
270
94
10
1072
1152
2437
1780
2764
3162
429
89
1264
1640
19
301
691
1288
520
2279
1115
23
1086
632
1481
329
137
507
2185
376
1372
1440
1329
1522
1015
963
542
1846
353
374
1140
1121
1200
235
1290
2733
1145
716
1412
95
808
1395
1888
891
1445
73
266
1334
761
676
2059
1546
1830
93
856
213
1458
964
1226
630
25
862
61
532
1362
2088
816
888
438
249
1305
1626
2042
329
819
2529
1145
834
1903
482
229
2218
269
1472
554
310
957
1254
1652
1591
358
1804
1766
970
838
1515
677
1315
1896
1530
876
1207
1427
422
1720
455
77
503
1396
1366
956
1953
941
1237
742
277
2465
966
1279
1050
1823
820
1458
2093
1823
1587
312
482
1189
893
1134
683
1581
1028
626
894
1129
883
731
181
78
283
624
130
1180
63
351
234
438
137
2595
1568
736
1643
273
1403
594
1150
266
1178
885
1864
1282
1378
1357
215
1331
220
1183
300
667
680
366
931
202
1593
801
1397
230
198
946
1510
1943
335
534
404
1043
282
1579
940
493
403
86
1721
977
1439
1446
1126
2467
2479
2594
4
3202
1790
252
292
1199
793
2032
778
2067
1025
764
935
1869
244
1159
1313
1426
1148
1615
472
2520
660
2209
1904
65
1031
1411
114
863
2398
723
605
598
49
588
856
232
1793
1446
1134
1300
1225
1240
515
1249
916
710
1230
1395
1983
146
564
2136
1122
901
1144
524
2081
531
473
1506
1135
1193
1675
1043
540
2080
438
1418
653
762
976
920
1915
840
2047
1628
640
197
1268
1329
775
1451
783
1463
1356
948
313
117
2792
138
1583
19
886
3487
342
1028
1298
2991
932
760
941
96
1739
699
2567
933
622
1688
1393
2589
2083
1102
719
1176
2026
1141
880
18
372
469
1840
1309
1152
412
593
465
966
1270
24
903
935
1955
553
182
741
615
142
707
1781
213
4535
249
705
114
1074
1439
1442
658
1890
1278
964
1402
1858
353
1402
1017
592
1050
640
939
1114
1267
1573
416
1195
1074
1353
350
153
1093
206
1852
132
25
1049
567
2332
492
1889
49
743
1128
734
242
979
1709
28
837
1818
448
283
1954
1399
1553
1342
1278
169
709
768
730
585
935
453
106
833
1873
943
842
929
1886
289
247
492
1412
610
1294
1692
1002
1079
2272
1024
3995
1955
644
985
1142
1296
3077
358
82
1845
687
1224
66
1370
1624
775
2530
1662
959
2239
178
1756
879
196
2458
2
1466
1456
1166
922
2160
15
1855
864
361
806
946
220
706
2033
1279
1250
239
774
1243
1678
47
643
1017
812
2436
55
87
1615
244
242
1441
1289
188
1518
1133
57
713
113
641
1191
538
545
1871
597
2054
785
909
460
97
1224
1718
1072
990
544
2224
1061
1578
1050
1651
1146
319
665
1331
960
1726
2852
1605
217
2419
977
1497
212
1116
495
1156
545
543
2338
1815
1826
1156
1721
1315
1416
576
865
107
129
729
2824
1168
1317
210
306
353
826
802
1559
2087
1089
428
1097
35
930
1571
768
805
579
1483
76
137
405
701
1534
432
1664
104
1393
296
1352
391
384
1473
1018
545
1348
962
1569
1538
1122
1367
44
1277
276
2563
1314
2116
154
1656
147
808
735
1148
975
938
917
1234
731
30
773
235
1907
1476
51
3152
2979
966
2619
1713
135
437
1087
3083
802
1042
2556
1462
1310
1519
1957
172
475
608
2491
784
4
901
1193
737
510
555
811
2142
905
474
1491
55
585
343
332
1153
172
870
1295
320
297
241
681
2521
2133
1883
826
1467
1571
1322
2186
325
1429
999
64
515
2011
879
160
2402
2274
854
852
474
863
643
992
1229
463
1205
1388
1408
632
558
1499
2905
716
554
1680
1493
2267
2580
1218
716
1008
954
2719
1170
998
776
476
818
300
1951
998
1057
59
1262
2084
1581
754
535
630
2000
403
916
1974
455
512
936
266
1079
783
158
1485
64
2465
439
875
1889
234
311
646
730
802
1226
191
1224
250
329
218
241
998
452
420
182
1701
1002
1147
360
806
827
649
380
18
1200
708
1270
180
2578
1539
2044
1690
423
117
1817
604
880
232
286
891
1301
404
1177
1629
630
1191
803
898
2128
3902
104
2005
1802
797
1284
1851
27
29
1721
448
65
815
314
1440
546
1613
1443
1206
57
1649
833
2245
155
1908
346
1781
1105
2316
749
912
1010
1383
614
767
991
1528
13
1012
273
1731
389
1037
1702
252
598
92
1059
644
72
348
2410
992
1049
1697
4090
1035
380
101
971
846
64
649
1368
619
2155
866
178
442
1104
1880
1327
789
1250
1090
2071
704
844
2074
1014
700
1015
761
2571
1353
221
1488
626
487
1364
251
1266
160
7
868
164
1439
1399
911
434
911
604
640
394
2146
3285
1230
1418
695
263
1141
2688
992
423
608
1578
1558
1356
2301
376
1246
1911
152
3043
123
1171
1388
1802
2105
1691
787
1345
1716
75
1737
1074
928
29
929
776
202
1196
817
1180
862
3769
1579
386
2215
459
793
1435
1258
1343
430
351
2336
926
453
216
1829
1317
1184
1626
1590
1010
1092
1624
2090
688
61
770
1362
312
676
793
1656
350
306
826
372
693
1147
1681
2663
558
1439
372
261
1286
618
999
879
1532
462
1445
1480
1821
832
1570
51
1755
1417
976
1664
494
633
1235
368
1698
1402
593
1691
2035
542
1051
18
40
1422
69
1263
725
2100
724
833
204
291
331
1501
227
413
1286
747
749
166
1690
29
676
1055
959
225
419
251
1014
343
440
478
1105
672
650
667
455
1047
1714
848
97
168
508
219
1317
964
1279
1555
1008
132
2731
349
621
2117
1090
234
1664
84
1193
62
1479
80
1185
357
826
741
782
2487
283
1125
2171
1477
1441
1816
985
1765
1938
2113
219
1733
264
1838
2937
557
681
948
531
1677
217
1377
1844
357
2028
1430
527
887
1153
1755
1352
432
792
610
1286
1609
2434
1547
1525
1136
1406
272
1315
343
2059
634
426
297
1517
1645
1233
1596
663
211
1577
349
1562
1046
625
2175
1043
927
1388
2503
228
2101
3055
1482
733
801
1162
1354
1619
2355
260
671
1030
254
1118
330
1110
1035
1846
3522
1788
3
906
863
983
2323
329
86
993
685
901
1234
3571
1617
1007
243
805
1431
715
983
1641
183
500
1544
237
2080
326
1860
1859
2137
440
1577
1529
692
17
455
1137
1977
95
1103
1177
740
1637
410
1344
927
702
1804
384
2740
2787
465
1528
401
2240
1489
2895
57
151
479
817
106
1090
884
1426
148
205
574
509
1911
2623
1436
1472
2439
1623
1093
1038
805
66
660
9
1258
2119
274
956
1215
573
670
1844
2041
782
225
470
2341
1364
616
1526
686
506
357
1146
1688
1078
3094
1289
108
651
233
1736
1252
608
1320
1841
1952
1075
941
690
211
1432
518
2213
887
632
89
25
1186
745
365
1810
633
1079
140
169
387
1784
911
1265
1069
619
2118
351
188
238
898
48
1108
636
625
1520
192
452
556
70
216
1530
1245
1544
875
2012
566
325
1025
1736
1002
10
562
379
1412
209
1459
1430
1575
231
1073
961
505
729
210
489
1000
440
790
271
2325
242
1539
833
102
1103
963
994
1199
2845
675
319
451
279
1857
557
415
2324
1437
1904
932
82
326
3139
408
906
124
1568
740
182
1163
1416
752
1076
851
184
770
1836
833
1185
1070
246
1558
1403
1930
1603
1150
1500
245
1118
2225
2796
454
1109
1253
550
1815
1767
691
900
1782
274
816
1461
1207
1067
395
922
561
109
507
464
1542
1707
196
1335
852
276
2461
576
787
283
538
1121
436
1094
1304
790
833
1771
273
1787
792
1157
857
1809
189
1671
1541
1364
1578
74
1775
2727
1893
1148
1581
1304
1840
20
2277
1680
2409
1603
1686
124
21
1450
472
1624
1187
102
1550
1091
1136
926
1635
658
258
641
1167
1528
2720
1735
2108
101
1370
2415
903
2360
543
544
363
482
1881
2299
889
2385
1552
303
554
1758
1497
899
2015
1122
180
1324
593
401
1262
1265
2370
512
1904
877
840
1054
1262
827
1988
276
29
1218
1054
2322
1143
1075
786
73
1137
576
1615
704
411
1112
441
408
935
1582
1011
1787
1114
1132
389
892
20
989
761
226
2426
356
808
645
469
1466
966
1207
1594
1657
78
330
309
839
957
1558
13
222
430
1609
709
404
1869
1299
932
35
518
970
1467
1479
1045
1142
782
1033
784
1872
867
1249
680
805
357
3396
773
253
1061
17
1266
1140
2025
2795
1029
2179
962
465
628
2195
630
96
713
759
1856
160
95
1972
2480
520
1118
2289
628
1491
662
1254
1816
1444
992
33
3066
2174
1504
1088
137
451
701
952
206
804
1740
1292
646
134
1709
984
1482
535
380
764
866
1335
349
713
1118
1250
693
869
468
1258
2549
1411
2205
1093
132
464
2629
487
2229
810
850
596
80
174
550
361
198
1106
1537
366
1237
954
275
449
287
2561
2092
459
1168
657
2983
1143
811
641
16
1648
709
113
50
288
1884
918
966
1656
418
1314
865
477
607
362
629
898
751
1284
722
3507
312
263
1545
2010
512
242
41
812
110
379
1833
1019
141
766
5
1355
795
1579
1462
1696
277
336
2130
1227
206
243
1724
405
2690
1421
1485
913
534
450
502
848
236
733
1046
764
1130
37
235
1753
556
1243
838
1745
2262
977
395
169
233
1521
1856
986
116
514
1189
1220
429
1061
1284
2195
117
1426
1049
1024
629
2058
165
359
125
323
1280
1500
743
1681
1037
1032
1999
3116
1092
1107
1245
336
1357
2093
1307
349
1242
2182
129
1725
1228
936
928
1200
298
625
842
1687
797
536
1336
917
758
1629
246
578
271
419
818
2332
1928
756
1298
1595
140
1366
151
1210
3066
2324
1342
584
2128
419
1854
1617
740
2071
244
868
1373
356
1594
556
1220
2506
55
1352
1449
1786
197
1316
816
1727
377
1580
121
883
1079
1322
1298
254
192
2052
2953
406
899
842
1143
790
1807
1037
437
889
1649
1103
1281
2631
551
374
92
755
541
570
1500
464
1436
1323
1177
348
1489
1991
737
1352
591
1922
1476
2237
1572
145
2238
71
2459
1100
80
2235
368
1288
619
1654
2267
993
161
1326
838
1880
1648
1458
1335
1446
1434
293
454
123
543
1375
877
73
921
756
380
1467
585
3442
1065
1057
723
634
1191
1033
187
244
900
1805
2300
1300
860
1651
1091
1039
311
1665
1142
1325
1219
1792
376
689
652
1207
2109
133
45
1126
1393
1767
954
82
1700
1029
1023
817
898
702
926
629
1218
1758
837
387
542
2088
561
2455
333
2414
1557
503
65
1566
929
1120
997
794
1807
979
1043
2623
1915
334
2286
693
1959
1959
437
1710
419
424
975
959
292
1108
2034
2104
3007
772
440
767
2294
97
154
1202
579
781
2814
1455
234
171
139
90
462
70
788
1028
1391
582
123
490
622
1627
1143
240
638
731
2147
1087
532
2190
657
1594
905
525
1076
1624
34
199
847
1551
406
256
1194
1091
756
1550
1192
1676
277
978
894
550
621
1710
1825
1281
1403
410
617
627
1426
651
662
539
231
1220
1559
20
969
2136
374
1382
132
1484
872
1913
714
92
78
698
2061
1524
1293
1347
868
2901
29
984
223
730
65
992
325
624
1179
281
562
491
338
1308
1191
1460
1479
2272
1158
1271
1634
1056
2077
42
703
800
2377
30
798
261
2027
1830
715
1501
1101
995
1499
797
891
508
156
186
893
18
633
384
782
106
1272
1197
271
416
488
55
1028
3072
1985
871
989
1568
1366
688
837
292
82
657
1426
2185
1423
551
490
1633
1890
381
986
1139
2883
1210
64
891
689
485
1516
350
1706
511
981
27
2193
101
26
1583
788
16
285
502
475
1031
1054
1082
951
2195
1098
543
187
1481
1122
540
555
943
995
1027
732
175
906
1839
1961
249
1168
1750
452
1355
91
1798
590
684
152
143
384
1921
1517
1667
1107
305
1797
922
1431
298
1297
1249
711
2374
58
439
167
1278
272
540
1163
1533
417
1397
107
2123
1110
753
594
1518
45
1105
806
285
845
1748
812
870
123
107
923
155
1365
2181
1021
565
818
111
340
317
256
1363
1855
1011
1851
627
1079
497
604
1730
297
1330
772
1089
827
752
675
603
673
835
466
277
257
494
470
706
1586
1195
1967
2280
612
370
984
508
96
1277
664
947
2396
568
285
364
1307
135
411
920
840
546
164
1722
1564
1816
1380
186
217
993
1286
792
445
610
1257
1031
123
189
796
600
693
120
1204
536
2275
2478
2026
851
552
1126
163
594
2195
2355
558
1146
2539
2352
1408
132
148
683
1818
2046
2855
1808
1160
455
140
1898
959
888
176
1438
3244
2975
2
626
1773
1506
1062
2114
2160
482
1079
985
4007
94
514
1753
1668
1160
850
782
215
1955
1019
734
282
1043
73
1275
2105
1438
570
479
1921
501
636
1295
1236
570
1509
1610
1233
2095
1912
50
1268
1059
1462
1479
1700
1173
749
428
1161
2038
2538
1870
139
950
2178
262
2295
443
1682
1752
1883
457
468
808
1193
510
214
1401
2266
2071
1815
2866
1415
599
926
519
676
1348
2618
2103
465
623
2471
1435
932
258
2092
2019
1481
1356
290
996
502
67
62
859
1017
989
289
517
1450
1243
455
11
1217
353
420
2030
1056
2092
12
1647
523
1204
1093
237
175
1010
172
1871
1273
1642
210
1771
1691
110
2571
1566
526
897
248
6
944
1571
939
36
1324
1515
2315
827
1041
2444
706
1471
2206
848
308
2272
146
219
686
1769
1542
836
3
1225
816
1682
228
884
888
462
1051
495
36
509
39
1420
1533
747
844
1761
2752
900
720
436
543
956
1317
480
526
1613
1958
1537
1475
1749
1244
243
968
818
894
499
1770
1349
1045
536
625
1603
639
2
1312
1228
433
725
1129
1823
1294
246
1308
1028
754
892
1490
517
1074
826
395
1357
389
933
1671
696
2832
46
2621
1008
2204
2367
785
953
1291
148
766
512
1359
1741
762
2164
278
693
381
815
1770
1598
1633
2304
2469
1661
1540
2390
929
467
1567
96
2957
1835
2554
504
903
921
804
1552
1069
1095
1003
780
1433
546
1540
1400
193
2606
865
296
1492
1002
104
41
2557
2112
721
2514
1590
1650
686
1347
1104
1505
884
244
634
633
200
1051
1468
2147
249
426
2320
568
1660
243
437
493
31
4208
66
984
1842
61
1318
888
1503
1384
2705
1383
566
1530
649
840
1080
947
827
1338
136
2766
1167
1187
1725
1840
33
716
2543
1698
758
287
1193
1651
208
762
339
309
1656
1877
455
2167
432
816
1210
1613
2709
866
1950
795
129
856
1909
1187
3804
683
96
546
508
1212
635
27
379
473
1346
1084
1113
999
1844
271
1818
375
98
2331
260
2146
153
833
3
1822
2086
2641
448
706
233
354
8
1652
409
1008
289
696
1035
1010
407
1768
1604
831
1060
1612
1604
2378
1417
782
1446
1295
45
2167
532
1932
671
909
1163
1249
154
3059
2311
653
142
1994
1021
337
94
630
866
933
918
2054
1639
1521
1022
1518
591
3187
892
53
1328
2431
2067
1334
1021
664
205
1371
166
1478
1371
688
192
1404
1973
1241
1837
1004
1266
404
320
282
292
1354
1705
1191
1544
263
564
261
1687
850
1553
1202
188
99
1114
387
1147
1185
1073
1508
1868
236
1183
1160
716
945
901
1713
506
428
164
421
1166
2481
1210
258
934
526
2381
1280
1856
905
1049
2736
1387
764
1488
2391
515
1896
130
762
141
1543
620
568
750
257
1993
1689
1567
105
2000
2020
723
1750
301
385
470
236
364
1077
197
899
638
1051
907
1268
1629
971
350
2164
252
152
1222
2366
262
569
1990
925
27
917
1255
1296
166
735
623
1760
510
836
699
666
1616
1041
1164
1382
374
1576
664
1097
1773
2444
1127
1475
203
844
2576
138
1258
1820
2241
1183
161
708
614
683
70
758
1617
975
1763
2591
225
1778
1271
274
192
1247
2105
1865
1177
1139
161
2794
151
610
1037
744
187
1916
1509
434
496
883
1846
1485
1012
776
1684
707
1688
1077
1381
1001
2
632
113
32
557
1274
946
1679
1008
1140
255
1409
860
800
1068
1270
855
1234
796
297
828
207
196
1973
2148
716
1153
1465
1337
1072
2120
806
698
1767
1877
976
758
2281
541
655
2156
1242
1618
764
247
232
177
117
1255
415
1324
414
1078
361
1489
738
661
716
1546
1361
1124
622
1468
522
1017
1570
294
782
31
1129
465
928
1399
607
1506
1268
1407
73
1324
835
664
885
2117
2999
113
1541
617
508
2818
426
90
131
1369
1521
465
2492
1012
2751
830
1824
572
820
2014
3449
