real_Parameters :  bessj 	 failrate:  1	 Fm:  1253.7258	 且最后的Fart/Frt:  1.6273360883999999		   Time :  23.7934

391
1
512
803
723
893
1032
760
1431
1528
1072
1874
1524
1228
241
294
531
871
724
638
702
2330
742
2771
2485
2376
1328
480
2002
1840
980
1293
839
1037
2762
1590
1520
1020
1558
3900
356
685
793
1312
713
988
431
1317
1634
1317
1164
838
2430
484
2354
1155
743
1482
860
2583
1855
3080
1203
1310
1132
1863
940
2437
825
1288
2867
2465
2605
1568
1086
947
1596
847
1665
829
1392
464
576
289
517
746
2161
2310
2513
2056
685
612
1238
1513
556
1528
404
516
1033
1158
1004
2793
1180
971
993
885
1140
503
535
954
223
1039
475
1830
822
2499
1046
155
1644
656
1875
1147
1383
1046
951
1150
313
372
668
2559
753
1441
889
1544
1103
648
296
1004
2053
678
1104
943
2717
428
1947
835
757
1776
486
1658
1093
958
2037
1078
2364
1752
1320
1088
961
601
1142
2369
3060
2021
754
1367
1892
674
1662
1983
2769
1093
1321
3003
1724
870
642
1650
737
667
1390
930
496
1787
324
567
1094
2479
1729
909
3556
825
908
1673
588
174
1388
1156
3397
605
1837
715
766
316
1817
927
1214
1779
390
934
1046
1803
1702
2070
1741
706
2045
913
1232
1110
145
2247
450
1513
486
971
725
1593
3062
1460
1644
581
338
710
790
492
1458
1444
1082
476
3125
1177
3462
1186
756
1874
263
899
1734
1696
678
1160
1513
1326
2473
1243
1718
2177
1973
1263
362
939
259
1810
1064
794
1556
102
1765
537
1289
793
1272
2531
1191
701
767
530
788
758
557
710
845
2927
1650
512
2135
164
2394
1848
385
813
1237
1685
829
845
684
1408
737
703
2160
3302
751
217
2591
1403
1330
706
356
954
221
238
1934
1136
2368
1971
650
1130
485
3192
259
406
1281
1004
837
2964
642
1491
456
1233
425
1751
497
1207
1462
1622
634
1563
986
825
2436
1508
1654
1080
1100
667
1579
311
818
1549
707
740
259
1223
1239
653
1936
1856
547
497
1020
1763
694
1969
3143
295
1578
1840
1881
1977
2768
579
1162
3047
1036
475
807
1015
307
1762
685
1083
862
1308
433
973
500
450
1440
1611
1070
1028
1300
534
640
363
1112
832
1376
1794
545
516
982
640
497
898
1803
1560
1068
712
442
758
1281
1518
1800
1950
989
2049
1395
1050
1245
2626
1457
2539
981
1128
1423
2352
647
1030
1802
896
319
2784
1704
1355
795
1603
1564
2210
1033
1351
838
852
1316
1243
1036
1310
1818
578
1368
1154
3050
1058
1453
828
1002
427
792
1716
1417
1079
1871
2718
591
1026
765
507
834
2703
1634
551
2040
311
1787
1521
1370
1162
377
533
713
743
823
2269
1118
865
559
1952
934
2441
490
793
1288
1691
1268
1741
1318
773
488
629
3010
787
465
1057
1249
2363
969
359
916
577
211
945
1053
1589
1925
2223
1859
325
1145
2550
699
2739
979
674
1606
1656
387
1569
432
464
553
828
851
357
1042
1349
1030
1717
1061
1276
709
544
2434
1355
1257
991
1591
1816
1295
835
558
758
3727
3753
700
1745
245
969
888
1161
172
1484
399
1220
1505
1445
2434
1592
487
2013
2872
1361
838
1033
1966
223
2475
1395
2252
384
555
502
727
1453
816
804
1069
1659
1648
1509
1299
538
2684
596
1552
1036
511
2217
576
304
785
1981
2697
780
1670
1536
1402
626
1017
1317
1506
789
694
761
199
1164
594
747
3099
1141
2223
1533
753
534
989
2308
322
376
422
2224
2591
1238
921
1212
900
1799
743
337
1167
3091
948
1093
654
2210
1020
814
1896
884
332
678
848
1260
2682
2137
1080
719
1385
610
1816
1996
805
1906
2191
1411
1409
2258
1213
1053
621
850
835
1082
402
591
692
1030
645
1211
534
1187
440
1022
1012
1007
735
1299
2376
1876
2098
1342
1675
2054
1321
1223
393
3001
3027
654
1384
890
934
2040
1670
795
1903
290
1535
1042
779
1194
2395
984
1162
1998
1834
922
2385
1829
1370
896
599
688
527
2107
1226
1148
683
824
786
914
1594
607
1724
531
1850
703
1316
1336
593
438
414
730
1775
1261
1003
1035
176
1079
559
274
407
909
759
867
1957
168
1300
505
646
987
897
711
701
2104
841
1267
1190
1815
701
1271
1917
1631
1080
1793
580
2409
1087
1036
1531
1421
3305
1435
1252
2987
2460
1214
2480
539
1710
1778
2073
1917
1063
890
2166
1544
1112
494
1568
1180
1799
861
952
710
857
1834
1696
1183
2361
2452
1873
469
1393
1733
1771
1875
1879
1060
1123
2180
758
661
1337
1137
1018
1278
3801
682
1182
377
593
1411
857
1460
984
656
877
720
997
967
1569
2031
468
313
1697
3493
1673
572
870
678
1444
1044
600
2002
416
536
687
1774
980
1016
1115
812
468
924
898
851
1599
434
154
999
932
1279
1316
1013
668
590
1047
1887
1516
1123
855
425
762
1931
1489
1127
2007
1917
830
1056
1847
1362
480
1338
216
1975
1041
655
540
1990
1809
897
948
595
741
4258
1552
1900
829
731
1953
267
1976
1253
448
1426
848
674
753
501
1639
730
1332
812
799
1286
983
936
513
734
1091
2122
2185
812
543
1530
1866
888
2960
194
309
2398
1276
2514
1744
1074
717
2024
315
1896
2091
953
555
901
1577
901
1064
1216
977
1388
907
2289
1083
1128
1381
228
900
1148
1725
1162
1318
1207
365
899
1875
1826
1677
2070
698
608
2512
2014
2145
1895
1012
1988
409
964
372
1369
662
622
984
211
2018
2353
2040
646
1290
1315
1701
1030
844
3310
663
1505
1366
2084
3286
1900
1639
2278
1193
912
956
922
1989
1095
470
726
702
1381
203
544
1362
1835
1385
790
682
1262
352
2813
1381
1004
738
988
1528
560
3135
1733
1374
2248
879
1294
963
674
1596
964
1442
1084
1500
616
1122
772
922
1457
1329
560
1234
1098
1354
2095
1342
1408
923
1014
982
919
580
672
1106
569
2449
3586
1364
1750
1058
2420
785
1956
581
1144
1588
1739
294
287
1503
1333
1927
1132
890
3270
1193
532
1250
1835
963
233
1655
1136
397
1221
642
970
1776
2130
1692
477
1289
864
1009
565
893
2016
1176
2134
931
2286
1548
1944
1805
1039
1329
3310
3268
2261
3033
556
1957
603
747
700
1154
852
3081
666
1064
1725
1497
2035
308
1261
1267
1539
1239
1566
1511
1877
1027
550
817
488
155
1076
1515
890
465
920
2540
1124
1185
2838
780
906
1720
2053
1522
841
641
1530
1807
1628
768
810
1877
1419
2319
797
566
1420
482
690
1423
4096
2996
3153
246
1165
1156
744
1260
1979
550
1512
408
913
1749
1680
2471
2166
508
1205
1779
228
1415
1824
886
710
661
1132
3338
1461
786
791
356
1411
995
334
269
140
1465
1245
1955
1117
1284
790
2472
1826
222
1169
988
988
1662
1569
622
1033
1301
735
1467
1179
154
1797
1185
2597
2850
576
3202
1946
1813
826
199
2248
780
1071
1728
555
1196
920
338
990
1316
1704
272
1149
340
488
421
2243
2696
1099
791
1474
573
1090
1294
1370
138
1576
437
433
1221
1717
851
672
1293
930
3075
1903
601
2095
1357
397
1139
550
1542
2529
1561
461
540
851
1311
1060
325
497
1116
2646
1775
2279
795
501
1045
1346
1234
496
471
310
404
2002
662
974
1335
1610
781
1696
715
1231
1011
289
1051
2091
1673
1161
799
1407
940
408
993
849
966
690
2830
1022
2923
3194
1584
2542
2209
364
603
2608
269
521
125
2512
384
1187
1635
1397
1328
1156
1477
476
1770
1495
823
657
891
313
696
676
269
997
821
774
1658
297
1483
1607
1746
428
964
275
253
486
835
667
2924
3028
941
535
314
237
553
1059
1517
2256
2472
1630
1716
2176
1546
1179
2183
415
731
1498
777
1485
938
1408
1978
523
1191
2051
359
524
1628
1539
2764
1275
1437
1074
1859
1792
2161
1612
1164
1311
2951
2091
911
890
1546
1768
149
107
1836
3701
1113
1268
2086
941
1049
651
1387
1256
2050
796
1259
697
1775
1131
1086
306
496
1610
2833
947
593
653
476
1188
1786
1522
2316
1559
932
1050
1977
1777
2058
1767
1757
2697
381
618
515
1519
454
1754
3326
658
1574
1101
1103
394
1244
1229
3023
858
1177
1432
926
378
1038
1202
1793
2227
1173
1153
927
2515
1502
1202
860
2663
997
531
977
1115
607
1208
1515
2668
1049
1139
689
2135
301
1261
1495
1429
853
1963
3233
618
933
1093
852
1536
540
626
2436
3086
1624
844
707
2321
873
1221
169
875
2978
1425
2854
925
690
693
306
626
2469
728
1593
2230
1239
1484
863
914
779
629
1477
1276
621
2280
231
246
1096
544
477
1069
1029
473
1044
1379
1863
1316
649
577
323
2644
462
316
467
1785
1207
896
2678
318
1313
834
1622
1218
567
1250
1265
996
1405
1386
1113
2232
2036
673
2629
1151
1160
550
859
686
998
604
1640
1122
1314
762
1112
2184
1478
1824
313
2074
1773
1144
1600
1022
1336
503
623
1103
834
2144
1233
1609
2010
1942
852
1542
495
276
483
1644
1993
1217
2089
1283
512
716
2420
1293
1585
1005
801
1340
1364
1211
2499
521
363
692
1445
2822
487
1307
594
1701
2470
1757
1062
2152
2070
2130
954
1115
2173
794
1595
332
2141
659
2048
940
590
2327
445
584
726
915
352
418
1464
1266
375
738
1642
988
1113
1357
2009
1280
1998
951
2759
1199
1293
1202
1228
1992
2060
487
1240
1334
1986
289
842
2030
432
421
334
2161
329
1034
725
1028
1903
1827
1241
1173
796
3322
1186
568
908
1617
1720
217
908
1100
800
1574
815
625
1148
1362
474
1504
931
1470
1744
835
868
1206
1519
504
2081
1909
603
1536
973
20
555
573
1786
1195
881
2595
815
355
1109
1146
413
1342
761
1569
1198
1497
1313
929
1024
231
1198
548
1101
2768
519
2942
1021
791
1152
603
1344
473
1635
2581
860
879
645
2290
556
1122
1045
954
874
1259
534
864
1255
2396
498
1087
743
1
1042
2137
1129
2595
761
1183
637
2667
626
677
1141
448
1502
1067
291
735
1538
622
973
1809
1410
1723
933
553
1958
943
1828
1143
685
1916
553
1589
1631
417
421
661
3183
882
437
1587
616
1682
1006
1012
447
583
1169
2222
534
1546
878
522
225
650
2140
1660
1730
1528
767
950
1115
1334
898
907
1191
1115
1259
1074
784
1170
2256
1860
2338
2011
2441
509
425
651
909
369
958
2363
2689
1194
2217
659
1956
1216
1411
1047
2298
1521
3446
2783
1067
429
2762
1320
1619
1479
1455
1172
539
999
1495
534
195
2025
899
1215
269
953
195
882
814
172
1748
758
1695
1147
1534
1257
666
1250
1107
1412
1140
3120
603
833
491
1473
645
1407
1574
391
969
1631
565
936
3004
966
421
667
534
1547
818
1789
2481
383
996
359
2631
1691
1002
1822
839
2879
956
175
603
1162
2879
851
588
1242
1644
1828
1066
2643
778
1079
2002
1291
883
232
1778
2004
1568
437
532
701
1912
1869
802
766
2165
1779
2153
752
1572
1702
2209
358
1316
1369
1124
622
2048
1175
958
694
1225
800
625
94
774
1302
1856
842
832
1484
2228
891
2482
1145
819
1944
1084
985
309
302
1460
978
169
2882
1684
1446
3020
974
1546
1296
1917
617
1795
1273
299
1668
947
1390
733
821
2884
386
2388
564
2379
1148
476
892
2798
1318
770
1121
1866
828
1074
1010
511
2601
2798
566
699
1056
569
1852
2167
759
1516
1787
2738
1914
457
1156
757
625
442
1236
590
1103
2002
1896
1048
823
1821
737
1621
750
1101
688
1502
616
1478
1242
481
2104
486
1759
1427
1364
388
844
1286
299
699
2445
802
1732
1430
678
1097
2753
948
708
1464
1228
707
647
565
1074
695
451
2386
2615
1109
1303
2110
2178
2446
302
613
1136
1027
204
3631
1425
425
1235
1062
1172
640
1039
1756
2140
1125
949
677
1049
894
2883
2100
1201
788
1149
873
2088
584
334
7
1055
2472
1006
648
276
1069
486
1553
1689
1359
1783
1735
2029
1912
1182
1725
2043
1323
2395
845
2582
1256
2463
903
1061
2127
1088
1567
2098
1213
444
333
1340
3057
2438
1289
854
551
1374
662
1282
2798
2067
2155
829
1586
780
525
1119
741
3328
262
2156
559
820
279
2001
640
686
864
716
1958
1343
605
806
1070
1983
2156
2255
1085
600
825
734
730
1203
557
255
1148
714
2439
1449
1027
648
1070
1496
484
926
535
650
888
1795
1587
825
1038
1962
788
1301
667
694
500
754
741
481
2790
424
815
1638
1192
934
1837
763
1236
522
1852
584
1509
2280
1972
615
1494
1650
449
1813
1168
1539
1470
2206
478
553
476
297
1584
1148
387
495
728
968
565
398
900
1980
468
1429
1373
1293
686
934
1438
592
668
654
364
1668
1707
1522
2469
1023
1984
1561
353
1466
2887
1087
1136
355
697
339
1377
1603
836
1939
473
1114
2550
725
2673
851
2138
1678
744
845
477
884
662
1335
915
2391
1480
222
1590
799
1595
708
782
999
533
2973
507
1654
4942
675
1945
344
1127
844
957
661
1016
1157
653
2197
2091
1877
516
2295
1002
981
1436
2154
1751
1279
895
668
627
1052
2916
3766
285
949
1964
519
1229
2084
615
947
1147
1376
1085
1474
2366
317
1689
685
932
1147
1372
1108
1505
824
1405
1791
397
1034
661
528
500
3037
970
1003
980
1159
1451
924
1357
1894
775
529
1185
200
1475
1490
1114
452
786
306
795
1973
819
1869
923
1454
948
2872
544
732
1154
1060
1490
389
1420
682
3105
1715
1400
1523
401
942
1239
868
2468
482
1549
1822
2148
1597
339
788
643
705
1699
1321
1422
1492
2485
1759
427
942
1583
1097
531
1288
1305
1726
442
528
764
1695
1308
1354
1659
315
1919
843
3275
1424
306
1577
817
803
551
1322
2550
746
962
3373
1404
384
2281
652
1740
375
1034
525
1271
1064
2124
2560
489
391
839
357
873
822
2204
1254
737
1114
2226
1119
1729
1533
2384
521
1114
435
1339
628
230
972
762
1447
1876
677
809
3063
2068
672
545
1468
1273
355
877
1248
1877
1137
324
1079
666
1615
1586
1212
1029
1259
413
4363
1335
1265
2423
1580
836
786
385
456
1518
786
2332
2188
2008
343
357
960
585
741
1360
1304
4031
427
1121
1897
991
1090
901
1272
1184
800
2180
841
482
836
1191
1955
2018
336
1605
950
1155
1839
437
1499
933
379
798
1889
1397
2283
581
1426
1164
2372
707
1240
412
4313
1494
1334
369
1849
1809
2115
1258
464
1560
1709
691
490
910
472
769
1707
485
2070
950
1400
1800
2194
1200
429
1250
2570
712
799
1705
868
1713
628
1678
1223
1492
581
1485
1169
1438
2195
1868
1136
777
547
901
1724
1764
432
1705
705
275
359
2831
823
1658
1225
2247
1292
1630
1254
572
409
1317
659
518
654
1627
1011
1498
666
2137
1723
661
1482
490
536
459
2375
554
1523
1021
1065
874
355
939
2734
974
1572
245
1089
1073
1437
1335
2599
1800
1962
980
1127
905
1192
2165
1046
1111
198
1226
1434
1280
1893
1043
486
2610
1002
700
679
897
598
2529
948
1831
997
794
901
2110
1302
1911
548
683
579
1999
1069
529
864
836
411
219
1158
3044
839
556
1026
2809
2913
1543
351
1047
1370
1048
218
398
921
2357
1296
1176
1244
2189
1255
739
1578
1157
696
1116
1337
854
1978
1541
1598
994
2183
1297
663
2277
626
1825
956
977
797
1405
1073
1006
2999
1771
1120
2162
1804
1555
2203
712
1464
1017
2112
1533
1386
1341
1733
696
1043
1921
446
533
731
627
765
1406
1809
819
962
1062
1509
2346
358
2755
1100
595
959
922
1487
1231
1606
662
1075
1331
2358
1946
537
1658
451
416
2126
1029
1657
796
1816
200
651
1087
579
1051
1566
1093
1710
815
687
259
1550
1437
1068
387
2690
1541
1479
701
766
1366
1185
1438
1167
1187
407
1006
689
2162
874
768
440
1263
1274
2594
880
952
502
1005
617
883
887
1190
546
1701
595
822
521
1176
982
703
1507
733
2666
893
1127
1210
949
1504
658
1690
1591
1073
1123
1865
3173
1089
1435
3287
543
618
950
979
1513
1460
1015
2414
3460
1980
1980
1452
1383
1387
1293
1420
943
783
2496
701
2633
646
2157
467
848
1851
795
424
741
1095
939
387
1413
1053
1289
3094
1897
961
788
244
1548
1891
518
2272
1840
2157
1684
607
509
700
885
1685
751
88
941
691
1144
1410
981
2102
1012
392
1373
448
1
1990
575
2146
1506
1860
1021
781
1354
1060
2384
831
503
1321
428
643
719
1954
1352
1139
602
929
1692
1128
2222
2041
1255
2236
415
2200
1552
1016
441
2166
1703
942
1417
958
1173
663
1241
1444
508
474
1779
1185
2006
1194
2226
1110
1283
664
2634
772
1110
768
740
873
1200
105
873
1829
672
771
1488
384
830
484
2107
1783
1024
985
720
1297
918
1857
1063
208
1559
2302
1136
2990
731
397
1889
1107
580
362
1056
925
505
1085
2307
1276
2478
2236
1630
1791
2599
1274
1502
850
1248
703
753
975
674
2589
476
1068
1114
2295
1051
1027
1359
496
1266
918
1286
1080
2594
660
937
949
270
1310
1142
1655
1498
1047
1291
551
506
1944
1575
620
2864
1473
1418
605
794
292
1448
619
1840
511
500
1253
710
383
1198
1411
1568
1575
567
1445
806
1773
661
2082
2009
781
2683
2178
2499
1552
723
1897
609
615
1076
160
666
244
1192
430
2414
1698
1642
1857
1
500
190
574
963
1883
1775
1953
627
947
839
620
870
1011
997
683
312
1285
1829
1324
1889
1938
1214
1045
1088
1221
718
1844
961
137
821
1224
1704
1130
1077
1818
2323
2693
1051
631
1057
1069
1012
1246
775
312
2038
1770
2758
1369
1558
691
2352
1651
1107
1835
1133
244
804
2630
1366
1993
1828
1299
839
1446
320
1817
1577
608
1831
439
879
1552
431
3019
1064
548
848
1253
2616
830
492
1139
219
432
2362
894
1678
374
365
1918
920
1028
589
294
167
888
939
691
997
1129
1175
476
1086
783
2146
892
997
94
535
170
2241
1953
933
953
543
599
3825
1050
738
152
932
736
1405
355
976
2454
738
650
876
603
534
1717
1486
1211
741
2004
844
1742
1218
589
943
513
1371
739
1146
667
2074
624
747
1961
194
885
292
1380
2537
1558
711
1359
936
935
1117
1019
934
582
61
367
1125
2143
730
1966
894
3272
405
1386
3011
2069
1015
1896
2881
3504
664
2268
1752
1295
1114
1262
2184
806
594
730
1856
444
1082
1549
1410
1261
825
845
376
2758
1177
424
575
1365
913
631
1108
1205
585
1013
1087
1480
1544
788
664
1043
237
2075
1053
1523
410
280
1142
872
1589
754
481
352
1392
303
1015
1614
1083
2242
2522
1509
1241
1926
463
2763
294
4276
1405
1141
323
1961
388
645
514
3254
544
1921
2119
1012
601
482
1178
684
1632
797
1650
2002
880
834
1055
1614
343
401
182
2356
590
1472
1457
1782
1327
1565
1034
1688
954
1579
956
1954
1047
1503
3486
1577
572
854
580
2290
1263
1583
691
1341
762
758
191
906
1670
790
1067
1372
274
1050
1166
1117
662
1412
1038
689
730
713
353
1054
1647
1570
1737
3035
773
921
939
1514
346
1791
1799
745
2494
1938
1617
1026
1155
1309
490
1
1228
352
1411
1666
2639
1636
760
897
770
1981
3315
813
650
594
390
2174
1627
430
2635
607
655
1557
2920
442
1057
2504
1224
1680
1761
630
627
308
1496
1696
642
1640
377
1769
534
763
1834
1645
797
888
761
898
713
754
703
1108
1849
405
1812
1868
1049
1636
2022
1361
441
1391
844
1350
2615
903
1950
1580
1832
2542
554
573
2297
1015
1124
1673
1628
2971
546
400
1390
1465
1859
1958
1263
1494
647
1113
942
1065
796
1276
619
2046
1648
585
2173
907
2301
2233
1745
1224
280
1596
704
1293
191
1252
657
845
2815
922
576
1400
1502
680
1368
1436
1207
1137
1084
817
763
1321
289
729
649
741
1569
3135
928
990
754
927
598
1497
1407
717
1297
316
713
689
2248
684
2564
1217
887
1490
883
404
616
715
612
1898
1220
1447
1422
1144
828
1544
1301
1120
1479
1087
1960
1851
854
1743
1813
2466
912
763
259
1505
1434
1328
910
641
2024
1671
2185
673
349
978
1573
688
1611
2834
593
1023
729
1505
1691
549
612
1877
1454
1598
1603
1434
272
1486
1529
1553
383
1396
2174
907
1303
1847
362
1242
2144
1989
819
1146
2160
943
625
844
2465
1823
1136
2750
480
1962
503
171
1242
596
546
425
861
594
1184
997
683
1163
1608
1006
1740
2127
752
1429
1263
2263
2157
605
2272
234
718
467
1785
2072
1776
1544
1395
798
1519
495
2665
865
2356
1176
2359
1621
729
947
1303
796
1677
896
1638
751
1683
624
3026
1571
386
2102
1760
317
1184
1177
1576
2685
303
1664
1176
412
1729
839
2119
2159
1228
2148
862
1414
1713
1461
1899
1253
1287
2056
895
2821
914
1182
1686
173
414
1013
2254
687
2582
2264
904
653
791
1247
984
313
847
2286
450
1878
1762
172
200
1535
641
2681
190
751
2233
425
695
1275
804
1789
2252
1591
427
380
1036
256
713
342
713
489
1687
1070
1170
415
636
763
1341
2239
624
764
959
1274
468
1171
463
630
313
1720
919
1549
1012
432
1417
965
2055
1320
719
2771
2452
1741
1549
2199
972
1343
829
1538
436
268
1262
2152
778
1543
1246
3066
942
1321
267
1571
1621
2235
596
799
998
2237
1080
236
1561
1739
1187
1307
545
1063
1248
818
1581
1364
2128
909
538
1738
1485
691
727
949
1211
2058
1012
323
933
1088
2180
1339
1662
1256
1337
555
1535
2584
2069
614
328
2976
1489
245
1966
772
359
1042
968
1152
817
541
1652
1850
796
713
1121
2037
1323
2644
3843
1800
2847
592
1045
1291
1431
776
852
396
1380
538
462
778
1260
1020
922
2865
2363
164
783
1208
1356
736
1097
644
533
481
3439
2136
309
856
1256
341
909
1498
2143
3050
934
1107
1191
825
2338
641
2172
1009
912
592
1601
1668
1935
2995
1345
1124
2091
870
2268
1765
796
1561
813
1848
832
398
620
369
1116
1633
2694
1818
449
141
1684
1227
171
1784
704
530
1148
1031
534
605
1446
2034
1791
390
1240
882
1676
819
745
1196
1224
357
3058
1465
1206
699
1201
149
1323
1095
880
1226
1031
1489
561
609
1671
1334
1755
150
1043
1787
1324
547
515
1792
618
612
818
1438
3243
696
552
1217
1714
2101
1936
1380
1878
2143
723
905
1864
699
878
1159
700
1408
565
983
427
1573
406
2327
1081
1444
1294
2309
1104
772
704
661
1644
1077
1708
1203
2541
1857
2162
1974
1430
1103
747
804
1930
2194
1827
1292
326
1468
754
1259
2166
653
927
888
693
1625
1917
185
579
556
858
2589
3826
746
729
400
654
661
1867
224
524
887
711
813
1387
810
570
2004
921
1289
906
363
1396
381
646
1711
694
1809
701
1614
603
2873
633
1269
3447
509
2306
489
741
885
1804
1102
1437
2616
1116
761
623
684
949
1171
1098
704
756
274
1654
1903
464
2360
1030
755
1248
800
1007
2279
1009
1248
903
579
500
925
1105
882
3582
887
1137
1290
1056
711
2502
772
2372
3144
1120
2580
1168
1423
3203
517
1822
1822
4032
2565
366
1523
1304
1076
962
698
1171
1502
606
4207
641
719
405
985
1250
2070
1057
788
1544
1059
849
2025
802
811
1609
654
1448
1310
316
1012
981
1619
3560
2225
601
1494
1130
1473
1380
1843
463
496
948
181
715
2125
1252
2253
553
2387
428
179
922
670
191
848
568
1910
652
2021
1319
925
515
328
3211
1364
2442
522
696
1558
1332
805
1415
1792
2245
774
2177
1030
1408
2440
1388
1790
2282
564
2021
1125
463
182
980
1039
1284
1994
1520
1527
737
2129
1013
2528
1044
1203
2975
958
527
2114
968
957
1682
1432
1566
1691
1331
1428
951
2200
642
1602
730
1447
449
1515
649
944
1062
501
2838
1708
3491
350
1583
1072
775
1781
625
2697
552
2000
1530
918
789
1057
720
688
1673
346
922
459
1074
1893
1400
2892
422
1680
1992
934
2051
1701
898
1939
877
911
820
2197
530
2229
1257
726
1906
1102
1609
567
893
842
734
2477
884
794
1512
828
1961
853
1167
1435
485
571
636
1162
774
3067
1347
1036
1338
801
1015
1817
804
660
1546
311
2066
1419
1698
810
1140
980
671
2610
364
573
644
670
1754
1635
1680
965
1900
868
709
1845
1036
1329
551
1873
1318
735
1263
1405
866
2097
839
723
1952
443
1903
2985
2473
1703
2068
1188
1748
671
1434
2401
875
3909
1361
1973
427
440
2807
2058
456
1029
1029
749
2279
279
1229
745
985
1726
1626
2141
1581
1145
1484
2219
757
1921
513
1119
1129
2144
1013
576
440
1026
1180
2588
2295
643
181
986
1453
704
2254
583
1294
1125
1436
1250
2225
4276
1490
1365
4356
1833
3284
820
1224
1711
1336
2132
371
946
696
2417
2567
986
740
1060
554
1607
1075
1892
2679
1307
516
509
799
148
1324
1679
1927
493
433
122
664
1598
2865
1505
1084
1417
2084
1093
709
2060
1268
1090
857
753
1691
763
1412
1277
563
414
1373
1555
934
349
1773
606
346
1696
1727
1025
549
2664
1475
451
1089
2042
1793
1584
1377
1909
1304
806
1444
795
1160
1249
1369
645
1189
731
501
1132
780
2456
1937
1501
285
2269
1171
470
1114
1516
1449
1529
2980
2500
1643
1592
966
1670
782
408
1012
788
1221
866
1273
975
831
1633
1677
616
1079
1186
1790
1262
569
769
411
506
627
709
1904
693
1972
277
388
1236
1677
2525
2215
1057
746
1905
323
3596
1074
1506
635
647
1677
2122
1876
1258
1013
1939
1241
1138
2221
1660
655
769
1702
915
804
595
1468
884
1140
1712
281
1792
1620
839
3231
2162
1081
2154
1390
948
266
1296
2742
2634
1522
928
1241
1189
881
875
2573
1798
3060
1130
1330
781
1416
868
533
1379
839
1540
842
1976
706
685
2565
2457
784
1169
382
2051
603
999
1432
1784
514
1709
425
2650
2301
1182
576
3288
834
2393
456
1468
1842
1396
1206
203
829
680
435
1553
738
582
395
1601
3441
1155
1999
1012
1303
644
1448
1173
1615
1584
1005
1090
659
1019
826
381
1739
1186
685
1918
914
1320
2191
2055
1766
1819
1105
817
469
576
401
1524
1414
236
774
407
2317
932
1070
2188
3351
2404
1276
251
2427
2379
2790
312
1407
1083
2120
1000
578
1829
2285
953
568
2267
1425
1179
590
1159
2133
536
1107
1193
1482
1322
1033
368
1809
567
996
1057
895
681
2769
608
714
1218
1117
1067
789
1067
369
797
165
284
2278
800
1278
1517
2359
1992
3091
524
789
2127
1310
1019
961
1254
806
1362
1342
2115
2795
1239
1129
1453
1398
3505
2513
2089
805
750
596
654
819
762
821
1859
1415
2175
2592
1788
1345
1270
1716
2006
1357
1290
301
2394
2285
2817
1947
771
2177
560
1481
1265
635
1683
817
1908
952
2215
732
981
822
1197
1894
560
1858
386
1048
1538
1348
1088
3007
1918
1072
1153
310
230
1076
1387
1477
3747
4899
1105
1102
1318
1518
1128
1373
1416
1997
1038
1024
2793
1334
1746
1948
1794
1132
1599
283
1559
1555
446
1039
882
1517
3055
1219
391
681
1590
597
2540
1567
488
1051
1169
483
195
2643
1543
836
1759
1191
1297
2186
1604
974
228
633
892
1603
2233
1542
1979
2785
2834
3036
