real_Parameters :  gammq 	 failrate:  25	 Fm:  1572.103	 且最后的Fart/Frt:  1.3048454900000002		   Time :  355.1146

373
342
380
426
469
243
206
315
338
819
827
507
1215
523
1436
247
1281
1128
660
1116
567
486
1140
308
2145
1433
2249
2312
448
464
745
1115
31
301
1997
2293
2737
1539
593
209
2551
3936
953
1338
3395
2295
2091
699
3526
2520
1996
5219
202
99
123
3610
948
1982
227
185
2945
457
2701
477
4
1485
3448
152
651
388
332
826
355
960
1472
715
434
1954
673
229
5174
844
883
5777
590
351
567
43
1158
475
561
815
466
483
2932
1163
1678
297
2732
1731
345
25
2889
2413
1410
1146
979
103
680
7
1473
1960
1919
711
304
2693
3398
2506
236
733
2123
2705
1530
2473
373
3190
120
1117
91
2473
389
546
1526
1115
346
4916
308
508
1219
717
1686
479
1795
2462
118
1253
415
992
1218
11
1038
1818
370
1519
559
670
855
2171
686
83
484
290
458
2730
471
3287
1243
187
2559
299
1229
1517
644
300
294
374
140
1771
2386
2130
81
4360
1705
4368
2644
225
74
1231
4642
1653
4135
413
624
394
1098
53
1022
3255
608
324
1878
764
1400
33
673
93
2250
1083
955
1044
2054
15
951
2925
153
2197
2285
837
1240
939
196
1218
106
1442
201
1010
947
2598
5620
149
2193
1205
1614
355
1557
719
57
802
3927
1469
2456
708
2385
6615
1949
217
7206
3599
3023
456
149
316
1186
2783
830
1281
2393
218
2682
3082
608
903
2398
714
1785
3302
939
210
748
182
1378
192
1235
1515
3334
4064
5276
30
118
12
796
125
449
22
4688
3576
1709
7
854
3434
2207
5683
468
1461
763
2792
2358
169
381
990
6446
90
2581
12
2272
4089
1565
2123
198
380
4016
707
55
980
3652
3149
196
456
1732
374
161
1543
3141
1099
710
1218
544
504
1088
284
2604
216
551
501
1463
618
1716
4747
158
2874
1285
2523
2703
1214
1023
3620
1297
1321
737
1443
1568
1877
460
5235
3577
2293
14
1876
2018
546
7155
2815
2085
1567
150
366
1406
2744
3371
1731
909
3678
1057
2321
27
1079
23
510
1372
60
2575
436
236
4474
85
488
898
3274
2902
845
3389
1875
3354
315
604
675
222
1663
611
58
614
1613
275
662
1000
1694
977
1313
3143
131
579
2254
74
877
3137
1571
600
712
1007
2253
865
1239
737
4036
1132
220
339
8482
819
306
250
2323
1690
523
8377
360
1094
56
1104
544
572
1499
1048
3243
324
670
623
855
2
305
1390
722
1760
1379
1611
4783
128
1269
419
2459
2919
247
3854
1586
707
1785
2680
932
30
977
5010
474
1591
1105
1975
1342
1125
225
758
2266
1281
180
617
2085
1198
567
47
456
2047
3208
1877
4581
2693
1186
1000
1355
296
527
72
36
2120
845
1308
1506
1828
1081
1325
934
18
339
4484
126
332
1435
8050
1752
704
7024
1715
722
1181
478
828
765
473
2151
2162
972
356
494
2753
1230
473
2233
269
1027
3087
1368
1848
1146
384
215
53
1918
1466
500
508
2441
804
611
1257
120
884
6781
4119
2727
2110
5448
2186
2380
912
889
1184
782
387
423
568
1104
248
623
238
5633
36
600
243
231
1614
1897
1774
2680
867
493
433
534
648
4353
785
1290
2157
897
5721
2502
188
3474
619
1875
986
1603
580
576
528
4050
2684
438
3660
339
2014
219
2501
694
369
876
1290
451
2553
393
1129
825
6275
89
2183
601
1204
182
246
3241
1356
32
47
77
695
3068
2935
768
1689
123
3700
821
3248
423
863
678
1856
145
188
323
516
3505
52
1186
700
250
629
1101
1166
26
2718
10527
420
811
255
5166
2916
2731
1301
691
4110
793
642
724
9567
40
1894
6787
580
1916
524
145
423
1652
559
700
2663
670
5000
4011
498
14
2453
207
491
2308
477
5886
2413
217
118
485
1124
710
2701
582
2887
7122
33
715
3685
4237
902
1817
1042
1685
578
3107
1615
569
437
1478
775
4110
4599
1184
763
2727
471
349
3841
2992
2761
3776
2257
769
2554
248
682
1088
2105
56
1345
185
607
2160
301
1194
955
609
379
2636
8
3524
784
13
888
602
3387
74
849
2023
159
3440
1666
6
149
1087
5424
7066
96
963
2325
2746
729
32
64
3421
1086
1926
225
1170
1430
1723
3319
2847
478
336
597
1584
5094
964
1475
485
2224
2912
2250
4487
305
234
1916
848
3213
298
742
362
834
3007
2124
464
2135
142
453
647
348
281
11163
1098
600
644
1064
227
1531
2061
125
456
2033
222
1981
2521
1809
1320
3311
580
991
2377
586
3636
136
4826
3065
1103
416
1024
2933
2166
1635
2971
1029
1338
2030
515
143
72
6563
654
1105
6453
805
358
9687
5593
4003
1884
1405
1032
1121
5613
1217
672
5728
510
3317
600
1015
3161
1716
382
1518
2687
980
1265
1555
2833
1224
1450
789
357
731
990
2026
4
1900
650
3416
533
230
544
676
498
2898
4129
243
2799
3168
136
1450
1556
333
583
174
2694
1021
2872
1395
3410
3337
1113
1277
632
499
4219
1401
2258
1033
15
2274
897
469
1685
1475
12
2432
1070
2205
1152
986
3283
4255
2207
1387
54
3066
796
1397
6178
674
690
329
869
332
264
6318
1625
713
4028
1371
325
1718
1873
1707
2051
271
600
17
609
3094
3150
2139
292
2800
586
443
1214
1341
1932
768
19
2808
2891
47
5235
689
5434
2875
3224
661
3106
3373
2936
533
205
1838
1384
131
5
795
418
1
1879
3681
1118
3588
445
1073
4705
1275
2678
227
749
104
113
2179
301
1862
2262
2394
347
213
2557
1162
1742
1527
3214
259
3681
87
55
685
1207
1906
637
432
1357
2692
483
930
4050
2306
475
225
1622
6128
647
1737
423
658
771
1195
1425
450
2149
389
250
4458
1728
1043
9492
37
1271
459
213
1154
3125
335
1694
31
965
1516
672
485
2459
3084
63
315
310
2724
591
1405
361
544
1892
1941
1152
1512
1260
518
16
3705
363
909
1265
3351
76
7296
910
1785
2362
914
1801
622
683
887
3211
131
1106
1459
222
2108
88
3610
195
696
889
2029
32
1679
1588
871
1860
311
4187
1999
2443
369
1584
3940
2303
118
2947
79
2037
824
7827
1719
2049
355
485
2022
534
369
423
696
4499
1259
1734
230
977
4504
3255
608
38
1426
3718
259
1456
1041
453
525
97
84
1596
977
6827
677
237
122
1743
93
1073
6205
4410
3357
1256
1123
993
4188
4795
3998
440
28
65
555
397
4347
832
6173
11
3375
681
1689
3822
1102
4971
177
471
1271
2629
6388
844
1315
2
1983
2762
505
3587
2288
1415
806
1901
1169
1107
2355
5637
1824
3855
1316
2185
1208
1076
2750
3185
2967
5433
328
7396
839
333
3810
504
796
1632
1535
399
829
420
19
84
2476
815
1457
252
4000
104
3430
2233
2591
841
226
1491
2885
1172
12033
755
2
6732
3581
463
698
369
1679
4421
271
2396
1586
347
664
3822
1276
1583
137
3344
22
1
214
628
3628
2316
880
10
1896
827
3914
621
639
5491
1497
152
116
68
1136
77
1944
242
4003
1250
4462
1279
1636
1430
5356
3169
1809
916
156
597
1691
88
76
525
136
101
1894
1385
325
171
539
892
63
2372
178
149
2310
499
6255
1739
5928
594
251
280
176
2564
1220
2176
1422
65
197
1671
2404
594
688
1262
3252
1798
829
225
59
1527
2131
3819
120
4801
471
1022
731
1994
1945
393
2872
1528
1277
45
438
214
490
593
566
155
1590
1115
290
71
1337
2375
1826
216
115
1026
2155
234
2607
713
4709
452
2216
289
462
4310
523
148
688
349
819
2872
1244
233
1366
1911
2347
897
930
1281
547
1732
575
4158
1406
2854
1620
1012
1270
2684
214
1668
6140
1668
112
292
1163
444
1219
720
383
1070
2621
582
4668
4690
1971
178
693
1107
2114
1902
2802
845
163
1162
280
2247
951
339
244
409
3990
122
542
4
125
97
1099
7
743
366
2538
2487
877
53
654
1064
431
1677
334
447
5505
2387
781
1291
235
1184
3267
1359
99
811
3815
42
124
2734
2254
1287
4486
1015
1097
1184
218
435
326
787
1040
537
192
2285
159
1213
1035
2464
1030
998
695
4001
1714
622
1568
447
463
1650
1277
7201
710
611
5122
1911
649
2290
670
333
1737
1704
1729
1070
544
212
3697
1996
940
3119
1958
420
375
13
107
843
413
1285
346
1188
77
149
2669
1844
1299
4598
45
751
3109
703
1868
2636
4681
152
2591
458
99
113
529
721
3604
714
2516
249
856
6
1699
4227
615
838
1839
169
1765
3509
4841
1152
740
60
211
7
672
1876
3476
2048
1357
3325
2758
503
1163
581
4109
2870
1483
222
1589
1302
2014
252
3014
867
1269
127
93
105
107
222
222
252
1750
4620
2319
1553
1878
348
4275
234
156
1677
362
2247
117
1902
637
4921
641
1133
2346
2272
3993
2165
1116
2503
780
1058
354
2207
4186
954
21
451
2250
4891
2980
342
349
2465
1635
958
930
534
631
1487
229
1838
191
2731
842
168
7005
992
594
939
1447
282
789
655
1983
3068
619
3372
168
162
51
2855
682
6041
1115
1716
1992
140
732
3874
1122
1794
3606
3479
1450
40
155
859
1312
156
2649
1731
5824
1026
683
342
3870
385
1445
39
2574
668
398
3332
2499
542
2247
490
2643
1192
1723
129
2109
1731
2947
3537
675
285
4210
447
486
2552
148
450
1957
1300
359
522
5701
874
5143
880
178
182
948
1153
527
38
1197
6005
3361
685
75
511
2766
976
2832
5955
177
399
3379
1649
3095
1083
208
3061
3851
388
3762
1365
4295
2551
1165
174
1250
1528
242
611
3466
137
1780
1712
735
1961
2759
1666
2429
112
837
211
646
568
1591
591
2042
456
969
3140
1446
446
1776
677
159
4549
5229
2089
696
1817
14
11
1463
282
795
415
537
2085
303
17
6681
1456
1033
1390
2544
532
2852
562
695
1938
214
3745
66
1881
391
147
92
472
224
127
617
44
1986
214
2177
871
2257
1556
304
251
188
396
193
1458
483
49
3437
531
2378
1303
190
2269
3805
556
1598
1320
305
571
975
1613
2719
975
166
342
1227
345
2688
3370
2000
169
2788
904
756
4129
138
1093
65
1277
1232
1131
1708
575
7
3573
748
379
4946
1413
3223
839
131
1504
1409
186
1578
2070
9
1635
498
92
425
815
4420
455
1865
122
4121
5394
1301
98
36
172
1449
1781
2751
924
3574
1210
463
3355
602
347
2304
2652
1274
1587
1023
1978
2420
198
558
581
3285
464
2147
753
30
767
1590
721
3564
2383
1402
1733
2217
2395
2455
134
10
3307
1817
3528
321
479
839
583
275
47
4664
546
225
244
1126
1521
2660
1585
1637
2748
5950
2435
385
1598
216
1929
387
1610
1091
2260
1803
278
357
583
433
2811
13
1391
1726
80
435
165
86
3125
5128
4166
1299
447
1963
467
851
967
915
310
1060
510
4068
1300
1071
2062
5844
758
1267
625
4215
2598
51
2024
65
538
76
316
1328
1993
656
498
5134
2145
116
3253
1505
1008
2658
124
1600
2746
226
194
402
1416
1900
225
18
2603
173
444
8813
46
271
435
1423
742
178
98
3868
6581
4153
1142
1119
1623
215
14
1978
3829
126
45
105
771
80
767
1623
1657
247
6304
3019
489
2210
323
733
1113
5358
3082
226
1161
207
7
462
1332
1234
1284
437
334
204
10
2292
1426
1412
127
180
359
1374
513
1206
836
919
3220
886
1038
5628
1946
1705
1497
3122
190
910
626
3903
3221
1474
130
2854
218
898
1012
1228
719
249
2860
1439
1429
102
135
3244
391
415
809
753
277
998
3392
4140
1409
838
640
153
1370
2125
808
1055
3776
160
1750
1979
947
2875
2980
1237
173
1603
3712
948
1008
573
1216
991
4409
2678
10355
528
2580
1315
601
2070
1262
1067
1884
1038
538
248
2024
2320
33
249
5255
465
837
4743
898
228
2247
5735
317
40
1448
193
496
910
420
317
247
58
1423
907
1565
507
634
658
381
2132
968
327
1839
660
3036
4080
667
3004
66
931
942
1655
3088
1122
2299
774
4715
95
2023
1332
417
78
515
1590
2246
1372
2544
269
3357
536
1704
180
1469
3129
6315
957
651
2862
2334
40
2409
3440
607
1828
992
4968
779
2360
644
1407
774
907
869
1962
2651
652
4621
1330
587
4987
316
2199
1903
1391
2618
100
866
368
36
853
726
431
41
72
357
143
608
163
189
3128
72
2679
777
1060
5283
2253
1980
1194
2485
2982
1192
954
178
3697
313
2860
155
1990
127
2223
1069
4919
268
435
2513
1292
578
3969
1131
959
152
817
1426
1733
89
3526
5468
610
3626
4338
2295
2198
1246
1838
79
3779
894
4675
243
972
319
2803
56
649
583
1090
1108
1732
4958
1840
3721
277
3031
3076
127
1120
687
178
260
621
1027
521
213
91
1691
1720
2666
2134
412
827
6182
1219
1410
690
700
1464
9
5604
922
1220
110
2149
2623
1442
1782
420
6068
1533
188
897
273
626
1791
925
427
1986
2019
162
1
6347
3097
1776
1609
2995
2092
65
1017
742
444
181
4315
2112
46
387
592
1342
217
365
19
719
2764
111
2360
1100
2893
3294
1068
704
4377
1529
29
886
69
926
526
1381
864
14
463
2037
877
4396
3524
1646
21
1891
217
656
27
1953
1107
1016
5024
837
4135
707
2325
640
1538
607
3109
2716
7
627
1846
434
9063
729
1039
2309
351
2250
86
1743
3111
603
684
589
615
4692
2063
548
10639
3360
1976
1815
2425
2359
622
663
589
3671
2242
1449
184
289
346
3503
2140
2200
2038
4663
293
3113
687
1100
608
2630
1828
4998
185
2864
367
562
2473
2119
4563
558
1815
1253
2760
1140
1821
2009
286
3742
385
204
641
213
1339
3288
770
739
3240
2300
14
295
1019
5256
320
5026
2568
2001
944
2055
5694
320
1327
282
7800
537
363
378
169
2438
1129
129
76
555
130
22
486
172
1422
1153
2223
882
332
137
642
2736
2107
4180
4
2229
3885
1690
1336
3367
3353
437
2414
1774
191
126
1253
768
914
4451
627
475
188
1721
473
5856
1623
2462
619
2043
815
3485
2120
320
1465
2721
4235
959
1959
3410
1574
533
70
3576
2706
697
1689
1694
1314
263
3847
1198
2053
3907
1140
1107
561
1893
364
1537
1439
1616
327
467
3311
3007
325
1335
724
698
3059
452
368
260
932
106
111
394
864
1037
902
85
435
359
6185
2035
79
539
228
148
264
85
3648
1573
391
986
197
1149
327
111
12
788
4005
3615
132
976
2524
9238
4132
2792
2340
317
2256
4470
1201
1793
2435
472
36
1897
808
2383
1447
150
853
1201
607
483
2415
253
1754
337
372
799
5676
932
1330
1563
536
1912
1039
397
1817
1448
2994
1448
1549
72
306
303
544
583
1454
1321
662
136
483
2505
163
2224
226
959
583
3166
78
5654
578
1958
34
594
1021
18
2837
218
1680
2296
1257
2228
869
2685
3194
1522
699
650
538
2888
1476
120
314
2433
2184
96
2085
3327
1546
927
2521
46
2137
439
1767
1830
235
3051
568
623
1779
136
4733
2
4234
286
1740
1252
890
1865
2354
10
3424
81
2008
2986
1590
2216
1743
132
812
634
127
801
58
2359
2380
1708
1213
668
1066
7120
87
2886
857
53
379
909
105
535
550
1022
695
3645
641
2127
192
2304
713
1752
2743
4
1112
1221
842
1087
142
102
2118
956
2208
3099
963
2096
979
1386
4502
3311
29
232
3256
1685
1209
2329
1678
442
788
3062
285
761
3280
176
3809
1644
3164
509
456
777
2159
1194
921
1138
196
23
716
1147
383
1709
2901
323
3727
3226
429
3984
1113
247
2198
4581
6358
1225
990
4244
1525
1983
3291
1467
642
254
1738
183
130
2751
11
1683
2694
1537
5276
2977
2430
4370
933
810
2025
933
372
1962
624
2344
2407
4300
900
1707
2343
2963
539
2069
434
797
328
7104
4751
125
1420
2254
1980
3100
298
900
5731
4
916
875
3614
1449
3946
485
1246
92
4379
4475
3769
898
340
432
889
7507
2164
1318
26
285
1736
453
6351
1145
2740
1066
168
1728
2762
1012
93
2495
3808
4810
368
1434
2917
49
780
1947
624
2548
3006
1495
1238
402
1499
6154
2001
1748
1188
794
1582
900
101
1597
1440
266
189
1249
924
524
2932
148
4061
1578
1522
1560
1984
576
4001
149
1077
651
661
1886
1068
473
4206
596
1565
1073
2278
7
4197
2564
1209
1181
1724
635
2459
1532
2004
454
2392
110
2518
761
1704
513
3478
116
936
228
39
1557
1530
353
797
3299
230
75
1159
1348
3039
1903
1645
1559
3442
385
854
3455
1261
3332
4856
2489
131
86
1918
178
1615
175
103
1721
2659
1558
1131
597
2013
781
308
606
277
168
2195
2002
435
1135
132
169
1594
2510
114
83
2933
3230
1336
2047
5120
3689
693
2482
588
3689
217
7618
1358
2449
504
859
721
1195
1324
109
4745
10
518
2255
94
585
1735
12
705
20
1655
412
3496
2809
4194
528
265
625
5915
550
4255
462
3234
37
5712
22
1040
987
1674
1459
1480
3735
3533
2026
1967
2093
2516
465
378
3825
1825
659
323
519
10938
86
744
1173
773
3727
130
875
108
380
439
1486
1297
682
5187
1505
533
2815
2533
514
944
11
799
1800
634
237
1054
961
129
394
271
7060
1416
68
2455
582
486
105
184
486
276
163
538
9
1186
149
156
401
2667
1121
5934
5254
224
172
1042
4
304
190
2787
1800
1291
780
5506
21
1914
1075
1624
412
275
1508
1203
2467
298
1378
2084
37
1017
1265
1926
615
2261
716
2627
130
2526
58
1514
1595
1793
6937
463
438
1635
61
419
1729
4294
1060
4966
2799
2319
2991
376
3936
168
191
2142
1626
448
509
817
1363
2047
827
2673
154
1252
705
1254
391
3235
1918
1219
47
1033
452
1545
6989
1
165
180
2939
3837
24
5124
1201
919
984
40
1042
291
2673
2784
111
773
695
1207
3763
1961
269
1335
88
991
1440
258
5452
2957
944
1928
444
1037
535
1553
93
2770
1838
1321
217
358
804
1566
590
3168
58
888
5104
2321
2881
2198
3369
1751
2959
2257
86
1207
2404
1577
434
1243
2099
3850
489
5545
1418
2392
1447
326
94
2859
1653
10962
2478
1147
225
2527
3989
525
1730
1004
858
761
2552
249
145
3121
725
6
778
432
536
1283
436
1848
3695
2502
60
2104
31
1173
6522
329
670
129
820
176
433
65
1116
161
1210
1436
1353
479
70
272
3000
574
6078
20
2574
102
248
2796
994
2021
4375
7230
5957
1167
3703
728
512
1633
114
1224
1408
41
4531
766
2819
2067
2165
3017
166
605
2557
6434
802
85
363
2828
3343
116
3260
1556
2575
2658
667
1348
696
2063
1279
2059
830
4079
291
245
891
681
326
1480
2376
729
1036
80
1480
63
1501
4023
586
702
71
2126
582
3872
2770
1624
6
2268
664
1929
629
186
716
21
392
5007
498
3890
235
1748
799
2775
27
975
2102
982
1042
4519
342
1086
53
542
1054
688
531
730
3084
77
1961
80
68
160
130
1537
2571
2129
1577
233
612
1311
2235
3
927
3596
5212
2095
1179
1946
348
505
4064
79
236
299
814
1136
475
2195
296
3393
518
514
1244
897
314
763
3055
1476
361
2221
7791
1690
3226
562
1458
1291
94
699
2892
1878
59
4829
688
1784
798
181
1362
3909
2126
3462
1115
805
1580
1958
993
150
973
938
2128
95
4116
428
14015
3626
2445
1391
4474
2531
1638
947
811
220
242
852
3929
360
1774
643
67
2944
1095
797
305
4321
2025
100
56
319
1335
4023
945
3819
322
1217
374
943
2055
3735
270
1050
4354
262
388
2435
231
6981
177
278
1377
429
2942
3
2733
4520
889
583
3355
1661
5861
1464
2879
367
1082
665
1097
754
665
1273
1055
2363
6677
416
693
1958
2967
1771
1243
1387
3344
372
572
1638
133
3543
185
3594
1570
1549
757
1392
548
767
2060
1125
1267
2936
1692
1150
136
1544
134
1167
584
4105
1357
813
1676
744
4973
4
12
803
366
67
1016
825
111
107
107
1854
7
241
841
898
43
612
2013
1310
1192
3534
170
8
3038
1805
171
1427
4166
1767
952
399
406
634
818
775
60
828
225
923
928
1284
1510
3
924
629
247
167
1884
3364
2730
955
5997
586
428
1577
639
1363
1433
2347
2306
1890
3240
2515
802
90
3742
461
2087
57
376
717
2099
1005
3894
1206
1030
1811
962
114
3109
780
76
1231
873
2716
8
4369
3805
3151
795
1584
173
838
1528
1186
13
1376
3141
8779
1499
1146
2509
2256
771
2483
821
2204
1514
52
2824
1925
992
27
603
3632
2598
764
490
771
241
341
1045
7593
3746
644
532
1132
2942
114
189
4427
980
1338
2215
639
4464
1956
1
1347
521
193
200
400
1988
2742
1066
1284
731
206
80
388
1640
1022
3073
1028
232
8813
6877
356
3145
551
19
3193
1362
3126
2425
1104
929
597
1331
1334
511
382
190
3238
2153
1266
1673
245
1581
414
1537
1347
1898
1664
2631
2062
1723
2467
731
5867
4584
1140
1573
92
616
96
586
1044
1300
2727
1214
2458
2307
1229
675
563
1326
327
2135
985
170
346
761
1332
42
813
531
1097
3751
1501
2384
941
6487
1243
1276
3179
1158
1127
1275
452
141
396
90
1850
526
1701
1293
577
659
558
3566
3015
651
3718
2675
2951
570
703
1707
35
821
648
6486
2129
70
257
623
65
825
110
1486
462
3475
1767
103
3641
398
1447
2088
3
898
4250
1380
1717
104
2418
632
1560
1033
1560
3671
745
962
1488
902
725
1721
1908
3217
19
842
2604
2143
1548
4
5615
210
282
1221
2807
1829
669
10
549
3507
2377
837
2339
1093
237
1088
3021
721
18
2226
3129
1570
1140
517
551
310
470
2246
3171
174
466
1210
221
468
4277
1393
2134
2707
4077
166
1932
6140
1015
663
219
5571
371
105
1252
358
3155
3357
361
1168
1285
4104
3260
622
4113
1251
3432
1447
1384
1807
1506
1300
812
2466
987
290
84
4412
600
3608
656
321
810
2109
1433
2099
1168
2478
686
16
1443
1385
543
690
3346
278
1870
5085
4902
1607
434
349
1747
3377
844
184
2476
981
179
2513
2266
2191
766
177
1293
152
769
404
101
890
2950
4009
1226
5029
68
3363
75
5297
739
848
180
3211
1319
2777
1852
1099
935
1389
134
2349
1929
1743
146
268
75
1728
1129
2448
1446
704
3579
3219
2134
2259
2376
719
2020
495
299
2826
2684
763
176
476
1313
7853
1553
494
3713
846
326
317
1240
150
486
823
966
560
294
2969
4072
3217
6283
40
3221
1455
1180
263
995
1154
2224
945
1126
1383
3633
1623
7586
1538
372
1468
418
1210
2469
443
527
47
620
2010
1816
2325
3555
5191
1077
1229
914
154
4040
1710
1522
1120
595
315
1182
4246
2424
1589
214
2675
450
1525
2701
4009
32
1221
860
126
1655
865
1834
27
619
2235
533
4113
1447
2466
3634
5143
5189
2762
129
1918
102
1355
59
184
11
185
409
486
1067
3147
3262
4796
1435
4326
4
1363
112
531
201
3157
580
3
3272
6947
2454
526
1662
1633
478
123
3396
1572
2498
3106
1422
90
75
2625
506
1620
198
2117
3005
6033
210
5255
3625
1791
576
3395
3425
1778
3228
167
779
771
409
3010
846
907
2861
930
4429
642
5881
3576
1892
2506
827
4315
1759
497
532
1617
1075
1312
72
956
4723
1774
580
80
1840
452
2383
1757
2574
384
223
1370
761
170
152
317
1182
273
1202
230
5
4771
1664
1758
4428
979
1698
1986
529
1727
2901
243
638
762
329
1032
24
1014
601
816
118
498
3043
2415
170
253
2012
3229
6036
432
712
832
1033
249
518
314
4010
943
1169
339
432
2719
770
355
54
1239
3844
3483
1703
86
1987
837
3572
2207
1322
918
1792
401
168
142
91
1045
1097
1501
3388
654
472
217
1823
1827
74
33
266
1309
439
1063
4639
444
3364
1690
1485
703
2217
5604
1805
3038
3687
2283
2342
648
2134
740
278
2267
317
922
290
4482
1652
405
1713
1934
2044
2098
692
143
1280
846
943
5974
1893
9531
792
139
128
72
196
699
923
346
5531
1938
593
2939
8
596
2500
767
3145
398
330
26
253
1668
491
2164
682
175
1890
1699
535
405
84
1515
801
5182
171
1277
261
343
3553
2348
1008
733
376
5451
867
3456
685
4728
1940
1052
1916
2345
3150
2170
3988
3229
1386
3135
2530
1900
2036
123
6
76
613
1838
1642
1081
2712
535
767
310
656
2961
3190
651
3251
971
4976
512
1676
1037
1763
533
3161
2187
2219
1587
1858
2146
3868
2725
2672
968
625
1981
1735
2579
138
3386
3092
727
2184
704
1583
71
277
690
578
1248
3844
3229
3346
1914
800
179
1759
2886
930
2060
1073
357
2565
552
1174
3577
692
535
27
460
668
2149
3267
272
822
1768
2651
2233
1980
4101
1609
78
902
2325
607
2781
1491
384
775
2433
4582
488
3846
962
2072
4003
195
1920
1057
4196
6091
1643
2253
297
1618
4162
506
281
4117
5411
477
821
911
305
696
1875
2041
1146
488
222
1217
27
908
405
128
3091
1467
1258
2145
4217
42
832
98
8123
2287
259
1043
1409
500
3863
696
752
4064
2337
412
1545
980
198
305
5529
827
1250
1815
6307
1326
1410
5716
833
929
697
6444
1810
1098
276
116
20
2174
3272
19
1193
98
1156
2729
699
1262
2702
963
1580
1516
254
988
1512
2484
3980
281
4537
2642
736
956
1198
713
396
180
2226
1539
5857
425
4613
282
1724
238
2115
258
3329
2490
2586
1071
1045
2968
975
703
1994
122
241
3741
3768
91
2647
392
3230
2562
116
4690
831
1663
3541
29
4122
2145
6849
99
418
2564
6875
34
4473
1323
1368
306
1074
2078
705
126
705
5189
1320
4630
142
762
324
758
3073
2881
1291
175
12920
4840
468
4494
761
218
399
4149
2916
932
2720
386
488
1398
1952
2208
407
1260
2924
2706
690
4367
3487
410
2679
4428
1920
592
1579
3019
2315
76
2170
665
2030
2325
952
1431
147
1644
5945
5411
4446
318
3169
1517
928
511
6503
2888
794
3389
1639
3331
89
708
85
4453
2239
2464
1888
5166
227
334
451
1698
99
4344
324
575
339
450
3567
291
691
2811
1873
74
61
169
115
1667
2468
2078
733
3593
1188
603
3524
1610
983
1951
143
734
738
2675
20
805
375
1982
456
2115
701
270
319
154
3771
2481
325
104
659
222
3724
203
916
67
811
1355
1416
4112
533
70
695
255
3554
2648
1656
861
4531
10722
1894
3158
2747
456
467
44
2002
546
159
702
812
20
1009
205
279
973
4402
861
814
3383
395
3877
508
1415
2282
3071
347
335
3213
425
602
1444
1662
1493
6113
3725
301
717
7942
444
2172
4835
3245
625
1540
109
865
2079
523
903
766
920
1920
4574
2684
372
241
2134
446
1152
124
3364
1055
1557
285
786
841
2577
1892
1696
2155
8971
939
581
551
490
2204
1422
719
2054
25
3688
155
1673
459
371
614
410
639
1128
1687
516
2013
237
1845
166
2603
1103
1768
1996
511
1014
3847
2377
19
2121
2225
253
127
294
1340
943
1177
766
1680
3755
75
253
1261
416
3475
754
782
2601
3043
1411
2878
3887
6607
9683
