real_Parameters :  probks 	 failrate:  25	 Fm:  1156.251	 且最后的Fart/Frt:  0.44746913699999996		   Time :  136.5602

151
363
609
652
936
1049
1058
900
277
1254
280
1037
834
991
1777
1305
2188
860
778
384
2524
1712
2713
2250
1031
174
113
322
89
2592
970
1254
1159
1220
849
525
2039
1521
1681
2377
226
1662
3554
929
1352
1584
1725
308
389
1933
2092
80
1511
49
453
917
3203
2236
1465
629
8
207
217
1312
2545
1102
1669
1226
1380
3630
1654
838
1961
208
1463
1078
1424
1270
881
979
1558
1063
2803
1175
548
1118
1767
1239
270
1334
720
676
19
1019
1200
871
1293
689
1172
68
1407
560
1058
1284
620
922
2976
2244
259
2180
561
191
1657
1494
1340
573
3449
383
2108
6
847
424
957
3
1268
2530
1397
162
1243
2414
1941
2189
842
1031
205
2322
25
1194
851
1738
205
429
178
1363
259
810
868
1698
1929
101
2397
831
2479
1065
2140
1235
1121
312
1764
162
2969
259
323
708
189
2462
2075
2245
1077
501
1418
2420
1683
1142
242
28
2274
443
710
3184
1054
2515
1593
57
1518
1459
1434
223
3789
1312
1098
1621
2506
9
1975
2681
448
1232
229
132
1012
2476
197
2407
199
569
953
1820
843
841
780
623
3373
732
2006
2521
1884
310
758
2111
1450
229
1103
1524
1477
1115
661
463
1316
1796
350
2039
831
461
2016
638
1441
594
1900
670
2233
540
541
541
742
1802
809
1691
688
1194
305
3029
973
1597
2163
20
380
715
1218
162
1457
1259
767
824
167
1311
696
841
1434
598
320
1500
197
1170
704
251
546
1879
2803
673
541
894
1286
132
2361
733
2067
920
343
2904
216
1210
389
2324
907
926
1612
151
1908
741
951
1094
1796
1698
124
2232
1215
1963
411
339
1429
180
562
1633
801
2511
1839
337
669
1549
2013
21
452
474
921
919
1312
946
2731
930
1957
2070
825
1459
1953
2384
850
744
1450
1281
1341
1425
3961
314
313
1322
2009
2015
1348
897
131
3167
358
2481
88
28
1088
1354
448
657
1769
1787
133
2849
812
2251
2657
4028
1065
1000
1931
1806
1466
1679
832
303
540
480
3796
349
635
443
744
691
202
1507
1943
1411
2078
659
1029
2026
133
3039
919
754
1376
3313
1926
1621
329
1818
117
711
811
400
244
1236
1908
2116
2246
917
1143
992
231
1421
112
1742
441
403
1230
1967
302
816
1394
516
263
980
243
745
3099
928
84
1106
1818
865
1296
663
1310
526
244
2282
235
915
517
2245
144
1672
1250
707
1454
2708
776
2012
1292
850
715
1352
942
2618
2269
979
1081
44
1383
847
4167
859
1128
773
1808
553
149
35
1680
17
958
1452
109
998
1033
1658
1029
110
1156
594
2323
962
1502
386
166
1058
992
1522
579
591
328
858
1843
750
246
1070
1043
2795
46
135
1387
1489
166
1431
838
2313
113
1013
2248
104
439
617
3201
2098
290
643
1611
2203
244
1582
319
2342
1590
2343
672
358
166
985
1417
475
2050
1569
449
118
1087
1571
1169
648
2615
2741
77
564
765
1538
126
559
2424
360
1498
1053
146
492
361
139
12
748
1885
1433
1374
1436
1854
3473
163
2408
1722
679
1694
2059
637
1258
341
301
503
517
75
1239
688
575
792
188
955
521
2091
2580
983
733
623
1082
1078
318
432
1855
32
3217
1946
1660
1667
2489
1836
154
1135
429
1029
1770
2604
2394
56
1616
1340
339
773
75
1099
137
894
700
366
133
2588
1059
2962
1253
1168
574
249
139
25
107
687
121
1234
1657
1207
2010
1793
781
1285
2269
1920
2207
1710
243
1166
10
35
2558
144
1469
595
2284
1673
2385
2161
313
464
3151
1695
1227
2787
1233
604
2057
359
702
784
1901
946
1205
1803
971
220
1546
914
1559
1023
1227
2779
1120
648
741
310
402
369
2383
1149
453
103
1685
323
1355
1384
924
970
579
192
2770
902
1958
1193
1418
140
186
2188
1212
2706
919
2108
251
1885
1403
449
1081
462
145
2054
2381
687
1287
1081
2390
1904
1536
278
199
61
2605
1079
2377
1147
837
1433
350
3220
82
1013
1741
1304
472
2064
1152
2868
131
1304
809
1275
1091
1304
2140
1942
2780
1630
620
1704
1081
81
1895
708
1785
1050
306
152
2102
2207
258
457
1680
418
362
2638
2558
1523
2804
606
352
417
676
513
122
1492
79
304
1401
240
1470
1576
1573
2297
16
1661
282
966
797
1883
917
470
944
572
690
304
1272
251
1375
1990
1439
248
1363
436
4671
1309
3337
3594
1687
2270
1319
1769
941
316
71
1842
386
857
2307
374
1562
913
864
929
687
1216
905
228
1633
1953
802
1255
892
952
645
1421
1788
3836
720
714
1745
1652
2014
1289
1996
868
1159
1077
2093
863
1830
433
1006
1534
1282
477
1540
857
207
163
1866
657
381
1830
1275
1784
461
1437
570
2247
130
382
149
1449
40
1076
404
2091
1136
416
310
1231
940
3086
2272
435
532
1220
934
822
375
219
1078
170
1260
138
972
333
1258
1570
1469
1265
859
1548
658
3443
1388
1120
516
1956
1182
1210
1159
934
1272
786
1466
702
732
970
1935
1036
1542
32
554
1717
2050
2806
205
2385
1282
1497
1083
717
493
548
670
52
1813
1037
102
353
1073
112
790
2354
490
763
778
620
1367
1141
2614
1296
614
309
3309
1836
566
919
1481
816
1917
76
440
592
1377
320
1308
2156
1072
764
2313
106
374
1069
112
666
1200
103
1074
1788
6
905
1266
269
17
1280
3
1113
1231
762
1949
66
1629
248
1237
1844
1909
2019
317
1053
1611
589
1704
204
1708
2650
14
1872
51
864
2862
1314
1814
1037
257
1668
1543
1180
2320
207
58
3747
2567
2513
880
1330
1478
425
1776
1864
2163
1666
1392
975
2030
613
1271
1276
408
695
165
656
956
124
105
591
1898
499
2616
1195
2426
172
1268
1742
1776
933
945
2129
1014
2736
1637
860
23
225
2525
344
1113
857
494
1980
515
1537
2277
1283
381
863
616
102
337
2796
1692
1892
1299
177
240
2509
1519
1145
2595
2009
2417
213
563
589
594
380
39
975
633
973
1885
1149
764
1873
1381
1271
1106
2260
1007
594
69
1378
3153
112
572
1565
10
1978
11
745
1739
395
1509
2349
25
2571
243
2180
2845
200
992
1183
306
1932
90
55
1120
1945
1215
901
787
223
378
623
577
1608
2248
160
1178
555
1846
827
1621
191
376
438
966
129
1042
1050
841
597
1531
693
1211
74
1299
492
2302
34
1491
799
204
1339
639
2129
1372
898
916
2184
686
2170
1101
38
434
2533
31
274
1920
920
1754
1570
355
2172
444
2275
1316
1048
1539
1582
288
2029
1125
999
251
2621
1542
175
54
2139
155
569
1054
1329
1052
759
716
1430
1660
1564
657
1704
368
1004
1292
343
121
740
358
420
1384
1155
3201
438
2018
1226
1175
1357
2486
1100
166
1452
274
2080
1208
967
38
833
198
184
113
777
281
715
2187
61
3002
1591
2102
682
39
93
405
2835
496
448
1022
67
3192
575
1049
1059
2139
650
16
2239
1026
4365
704
2114
2312
1258
3462
580
886
1070
988
217
1020
1587
510
552
1354
78
302
382
1356
1031
450
3206
763
1300
2441
1035
2409
555
536
3428
1165
257
2090
664
976
2017
1879
1255
209
126
1487
1548
344
1180
1543
454
1778
1809
222
1531
1933
187
2178
1053
1374
1346
715
1664
1751
108
392
1556
3128
699
1490
323
1767
478
1977
1200
1374
1826
1681
1129
1002
1890
783
227
2591
2022
1655
2232
169
2010
1301
1078
1191
143
2050
1886
1223
3019
690
1986
1290
1014
401
878
515
2749
1419
1145
1350
1968
1624
1011
1669
2178
1764
1236
1773
2314
926
1437
701
1243
2334
1634
895
711
1050
1845
1567
430
978
2451
411
162
1269
1182
1324
1529
908
1809
1684
595
312
1314
2382
122
1529
2288
457
197
1504
45
287
1445
309
2121
137
1456
2106
1586
876
1826
1116
587
252
435
240
2482
136
1029
385
441
400
2705
621
218
686
2102
435
1635
521
1098
1363
62
666
469
217
2049
1501
1470
345
1375
1105
1239
1860
637
915
1237
1118
959
1241
608
1750
1560
1360
2369
1188
1935
1305
2349
652
1886
1438
1228
1161
1387
72
1641
1719
1195
709
405
431
1841
893
2942
1330
137
1543
878
184
596
1193
1557
343
288
2070
791
380
550
1768
96
2426
1773
1271
1505
1607
1776
4
551
782
1063
2481
206
1457
564
2412
1320
508
2233
2529
1160
943
3659
2721
1241
927
646
618
720
789
996
1350
1460
1928
1694
263
942
397
330
1217
1603
647
130
2697
33
876
895
727
628
1186
664
1992
1140
412
2632
537
103
1485
1771
1445
666
302
1986
1483
1301
2423
273
289
671
723
1986
358
771
806
2138
1251
1164
2467
758
2370
1451
744
1552
21
495
3340
445
1786
1709
681
270
639
266
707
164
198
939
2890
1244
2538
4550
463
1061
582
2173
344
513
808
404
713
2862
160
1580
626
705
361
590
1228
339
1439
3383
1084
420
1824
998
2420
2040
1601
1241
651
1188
261
400
1126
677
103
3451
2027
1179
1153
215
509
1004
1003
1032
2467
2488
222
1116
2110
778
983
2413
1796
1843
848
257
260
1986
2648
886
303
1511
1261
1360
604
915
120
2428
354
2667
1477
1285
152
3307
800
1578
1528
291
898
1629
3066
561
428
1313
267
1841
1676
116
283
1046
1346
384
281
1057
1585
3255
996
511
1099
1149
49
446
2986
2567
456
1959
3241
386
1759
1147
755
216
712
529
1786
660
1436
2999
1390
586
1495
634
1172
706
1064
1311
15
999
456
1303
1273
205
1428
297
1256
1494
1587
2685
1775
1185
324
2875
933
832
2245
242
1133
1067
1563
851
1333
806
334
607
1606
1459
950
711
582
2536
2804
2515
553
847
1262
373
1947
786
832
745
334
683
81
2426
1258
874
3055
1275
2179
1621
442
693
92
397
361
1769
1315
2159
1582
2329
1584
773
1152
12
1052
426
1028
1739
1647
267
1315
307
1015
309
452
565
335
501
216
303
1017
1751
558
373
849
2832
404
2582
1508
179
1135
933
3281
139
1587
6
599
1231
1181
528
1323
566
292
1603
133
1374
2974
120
3263
1371
2293
1700
2137
1078
213
1702
1274
4248
1091
471
1615
1620
733
582
2479
631
580
229
1014
2271
860
564
850
1135
18
2472
943
173
2968
1020
290
1721
889
447
1640
865
1261
695
1190
1187
1797
153
1692
41
802
68
745
42
12
1227
1113
834
2093
932
15
1116
975
3708
319
559
901
85
780
801
756
231
2469
723
524
669
34
700
862
597
125
801
21
34
2379
850
224
1117
1372
1638
2195
2845
1033
2822
800
151
1644
1507
534
805
1459
561
1105
1883
1508
8
528
1357
2496
1731
2532
2303
301
1038
2232
910
2211
2267
1081
2157
1730
3220
1432
542
2148
637
994
138
1010
1104
1641
185
809
569
797
437
1737
721
518
1368
730
506
700
1214
429
764
1425
912
490
880
1141
452
256
835
1234
3734
550
2649
859
849
1545
893
1756
1727
22
336
2041
952
2556
14
2133
1308
283
18
1874
1563
2719
714
673
2599
1902
1102
1691
1154
1322
342
503
1338
1667
2042
1077
1642
422
1053
1273
320
899
505
2845
1550
487
1320
1584
995
3409
439
1402
51
488
16
16
130
1361
1358
358
572
1064
1664
1657
1216
2514
1153
441
1623
377
291
581
559
640
215
1443
549
2208
296
686
1319
873
359
992
2180
1668
3307
1313
207
1481
2422
805
2055
983
1472
894
1493
2661
803
1736
1433
2555
1049
423
1116
619
1433
683
638
808
2161
1079
1345
2072
52
1223
682
1067
870
277
408
919
245
1348
2896
832
1595
447
1835
465
2342
2526
1244
348
217
38
1370
734
1303
195
2070
450
520
731
2526
449
2303
1689
309
2067
898
2588
471
1106
2738
231
407
1506
855
1421
1422
302
287
545
2092
2115
1311
2884
1010
1687
454
640
90
1231
1499
1329
1835
1126
735
1246
1956
1949
2759
157
827
164
1094
1477
1389
391
192
1262
748
1624
923
1011
1164
1039
993
175
1330
561
4
478
674
783
1320
1352
265
987
1271
340
113
347
852
1822
1002
652
2213
1792
1685
1922
1516
1250
1174
654
1130
594
681
1861
1438
2099
3088
1174
54
1341
767
222
764
2207
222
414
1832
2300
1083
637
1145
1123
427
265
969
313
1641
262
1418
1978
816
506
1243
97
3342
1673
478
3733
124
422
1051
716
1829
844
1613
2578
758
1600
761
252
102
202
1016
527
1468
1818
386
1492
822
1243
292
1255
517
2489
84
912
966
105
1215
1975
454
3823
1271
1371
694
397
1194
1124
1140
862
882
1047
1344
2265
2167
2524
462
2618
2330
1000
1470
1108
1889
1049
69
444
882
1207
2302
1428
1389
3390
400
186
847
1051
1338
1330
424
1518
25
1644
1065
1274
1474
1902
222
2737
1514
898
1641
2025
1025
295
268
1963
552
384
1647
2306
595
866
40
337
1619
1061
1116
1614
134
571
674
1169
1048
860
79
1048
1391
1858
477
936
1774
407
919
806
432
1841
479
507
589
807
3298
2980
239
1369
672
2539
1421
239
2817
320
53
1460
1069
2014
27
1166
1223
2074
397
83
1654
2716
1875
611
1397
937
1314
439
420
3570
743
284
1261
471
1273
975
110
325
2682
1544
2534
1147
1336
59
1297
1847
500
1492
1742
37
1820
1609
1854
2360
245
1454
603
1748
455
804
577
1420
3422
29
2052
1434
1888
1395
137
843
2096
1453
1503
1177
803
2024
1269
953
443
985
197
59
2443
749
947
1161
990
1439
1539
402
21
1636
60
1249
389
410
1609
2989
333
1890
1119
745
484
384
1088
683
2229
768
1512
805
782
1082
579
496
862
1234
677
25
1576
148
1221
181
1596
267
447
2612
247
1512
1139
2200
202
628
2727
1328
11
472
1051
197
690
1220
1971
1349
951
871
1294
1291
751
842
556
2152
968
205
1385
34
952
85
190
3237
1084
909
2002
1601
785
1132
2311
1076
195
657
560
840
1350
3542
337
1175
2813
2755
600
1460
2094
188
273
1844
768
2174
428
190
780
722
460
297
1475
774
2282
1620
455
1308
870
474
1413
2669
1239
473
5
1027
2070
1972
2814
1634
2561
973
415
2254
794
548
96
304
1574
765
1699
196
534
2898
54
1580
175
1585
363
193
3115
42
1866
1268
1084
1039
1533
2801
610
1044
771
1568
364
1631
1750
1729
841
2271
1439
814
125
2547
1030
2662
1600
100
1026
333
713
330
803
606
1368
1012
1424
104
579
458
908
971
713
622
1245
342
625
1994
1239
2258
1700
887
430
231
1628
1374
640
558
2377
338
1548
106
1475
3243
923
2309
363
1238
910
856
1477
142
1028
2325
486
1483
1391
1134
1234
325
2156
2353
1224
985
86
491
341
2340
1479
301
1123
1724
1183
780
425
1770
2651
1197
440
2494
137
1194
1365
318
1398
1964
1559
273
1952
431
291
1349
445
988
59
1465
706
2013
2331
341
1256
1403
1278
3942
1530
1429
640
1575
1203
2088
1198
588
737
137
839
993
1761
3016
2786
988
1451
1263
549
1195
2824
478
1795
823
1499
2266
1813
443
2216
816
348
58
966
1741
316
436
1831
2859
1432
1696
1782
376
1681
565
1215
2601
492
168
1314
1702
1522
1046
124
2115
1187
48
688
1141
1523
733
1360
2853
2558
2005
2167
1003
1351
608
892
447
2413
2199
1748
115
60
1089
1861
81
902
2798
1089
1301
1325
1035
962
999
2003
221
2660
1350
1552
2661
11
434
106
1415
1239
2122
1350
373
1089
317
66
740
1050
2962
278
463
511
1426
1523
2281
1894
1332
300
3137
73
343
605
3821
1005
707
324
2191
303
442
741
1047
560
911
253
1063
894
220
425
1348
646
733
617
1824
1843
1324
2049
1527
1504
228
754
347
1611
1485
1637
1236
889
1368
814
688
3
907
1455
122
1254
967
292
560
151
1740
3127
652
807
1459
1932
1007
62
1940
1577
1002
1798
843
331
1085
1555
1206
1908
1087
347
14
78
2798
813
2794
524
3
798
1615
883
832
323
125
1559
610
1454
648
1014
1218
1805
327
1861
1172
271
754
124
1331
1086
1519
1792
962
771
1294
129
311
1826
906
3578
2740
523
608
2065
68
626
1160
29
346
34
590
65
3283
2909
793
676
98
828
1752
1434
283
1806
595
2155
822
652
3366
601
1847
2822
1356
1087
1470
822
428
1395
2103
1521
210
1869
1097
783
1093
2344
1949
503
12
1131
2310
2331
252
172
879
208
2168
2674
2328
640
228
2946
1924
796
443
1524
1137
137
749
1115
1332
470
703
365
1509
1052
1552
1379
359
5
1784
944
484
248
1673
709
2016
691
1734
404
749
1622
1183
1637
1524
793
3023
447
2092
1912
595
636
1460
1136
1282
1390
747
1281
1423
848
1353
1881
1418
1810
1843
870
1440
471
393
1351
707
963
2301
255
1094
1105
1731
2764
1957
1529
153
28
191
1364
289
335
1953
234
1358
2198
102
1937
2171
2051
5
1140
1205
860
1188
144
229
612
324
1101
1905
452
1219
992
270
466
217
1592
2408
3562
434
75
1474
49
1829
1213
847
434
2044
2241
800
504
635
2299
266
1801
877
866
607
1120
2284
267
1573
822
985
821
2116
1653
523
471
777
3784
1212
954
2842
1672
585
162
1686
31
2802
386
1704
1030
8
1596
199
822
753
65
1351
354
866
394
841
1510
500
2144
328
2872
313
246
2056
1862
866
537
321
3525
2235
961
511
2210
1176
1107
2573
1738
253
3488
1340
1241
107
1292
494
715
2551
1872
2660
727
2322
2290
1291
1950
231
2318
860
1221
2332
264
785
965
1507
1658
946
1133
1700
1386
2591
629
763
824
147
177
837
574
273
1479
224
1546
890
2159
199
269
1262
617
663
2570
970
1012
1024
1615
658
363
1890
900
1259
1585
1512
3
2410
1175
1252
100
1384
1437
1002
1724
1734
1859
46
2716
101
1935
3211
2639
310
422
2386
2414
2502
952
1914
617
4232
268
299
1913
1224
1878
446
771
1913
407
1498
747
1272
1489
1655
1747
2007
1198
1164
1585
820
1048
593
2538
615
1297
165
490
840
1458
1126
74
410
158
76
1029
662
826
2396
637
2779
802
637
1837
1019
1351
923
880
2619
2826
1678
995
48
353
38
814
1363
1503
150
1012
1479
1158
1595
1349
232
1634
282
871
324
1610
1168
1015
264
290
489
399
678
386
901
1351
963
690
670
1186
4325
1722
573
446
457
392
2068
897
564
966
112
1032
566
1861
175
1603
1643
592
101
521
911
2114
2304
143
1021
1232
1064
1596
523
1848
1107
3264
3183
194
635
1216
1313
1356
1307
527
418
835
293
9
1348
58
1817
1400
497
588
1792
253
1748
1336
1344
358
393
1176
99
189
1239
1052
1837
1499
420
2493
600
607
1400
534
1362
153
1254
138
2020
512
647
638
1854
808
640
696
1081
941
3111
1777
1623
626
247
1894
119
911
1447
1598
463
26
111
373
1006
1878
1098
1360
2087
757
223
828
2225
313
1648
319
378
1286
1512
213
153
326
1138
353
666
2160
468
893
344
28
959
970
900
1209
1075
573
244
2635
61
1465
929
240
961
663
1317
691
1129
1874
1660
1322
162
1649
997
948
42
74
511
108
2234
1658
575
891
1533
2334
449
784
576
770
1605
184
440
1704
1118
601
335
832
1858
2921
394
964
1031
207
723
1110
813
1189
1768
780
1899
857
86
1718
163
941
193
587
1118
656
875
509
957
1929
3047
1317
489
1295
1396
663
1277
1029
370
827
553
1676
1251
684
53
1456
2218
227
3402
1305
1362
3344
2674
2047
2139
438
1279
854
16
1882
1388
183
22
2695
446
760
281
143
668
2358
889
487
590
1045
6
524
2225
2203
879
3651
971
628
2236
500
1499
1460
3070
2421
218
1158
756
1250
20
3771
2726
1305
1882
1059
1948
69
1802
593
1239
524
1394
1197
1753
1603
1303
268
1474
1506
1196
1087
924
2029
1696
455
2316
3304
492
1502
1921
1335
2317
2229
1003
1661
919
303
373
2688
22
1659
1930
619
2292
1618
2982
1102
1423
1686
731
193
1296
815
720
1527
1389
325
2007
136
293
485
1201
1109
915
1517
1809
804
2206
823
683
1518
521
3146
1114
1091
525
367
2174
250
479
1114
311
2171
784
232
1154
1016
1346
236
827
1538
105
2868
2169
84
1030
1273
824
37
1089
1065
2150
750
939
345
1170
1481
23
108
1161
1281
860
1053
1860
2933
760
192
926
2808
1556
2104
1011
1946
405
338
1585
138
2477
868
302
1283
1441
2465
246
953
19
1914
87
592
1371
4
368
1342
1881
1659
62
1031
537
2882
1413
1845
2308
949
117
555
549
233
1861
632
1986
1026
2792
3583
517
1797
332
1081
389
2952
699
1088
604
2276
1760
1496
212
547
1218
1148
1238
1995
2189
1866
1482
906
7
2161
566
398
1789
36
1719
1960
2242
2227
335
327
138
1647
405
829
106
731
163
607
174
580
2935
396
919
15
2112
1081
2507
1597
1108
933
1007
1030
2034
1765
1426
146
453
1275
1360
3566
586
564
1302
317
1845
934
2018
1395
33
1418
1189
2041
1560
2138
2516
885
1159
1297
173
417
594
326
2244
1403
1630
140
719
1368
904
1644
172
744
71
1269
920
167
1463
1839
1522
333
477
2048
1206
862
584
277
2576
701
42
1207
1581
464
2059
1498
612
1043
967
819
1469
481
773
982
409
486
1638
1984
1339
1083
367
84
954
1939
1240
1479
1547
3007
17
110
2407
1139
1991
482
639
938
342
143
125
479
2086
1651
220
260
721
279
634
242
471
665
999
372
1772
983
1210
792
294
364
1053
1879
92
295
719
69
882
2523
2546
1308
1703
1565
353
565
13
2879
3
482
930
96
219
981
512
871
414
210
528
1805
1527
3752
482
202
164
1924
2257
1641
2931
1889
2537
144
89
103
163
38
1072
842
1047
1121
838
2293
89
1647
881
726
586
1513
1252
786
94
3423
1392
1262
2159
136
799
1501
1868
2250
190
151
466
1180
1126
1038
653
1425
1462
1030
584
1675
819
784
311
744
216
1557
785
1438
1816
122
1205
1120
34
815
581
2994
834
345
499
1449
470
1070
2893
1178
49
222
124
1826
1782
420
35
185
1845
812
1538
2233
2595
237
2561
395
1004
3431
125
890
1337
1794
1068
675
1415
906
357
1016
1184
734
877
429
954
332
325
1078
2520
768
2264
1823
440
57
1074
1882
1469
2351
1161
1990
702
138
143
1802
2532
1699
1344
1434
1181
1539
2695
1401
1690
2525
1289
1997
1464
1882
2003
1746
1456
1809
1826
305
68
344
1029
1075
587
1601
1256
860
2026
1303
455
1026
810
65
1496
696
2079
1178
1279
479
281
331
529
1316
190
1034
2036
1812
2205
2212
141
1120
292
110
2210
204
2466
1613
1107
640
464
359
963
194
1770
1066
495
240
530
1973
569
773
1895
831
375
1909
1124
2398
1881
1356
2654
980
1004
1933
481
1514
300
555
2577
530
1537
1819
1690
451
377
504
328
1754
2053
1815
822
500
799
2220
2019
3151
1135
1240
3266
409
930
1833
400
1803
912
322
1159
62
741
1733
1764
1011
1534
272
1797
93
339
861
414
243
2754
795
2437
251
861
2196
2764
828
1735
576
976
587
976
1760
2337
2072
739
39
1470
1042
460
1249
1663
337
581
3249
493
681
924
396
2548
2262
2378
1649
185
379
1318
666
1175
8
1039
1474
1381
2010
592
2242
2241
1180
1025
1823
729
1404
1313
1448
2325
1190
142
115
416
2323
2118
1225
1897
2852
784
1686
655
972
1191
189
2211
826
1466
1872
662
1449
2320
1704
1189
845
797
667
1629
689
1957
25
115
2496
1383
1361
530
79
1506
646
1985
1491
1016
2370
1219
623
963
2036
1656
420
882
665
165
1112
1972
1333
2212
2045
1455
923
489
2044
394
305
840
2370
556
1319
987
1238
322
2136
1149
801
1449
845
765
2858
1797
84
1922
180
905
3521
1198
3759
2516
967
1446
863
1744
207
1049
751
1022
121
2739
1936
1092
1705
134
63
779
563
856
16
995
666
1078
1472
5317
776
1725
937
1489
1967
1035
1390
2116
1718
619
1155
866
296
217
2456
3122
802
1523
1438
2506
172
1906
1477
196
403
2239
997
450
2039
2501
446
1981
808
76
2139
8
61
482
332
11
3058
1
49
211
1715
750
376
1940
1922
639
1778
492
1315
3030
611
1396
2704
2235
1695
59
1582
935
114
2392
1765
788
1894
963
2291
2355
476
3176
27
2576
827
577
216
802
515
944
2032
207
243
65
825
1207
20
984
833
840
974
1129
852
1344
809
2137
379
1425
630
590
2021
4085
1236
896
98
325
726
1113
215
861
1520
1309
595
1445
101
2459
1909
1077
664
2306
2043
479
614
1287
138
1178
436
3480
575
3226
540
2499
1229
1745
1611
2889
1815
2076
1075
965
1212
1154
1893
2639
739
911
827
283
919
1865
479
105
609
2607
790
1219
826
758
1453
2114
1763
1538
170
2238
464
128
132
221
466
1401
824
1959
1644
1580
878
632
2747
776
2123
430
240
1272
205
2777
1003
1239
1136
564
147
304
862
350
2741
76
1061
2960
936
1548
1425
1064
2115
1927
921
2005
1362
2087
1390
398
516
634
2381
387
1832
25
993
1245
809
1585
1021
587
1312
2429
944
1149
58
783
893
3216
1437
1748
1261
384
2121
1120
1835
1278
2126
783
526
809
674
395
3877
1832
1266
179
1063
1738
1549
895
2389
2070
2353
1866
7
76
268
1354
866
214
375
186
2096
1899
238
888
1586
881
680
884
426
1365
562
1551
598
858
1112
553
834
72
333
2655
2115
2250
1229
1492
2469
343
642
362
220
1789
2477
676
2090
1902
133
1195
611
2378
585
278
678
1230
617
435
1346
280
365
1499
383
500
1819
165
415
1574
1034
1488
815
2749
1022
803
1068
412
833
749
1337
1047
2844
268
1095
737
811
1658
611
2598
784
2496
655
156
427
453
1372
347
703
1149
987
478
2087
1046
1640
707
1644
599
159
248
760
1313
220
1307
1329
951
46
110
1357
2080
2379
934
705
250
1339
1512
3598
2207
2581
1649
533
1057
1571
132
1472
147
1664
260
1135
1318
2785
1600
1387
2699
469
1429
1514
1194
268
239
275
1281
58
323
52
1225
391
2400
1199
1542
251
2933
2543
1938
3456
991
1178
449
445
2108
852
170
1516
1124
409
1881
1574
968
3738
538
618
747
1853
1953
1433
504
2558
180
56
287
459
2156
1880
1273
733
1392
1072
2130
1893
1453
476
1249
867
1848
1312
612
67
445
1614
1127
404
1705
1114
1356
422
1592
597
422
227
15
589
336
102
137
566
2412
238
3282
1346
1553
1025
1819
373
1818
2075
1711
1063
622
453
27
1745
483
805
791
2302
1128
747
532
99
452
317
1117
895
501
1052
1196
389
1127
222
45
3043
1284
1376
2341
1783
85
1873
444
1545
963
1671
2016
1512
2995
2240
1539
441
1877
2079
3019
507
487
1588
900
1809
126
32
737
1573
251
1175
993
2401
2429
347
623
288
967
1732
840
1725
1430
1617
1952
230
319
353
1762
1634
201
1805
879
1210
240
2874
1798
290
1505
2546
2479
2601
1754
478
1599
2098
1893
2851
2820
3480
2954
