real_Parameters :  tanh 	 failrate:  25	 Fm:  248.9402	 且最后的Fart/Frt:  0.4523243434		   Time :  6.6796

43
21
165
210
205
241
11
45
259
116
298
328
19
188
434
391
366
195
1
146
176
97
358
294
37
193
172
125
103
31
126
64
582
249
96
466
71
55
48
262
281
395
335
377
17
527
382
299
482
193
81
307
623
463
297
52
602
73
18
260
589
239
198
151
125
262
511
78
28
54
16
74
88
363
134
64
232
108
203
169
209
571
279
242
158
461
176
102
185
269
409
390
271
184
43
458
131
53
369
424
29
395
366
309
180
162
201
40
164
88
130
44
107
396
484
3
187
461
237
506
599
547
57
190
108
691
568
390
7
105
273
63
72
287
130
163
88
427
441
56
143
169
498
110
119
19
541
230
649
498
179
137
59
381
140
212
302
8
128
209
74
242
50
170
80
337
466
122
128
464
270
547
91
552
77
466
258
460
125
402
509
166
389
693
282
390
382
22
515
508
93
422
151
390
293
138
218
399
22
185
440
148
73
275
242
53
91
375
592
24
95
482
520
237
64
125
482
199
205
294
84
384
82
371
336
309
94
313
360
76
5
531
135
91
318
306
249
647
162
146
247
205
601
455
286
619
187
231
427
48
444
322
232
251
435
386
199
327
182
95
199
225
401
367
77
62
667
44
603
264
271
273
3
107
89
126
176
410
76
104
471
44
585
180
85
477
463
379
97
269
164
845
20
421
245
590
43
307
41
165
169
283
34
746
330
202
178
212
269
79
185
140
66
23
96
240
7
298
278
175
72
56
327
171
180
190
102
382
126
257
527
122
142
296
349
71
259
17
508
25
147
165
40
449
512
255
221
444
389
85
281
294
29
521
43
489
41
290
247
28
233
363
299
423
819
239
160
97
511
3
712
212
160
117
56
508
71
118
251
442
411
389
87
266
69
253
754
8
91
70
165
85
5
500
219
49
57
145
314
130
14
122
119
220
567
178
386
13
621
255
280
153
192
75
449
708
149
119
281
96
88
490
125
185
156
104
678
274
158
275
135
354
504
234
500
655
85
352
278
73
117
513
358
153
168
261
641
98
607
131
533
258
227
148
236
323
235
687
563
178
447
290
249
244
69
382
507
32
96
82
144
226
273
713
182
397
97
214
84
256
332
239
170
122
208
493
423
264
101
49
302
182
188
23
245
406
32
656
323
453
214
523
340
388
78
418
66
319
97
624
296
400
71
55
199
212
83
177
221
317
108
162
49
706
76
70
584
424
174
250
60
284
519
197
255
87
482
685
186
379
420
323
21
584
159
39
55
239
403
136
58
389
168
343
24
427
197
4
208
128
329
17
280
189
281
279
809
170
103
179
310
187
124
201
41
184
181
259
138
241
155
179
46
96
245
612
22
78
36
564
338
882
17
21
129
131
364
555
232
5
570
92
377
98
340
123
157
16
89
34
7
37
339
132
147
120
303
129
311
262
590
417
142
77
169
145
87
422
290
236
360
30
150
337
100
274
262
284
125
303
482
737
532
229
144
256
248
417
27
488
211
128
101
71
139
264
355
182
14
77
180
303
73
252
285
286
126
296
3
543
58
158
100
70
387
35
320
158
109
28
344
485
56
115
305
48
211
264
305
459
286
224
145
64
353
291
220
195
546
146
408
104
438
219
15
169
187
3
405
36
264
271
357
58
282
205
286
342
339
332
51
537
292
778
213
272
498
286
217
393
238
449
42
125
81
85
143
156
249
252
359
184
59
240
313
113
25
298
301
126
512
226
414
420
267
120
181
69
54
126
372
170
282
77
87
68
64
69
317
153
539
227
636
14
111
413
174
685
461
474
16
325
375
52
232
508
248
648
125
39
124
189
255
474
128
74
328
143
45
147
138
351
253
291
113
160
155
242
109
517
266
265
28
135
8
225
447
102
190
312
381
87
408
613
149
109
159
603
146
379
350
333
203
473
76
214
45
49
214
505
91
473
170
43
196
418
95
390
144
56
233
619
526
87
202
190
47
317
52
16
138
117
53
80
151
80
99
95
36
262
173
330
420
100
122
256
166
26
114
12
497
7
163
508
92
52
193
225
359
295
217
527
34
259
193
414
238
485
88
187
261
394
412
247
298
27
538
427
74
140
267
379
98
159
96
408
24
61
113
63
328
142
248
327
131
173
706
193
147
129
88
96
171
325
477
319
59
312
332
158
216
14
424
491
438
250
542
110
220
295
22
419
487
94
300
293
251
54
312
361
237
15
415
51
443
538
13
335
424
290
145
144
543
219
464
295
247
372
179
386
139
139
119
138
133
341
159
12
120
676
462
86
321
53
276
297
128
270
285
247
146
188
412
30
208
239
84
10
144
119
190
193
81
114
261
242
207
146
493
392
118
49
333
168
123
536
182
147
682
124
753
162
316
220
361
44
195
299
221
192
74
182
420
18
322
17
440
164
406
97
50
512
889
410
407
201
72
246
288
647
45
347
493
333
66
20
390
453
127
142
184
195
389
387
565
310
106
21
391
155
266
238
394
172
191
97
51
561
500
232
540
189
431
87
217
634
288
82
287
530
110
499
131
90
283
268
196
60
162
38
104
288
385
493
36
201
284
318
225
440
464
285
310
77
69
191
228
186
218
387
359
64
179
135
232
71
304
457
591
150
323
109
321
324
175
381
219
81
438
123
450
425
179
618
346
414
235
226
153
9
361
413
200
103
132
244
139
263
41
90
470
197
299
19
190
352
268
173
99
100
518
14
156
274
353
110
70
26
487
99
35
66
173
148
91
93
351
10
663
567
448
6
711
215
156
171
44
94
458
490
279
220
44
338
198
104
177
280
36
444
40
295
328
30
9
317
405
123
270
540
290
543
67
290
349
560
114
343
302
57
224
284
583
70
107
141
103
127
111
113
417
96
271
263
63
796
3
231
100
196
109
339
23
625
721
365
15
86
427
283
161
118
327
223
257
230
400
451
489
254
138
71
408
194
113
22
472
235
1
49
107
531
133
64
252
84
463
369
473
139
127
441
373
618
120
200
272
154
122
269
135
313
264
177
207
75
168
170
206
7
284
217
611
172
670
273
452
282
131
149
783
152
284
42
251
12
143
295
62
605
16
477
410
372
246
335
289
151
50
188
170
37
357
97
584
654
183
277
133
337
87
363
273
63
235
255
9
225
474
388
148
85
504
300
196
288
706
134
276
29
403
343
388
73
629
16
131
26
35
185
237
167
417
192
159
275
270
199
56
180
41
288
294
311
48
34
123
434
74
265
140
279
177
195
387
164
139
151
447
270
10
345
165
173
55
347
36
409
393
343
413
307
105
71
228
114
70
29
112
94
155
24
248
460
402
21
112
196
106
462
366
254
382
215
380
56
70
20
331
229
263
37
246
114
354
182
393
393
257
165
381
149
228
254
450
78
174
308
116
231
59
37
130
58
154
107
395
73
295
436
273
454
270
101
217
380
115
8
140
100
377
20
263
15
447
14
177
230
336
418
711
209
417
115
310
139
211
104
220
147
332
112
301
154
180
185
265
132
188
115
178
405
278
253
482
245
109
128
223
97
337
222
398
56
44
488
301
75
331
45
278
190
33
19
104
165
139
244
89
14
148
285
457
5
527
251
21
133
154
153
127
7
443
27
391
250
121
172
285
81
260
286
448
132
421
196
237
477
203
261
346
236
25
589
54
6
307
525
113
159
33
3
445
208
396
114
261
343
314
301
51
249
209
684
20
522
311
344
248
245
412
90
20
164
195
111
86
500
613
101
115
327
167
44
15
225
237
487
411
319
269
100
428
7
399
15
333
280
47
36
237
15
70
317
382
42
23
41
392
227
310
393
314
514
259
355
302
3
429
16
380
449
640
286
140
105
512
270
954
586
96
291
225
21
397
415
18
225
70
122
343
14
400
215
486
105
76
11
151
480
253
415
133
241
267
468
492
245
73
87
74
230
168
131
170
452
230
3
53
72
292
277
213
118
60
495
270
228
198
116
500
255
243
265
214
280
68
83
177
484
180
328
366
294
10
82
21
595
368
127
351
339
419
385
11
553
8
327
39
191
264
178
174
294
520
47
97
11
370
166
92
121
560
423
93
105
519
364
191
368
32
342
177
722
149
600
33
559
669
8
396
53
1
234
196
19
476
311
119
140
313
306
69
234
53
477
619
88
481
185
171
489
468
221
403
368
117
334
233
109
235
19
72
142
247
452
38
587
250
149
607
374
67
220
97
331
424
260
695
164
177
168
289
611
347
68
134
142
32
356
482
136
418
664
163
204
266
65
241
122
356
18
43
192
254
754
582
736
255
339
451
231
372
54
361
99
553
69
228
155
147
38
508
514
316
438
283
22
109
707
237
28
182
211
121
450
5
9
222
227
118
209
50
1
350
3
460
709
393
104
616
22
268
390
677
259
234
70
306
193
11
326
118
41
120
22
183
70
88
211
371
243
163
174
58
343
197
72
405
52
76
249
170
731
369
342
89
170
344
148
444
532
81
280
394
506
313
299
404
35
64
339
497
21
334
306
639
282
209
106
135
396
295
293
217
297
428
171
362
97
387
354
72
267
156
270
206
359
212
516
265
111
212
152
5
94
39
1115
43
225
246
72
301
249
451
159
283
57
373
233
350
153
195
48
581
338
117
50
188
181
170
375
211
348
241
69
118
294
325
130
186
432
29
354
218
44
48
374
225
41
367
190
151
405
427
389
59
290
133
16
124
94
252
350
301
55
585
99
305
51
377
388
91
243
77
484
63
262
105
48
31
268
175
275
232
276
164
176
58
375
443
191
157
338
231
386
19
126
146
158
240
377
317
273
611
460
352
372
391
154
209
452
120
77
186
274
498
281
363
261
310
749
29
210
397
358
604
30
147
816
50
219
175
28
168
456
361
230
393
125
362
370
63
114
205
426
139
127
117
193
491
574
269
562
554
297
159
282
121
475
670
579
534
404
225
485
173
225
465
275
315
215
621
105
79
446
499
226
112
240
216
262
92
207
567
469
147
197
236
639
663
417
221
233
77
377
91
505
431
7
396
297
318
302
153
199
284
197
261
143
221
13
138
275
22
43
228
205
569
206
44
745
122
117
488
504
425
649
733
315
351
609
68
446
541
158
251
128
559
137
503
115
466
59
244
270
180
220
719
360
374
92
296
270
191
498
198
704
81
233
381
376
132
289
422
150
56
156
614
344
179
301
732
323
79
182
570
325
231
34
188
482
146
118
51
403
29
14
149
392
261
374
3
510
16
580
518
629
236
133
472
468
29
133
489
3
793
8
378
374
555
461
209
285
143
359
37
391
168
118
98
42
337
557
660
145
318
105
257
246
358
134
117
288
43
340
34
125
363
150
160
425
332
548
181
293
242
83
78
312
204
410
96
641
536
216
252
53
122
310
477
9
349
128
246
319
531
317
291
341
475
706
168
168
140
111
289
301
380
609
162
393
170
509
98
502
5
90
16
102
652
132
415
189
206
90
28
43
94
260
550
148
149
216
385
554
301
176
209
212
543
242
74
234
766
61
128
193
79
82
287
205
364
356
114
408
302
511
123
34
35
3
66
356
227
94
135
30
127
240
122
461
8
299
31
347
535
502
3
155
192
409
144
342
226
27
66
77
164
387
207
586
242
594
14
389
191
160
61
130
618
352
165
290
50
50
390
164
386
195
361
147
194
441
245
122
42
343
269
556
37
199
66
47
93
194
329
572
225
260
319
212
14
7
66
299
160
65
189
231
185
394
630
382
144
5
399
84
513
44
337
72
1
219
393
363
237
340
115
228
227
379
382
85
203
298
451
267
630
33
175
11
513
93
346
298
157
434
372
106
379
323
327
202
166
93
65
3
207
31
361
118
495
4
368
436
551
445
8
478
327
346
215
15
319
270
145
109
174
419
330
224
346
209
103
226
122
231
107
438
373
193
162
334
551
216
208
478
99
270
232
520
278
84
251
124
650
344
181
519
217
271
428
164
121
548
347
27
310
266
535
520
388
390
550
461
74
35
34
626
141
436
132
354
489
140
147
148
85
161
92
162
105
126
153
321
100
16
45
505
171
14
172
259
366
109
182
388
153
144
484
333
77
193
162
164
174
383
111
349
436
219
252
152
264
624
403
124
123
295
510
339
775
605
105
476
417
461
156
343
292
236
434
3
291
537
524
163
243
660
357
553
12
74
389
67
217
363
96
626
20
444
66
492
195
313
174
121
211
152
361
543
82
204
315
127
475
463
407
284
202
255
495
166
102
110
54
7
285
278
76
265
392
49
291
448
187
271
86
613
86
238
323
113
353
52
93
19
339
16
67
301
278
281
248
552
295
350
267
133
289
183
374
53
279
336
100
219
502
97
22
245
451
322
164
318
35
378
318
157
393
84
283
321
479
250
75
283
197
273
225
240
103
3
300
254
353
80
301
206
104
439
126
72
280
400
279
555
283
696
73
71
335
53
206
6
19
182
268
129
76
560
344
607
171
15
433
49
131
367
108
42
336
478
414
70
78
56
286
274
328
597
163
487
343
299
251
119
361
292
395
474
232
84
316
38
544
242
358
316
313
585
343
106
51
16
15
8
155
296
115
320
246
242
278
472
135
205
235
164
21
158
319
519
223
529
357
213
414
117
575
306
21
459
479
526
178
16
241
157
209
601
105
351
378
154
166
496
261
270
240
295
239
194
60
343
213
637
168
42
444
690
161
260
239
459
192
254
169
76
367
220
82
424
309
314
300
133
48
22
290
213
682
9
303
305
147
212
168
326
34
264
345
184
581
57
122
154
153
338
279
267
394
43
252
139
264
278
163
234
152
181
53
96
172
3
348
428
474
35
273
398
90
58
386
390
47
79
42
103
264
71
471
354
277
151
115
76
375
457
177
232
252
75
244
235
554
362
91
118
179
319
200
200
339
309
238
120
554
27
462
19
313
48
203
131
461
47
79
41
96
518
172
101
185
585
233
208
71
337
492
417
500
161
157
289
263
138
83
325
518
230
176
171
321
236
407
224
164
211
466
402
63
55
182
300
118
374
100
359
66
109
588
515
165
160
341
398
927
301
414
198
288
290
98
151
138
89
126
81
490
319
17
267
90
236
77
159
94
70
290
131
95
126
482
86
340
483
3
280
87
104
596
320
430
275
231
300
387
115
361
180
233
118
175
167
142
74
47
136
405
224
52
226
553
142
497
159
350
240
170
423
147
549
202
121
331
348
182
61
215
534
223
341
216
100
222
222
576
379
11
328
750
286
290
42
130
329
120
36
9
59
53
151
110
432
500
237
526
214
145
84
41
301
537
320
156
294
19
331
38
298
196
374
548
585
403
36
94
248
302
281
184
32
349
130
201
287
287
58
100
58
119
225
95
106
235
252
127
508
378
716
527
125
201
106
296
72
326
108
251
55
244
164
24
434
181
45
120
72
68
159
49
164
365
103
250
164
711
406
133
442
335
97
327
33
702
370
243
373
313
260
167
143
319
99
53
16
3
265
15
56
294
9
21
569
107
119
95
3
169
293
17
361
120
28
492
379
616
131
213
51
183
225
292
190
552
15
259
91
397
333
242
580
398
406
583
440
255
360
169
447
130
325
331
369
381
538
426
224
249
107
74
514
318
356
89
13
276
187
155
57
217
278
152
78
52
117
652
267
202
429
294
508
356
251
411
12
16
74
156
619
23
204
356
12
406
60
302
428
290
217
61
339
644
856
351
165
311
137
180
166
754
476
347
11
214
161
490
233
56
277
51
229
342
470
275
47
60
292
213
115
217
88
747
358
623
9
247
393
17
458
188
488
647
387
547
608
189
8
41
429
272
320
18
458
72
701
383
7
139
342
61
353
836
76
217
362
316
68
60
86
223
354
224
210
359
296
275
302
108
215
18
126
91
634
290
435
293
135
205
256
498
208
55
270
474
102
179
166
292
432
161
499
120
48
545
187
131
11
377
176
367
524
459
64
531
79
367
397
519
101
413
352
325
379
63
297
691
497
462
96
203
212
70
317
159
361
514
380
204
182
331
134
132
272
206
498
30
59
193
243
181
574
23
78
247
599
114
352
107
352
69
172
404
483
203
80
179
673
458
302
126
332
7
454
140
110
28
171
183
347
327
78
291
211
228
57
188
648
144
251
38
360
270
217
87
228
365
190
34
59
194
123
60
52
93
501
520
63
3
96
113
302
303
326
448
543
405
116
237
72
165
321
907
406
183
209
133
235
132
229
332
315
214
38
366
192
329
342
25
670
43
143
553
433
353
148
56
80
178
592
29
177
76
267
257
303
26
229
142
38
169
164
122
203
54
52
301
150
159
192
145
85
125
117
403
185
22
175
115
364
477
23
410
6
188
202
286
147
211
145
416
107
74
434
362
442
139
175
25
81
428
167
63
8
29
46
252
690
244
159
287
291
168
416
167
111
102
269
164
215
363
182
166
243
461
169
100
521
674
60
273
245
190
369
250
516
63
144
364
242
469
306
290
257
58
168
431
275
147
19
45
71
272
245
212
575
278
66
131
125
69
590
350
132
205
20
482
524
444
237
185
392
235
69
214
36
148
6
67
269
246
394
112
253
293
171
483
172
452
107
83
386
469
201
42
91
264
79
592
614
297
130
56
276
113
108
170
791
371
361
316
23
123
212
348
130
407
393
200
103
438
414
363
112
223
151
176
711
164
52
27
26
325
515
45
140
293
311
5
434
319
267
7
326
405
31
179
168
67
253
175
382
77
50
442
350
412
275
146
290
229
438
419
122
18
316
530
322
425
309
258
526
136
21
349
245
452
8
126
429
189
332
459
309
606
788
75
457
587
395
365
110
361
272
885
642
104
263
411
198
94
62
39
170
241
578
308
40
200
472
302
403
257
299
198
22
3
48
3
797
295
95
133
505
282
38
153
174
260
303
46
345
492
139
3
150
250
332
420
267
23
224
764
97
18
757
495
448
216
208
55
172
31
414
193
135
382
52
101
716
290
444
47
565
266
182
311
295
91
110
220
56
295
240
172
84
489
60
244
381
583
57
58
405
180
398
16
87
51
533
177
431
226
322
252
302
182
479
225
255
215
117
461
216
438
209
506
205
368
67
56
579
628
403
461
119
79
179
155
319
107
167
267
15
453
131
37
498
301
15
299
141
413
22
22
294
150
321
218
207
134
362
337
394
225
105
303
3
72
326
4
146
96
286
26
235
19
111
498
236
316
641
19
345
98
56
16
117
128
693
173
181
224
339
507
26
183
358
187
504
227
898
229
317
552
175
85
260
183
14
199
289
62
173
246
490
73
313
495
446
235
340
352
211
486
152
295
46
307
196
112
226
382
408
320
622
36
360
228
281
303
300
661
139
26
228
124
19
552
325
277
274
388
157
316
438
295
24
50
22
649
92
599
41
544
283
218
30
167
202
49
64
374
8
97
73
329
309
678
301
316
128
366
8
147
369
130
220
456
458
217
129
189
106
133
268
631
14
204
102
265
70
19
487
123
356
282
30
298
74
283
104
152
393
270
127
134
417
317
148
352
55
425
14
39
61
373
290
56
237
338
112
506
19
491
484
497
252
204
240
24
3
112
584
271
646
329
575
7
442
231
307
29
209
104
52
26
50
206
6
118
97
132
100
258
80
353
164
74
3
126
35
310
182
246
224
698
134
82
371
504
360
373
332
410
513
288
98
19
58
100
543
287
318
177
82
406
386
360
355
251
44
403
247
334
333
687
79
270
42
28
48
417
100
52
84
60
320
634
68
539
47
142
116
477
166
444
101
219
118
242
105
377
52
662
486
313
369
234
131
292
137
113
21
51
368
113
190
412
221
34
209
96
1052
636
15
559
313
128
44
88
343
128
294
351
110
259
110
31
544
489
459
411
258
266
554
225
69
589
217
295
247
318
185
237
392
503
196
764
214
291
29
571
298
346
334
347
212
250
211
325
244
655
23
34
175
267
273
167
229
322
314
200
163
193
335
166
300
11
137
28
452
309
307
11
142
645
205
326
191
340
477
557
233
396
163
170
90
1
129
402
216
163
185
66
57
847
95
295
3
177
283
40
5
384
13
402
91
51
316
58
258
255
137
535
219
373
154
134
186
457
306
237
560
337
260
301
373
485
149
373
535
229
159
348
137
4
47
67
46
461
87
331
296
275
294
153
56
65
233
391
184
307
147
76
232
77
127
323
451
185
283
79
320
351
155
316
93
204
17
11
347
386
162
3
382
360
131
92
193
218
111
187
25
294
92
145
438
216
387
516
22
370
115
455
226
163
199
352
654
474
390
272
261
18
258
471
213
185
410
297
288
10
174
14
35
198
18
23
240
189
186
463
119
137
118
275
81
327
112
47
415
117
9
220
181
126
506
183
124
139
406
583
71
254
166
75
232
499
217
146
21
159
200
489
89
282
288
12
228
87
257
293
402
1031
74
137
50
187
250
290
383
48
191
697
634
187
510
340
113
181
70
433
261
758
700
83
89
111
52
170
58
91
28
115
249
51
176
307
363
79
383
271
132
90
307
134
433
504
275
63
231
1
377
391
438
399
119
55
109
421
202
32
162
7
146
226
90
106
206
195
327
580
646
180
484
181
77
114
177
38
525
189
337
232
258
480
521
67
359
387
146
432
121
12
105
43
204
31
70
29
126
296
726
385
301
410
168
386
12
415
65
74
174
223
19
42
366
374
277
546
313
423
42
209
9
203
313
105
124
112
197
103
277
309
102
111
175
374
320
154
381
159
62
35
26
351
142
281
125
134
11
338
58
406
348
278
335
361
148
13
382
245
351
138
24
158
187
405
90
629
105
227
268
120
623
211
96
22
592
465
152
459
59
162
92
52
278
494
248
280
152
43
107
321
501
287
270
224
271
139
316
151
542
142
163
297
25
537
235
409
307
88
814
362
484
35
123
509
111
334
281
193
471
158
359
56
147
258
445
232
176
122
189
174
195
197
427
143
373
382
339
40
443
163
445
44
163
443
83
624
65
106
81
231
442
421
3
267
35
375
257
534
69
206
271
524
145
244
217
82
29
9
46
345
249
272
201
114
198
159
386
93
222
117
213
339
280
47
357
233
415
116
299
63
3
680
17
271
488
690
335
107
322
194
705
353
433
399
3
164
79
153
106
281
571
331
35
158
664
199
459
132
242
407
405
332
282
637
84
96
316
162
325
211
68
220
326
423
45
123
361
210
401
10
133
256
409
430
303
25
483
180
55
24
33
196
145
280
201
606
220
54
173
479
237
243
326
35
295
131
309
306
482
463
88
54
913
161
760
79
126
242
229
147
89
429
110
171
508
274
147
69
176
296
335
419
4
466
228
425
85
285
204
25
452
207
202
190
52
231
210
270
143
324
811
191
195
374
76
431
308
417
395
403
509
53
213
98
339
230
8
395
219
92
302
388
328
144
337
70
302
266
442
307
416
532
954
