real_Parameters :  airy 	 failrate:  25	 Fm:  642.0868	 且最后的Fart/Frt:  0.4597341488		   Time :  38.1826

236
349
366
392
485
648
624
265
405
244
840
768
793
23
68
323
1057
1065
661
748
1299
414
49
794
532
1038
630
1006
1725
178
614
418
464
366
1505
220
9
1604
239
866
1881
321
369
320
7
382
92
321
518
129
122
1217
1309
624
54
1522
1088
285
1134
775
161
444
236
10
297
1886
845
742
50
714
160
1032
506
574
1457
480
966
1119
493
855
148
560
139
1081
606
1087
176
220
263
1436
530
234
320
591
183
1076
425
1220
291
189
167
140
915
571
849
351
1287
1377
521
512
368
608
1537
681
235
1692
1333
1423
909
30
933
509
292
1188
1041
274
277
870
347
1352
805
679
1030
464
91
740
429
757
811
939
54
1036
1016
406
1146
1420
715
1610
68
165
98
714
427
1167
849
597
1014
563
837
715
987
290
143
1386
508
1451
497
498
1876
143
323
1026
396
470
751
916
483
1755
1244
17
613
553
28
26
1359
1159
1154
858
579
376
184
284
436
132
1559
892
578
184
116
605
994
234
263
352
244
22
596
678
99
232
572
1196
821
568
91
909
804
191
491
585
683
498
1030
1152
618
251
24
170
199
263
1112
1422
896
774
1448
443
906
369
693
878
1150
648
555
302
22
652
746
1070
1037
298
841
658
601
598
739
754
988
205
1379
1336
121
1335
126
734
1397
52
358
313
1269
224
1869
103
1087
772
295
127
993
760
1535
627
78
225
292
1210
534
507
534
11
121
267
599
361
692
1264
1041
902
590
1006
1727
470
195
385
725
847
102
283
2018
1034
294
5
431
1193
902
1246
2118
198
649
538
139
647
1073
16
673
199
156
182
439
1007
1484
461
1320
1352
1391
635
433
30
558
215
378
91
1209
873
1076
207
460
338
134
309
643
949
35
1597
567
1234
473
308
1324
312
1143
170
1191
1168
874
224
1667
1243
625
39
130
402
490
587
53
1341
1083
2610
644
205
1353
253
421
1104
57
520
301
441
720
669
1750
1266
1147
449
195
900
370
397
302
349
26
79
298
506
89
498
1366
50
612
528
619
261
933
282
996
567
152
633
727
713
396
22
1362
982
1198
299
1230
524
932
699
1245
28
588
632
676
510
457
1038
3
71
59
64
189
1453
551
776
270
327
672
1153
800
1148
11
1072
628
1792
532
1226
418
511
1270
815
267
644
2273
75
202
20
709
188
477
78
158
168
187
843
181
1172
667
871
9
665
919
572
1691
842
452
628
460
615
1072
24
547
1012
2124
449
544
1342
253
577
388
756
728
518
169
691
976
114
951
111
555
296
1010
92
139
540
389
258
1014
472
1216
1159
382
607
424
701
240
640
243
894
351
487
407
427
40
321
864
781
131
926
220
774
879
20
881
1029
906
348
331
910
776
503
604
1039
859
116
868
715
674
578
884
585
1620
305
486
181
1128
435
639
448
259
402
822
988
421
81
503
1093
23
274
948
361
1178
569
693
366
242
1046
4
1089
1669
208
419
273
364
1616
437
233
153
375
50
1660
653
591
258
1856
591
1164
1331
3
683
269
185
1179
889
894
857
1106
1059
348
730
119
1979
655
1868
345
610
318
1145
938
990
137
481
1028
206
1090
362
1591
1086
1129
430
226
123
1460
1086
47
280
1135
647
419
285
836
260
361
1522
302
74
1173
286
858
152
665
18
416
957
211
1340
1031
257
472
1424
531
1150
1695
184
92
694
901
1071
849
796
416
794
628
1079
942
569
197
901
516
455
1724
5
562
841
1552
945
917
409
1050
929
747
428
378
1186
184
1172
444
452
1066
30
155
185
641
568
287
778
693
597
934
1479
440
528
604
105
732
230
1280
1134
1215
166
918
883
1424
623
2330
975
985
247
1061
86
1686
1265
384
79
272
502
127
947
47
1016
221
518
442
1408
1007
1005
346
982
184
177
722
447
1202
1319
759
729
588
427
763
98
33
560
520
274
380
269
609
1114
1865
712
185
1861
15
272
866
322
527
782
172
228
1017
746
326
958
376
948
1113
257
285
215
1127
1089
982
1392
1009
55
1746
390
456
1109
1052
314
1325
468
637
553
173
68
328
31
17
330
81
638
580
457
796
293
1081
717
987
464
238
1572
229
224
200
1007
240
1288
876
1264
678
1005
456
775
387
1579
874
68
1454
1275
756
836
441
1188
1282
343
750
419
1863
1286
558
309
992
764
128
1166
1601
970
639
183
1369
144
30
96
608
468
255
533
1040
811
511
1096
679
330
312
234
662
287
1427
267
439
267
750
283
18
400
236
671
117
496
825
194
371
1174
441
263
573
232
27
602
609
387
231
672
739
952
260
398
1014
571
1369
776
1119
249
1045
617
367
119
61
884
409
1582
353
522
214
1666
22
353
1096
240
975
1052
229
1191
204
1354
1392
660
333
274
352
247
998
1574
856
420
112
1605
728
768
688
796
168
135
756
740
744
390
561
896
338
1122
805
876
1613
1607
2504
1307
437
22
10
929
117
1054
1462
240
859
26
969
1418
607
162
158
968
1240
125
347
638
845
904
235
844
253
216
872
788
569
425
563
630
1193
941
491
187
497
8
615
494
827
526
516
71
310
149
141
909
432
664
275
583
604
1161
594
1064
102
27
374
393
445
464
911
464
92
213
780
691
1341
1402
987
705
158
1866
962
743
402
547
574
229
410
175
758
1175
325
699
153
600
463
687
355
675
137
329
395
363
160
1522
106
1051
270
1055
1114
665
553
743
707
30
381
1563
1574
9
27
150
1811
754
161
1126
325
569
770
399
63
36
542
175
432
1186
1158
676
1032
1127
557
428
110
274
68
819
33
903
1202
117
329
87
798
549
245
174
604
609
562
296
531
570
153
215
1900
160
127
1339
668
1042
755
654
1463
215
500
866
1155
16
136
371
121
555
415
442
1088
1009
380
121
518
578
415
344
994
300
1129
319
1495
527
1057
1656
453
877
938
922
535
624
97
470
154
672
10
514
1040
775
161
118
156
276
709
677
164
9
359
980
662
1200
334
923
1385
917
144
357
227
656
884
694
3
242
247
570
602
651
566
1474
582
501
307
463
1520
342
1077
862
284
760
351
637
202
803
76
51
1040
490
834
784
244
487
910
432
557
776
1103
965
1060
1058
1370
937
569
1210
537
690
65
294
480
509
130
643
1307
984
571
54
310
315
961
618
169
8
1360
67
898
1194
193
346
679
389
155
1245
334
1335
1360
1018
364
248
835
1194
233
1478
908
615
718
166
23
168
552
556
994
41
757
4
1088
1292
809
427
332
10
270
782
1121
218
10
1037
2122
1137
759
761
189
1280
1032
477
1305
200
428
768
402
22
532
408
84
477
509
1386
832
704
827
493
50
1067
1051
917
62
388
525
310
164
204
766
433
952
1649
1163
328
424
1283
369
172
382
121
879
882
349
100
817
254
585
345
936
499
1038
1233
1173
143
47
568
1221
17
1076
380
568
374
892
926
450
1147
893
419
966
1271
594
866
786
451
1993
1612
1411
1397
989
808
821
1079
571
570
290
807
247
1325
859
1706
882
181
1725
751
311
1820
382
370
235
189
1016
838
898
1955
514
216
773
59
699
871
1591
298
599
535
944
1003
150
555
955
648
502
206
563
573
1559
19
581
168
942
697
836
1035
878
1429
14
397
161
615
664
369
622
144
222
832
463
433
95
558
383
696
281
434
1361
907
365
974
926
764
365
254
540
660
847
1034
991
712
706
289
8
38
684
1156
1101
739
148
533
531
496
257
520
401
180
312
41
539
522
1347
70
1311
930
433
5
1007
505
61
50
711
232
254
354
40
571
365
250
656
134
112
1072
444
391
262
253
414
625
1387
921
403
660
524
700
700
911
515
90
569
404
10
1328
1804
683
592
342
1042
928
57
69
411
827
159
724
1184
549
245
1323
215
1283
394
524
167
1635
712
465
74
417
412
1143
1641
1420
990
1057
688
208
322
312
1167
67
1625
19
849
144
477
404
265
1426
1678
741
1708
747
705
231
351
725
383
111
202
937
648
442
248
1513
386
511
1413
592
209
323
541
1153
224
77
90
2579
1481
385
153
1015
318
773
389
189
818
279
885
165
203
738
420
528
45
368
97
1589
393
33
1038
1727
1450
546
202
804
775
387
239
833
282
573
458
701
1144
1642
286
775
891
504
99
1114
1626
762
575
1007
526
229
1168
175
267
499
824
951
394
354
1018
412
821
47
201
629
402
483
1453
631
691
1436
210
555
875
189
688
1024
171
698
1648
797
728
1196
219
1373
1352
166
538
397
179
678
923
1016
378
1172
263
234
1099
779
1187
66
914
733
305
615
325
39
1131
14
14
190
146
671
390
642
567
383
695
499
255
689
225
232
267
686
237
468
815
659
990
444
875
247
134
653
246
281
959
755
820
919
1241
917
841
314
493
712
2167
970
889
429
78
814
401
1272
212
1230
87
20
1785
456
1445
436
857
1071
478
69
589
874
622
450
686
1326
209
109
883
40
421
488
56
1673
239
554
276
525
970
372
60
1311
1414
429
110
629
498
177
291
1093
551
1700
864
505
1104
206
1700
66
424
461
570
997
1662
179
1507
500
601
872
586
1120
118
937
197
39
51
100
1003
387
66
82
663
1883
461
444
90
982
1185
221
1049
352
490
359
945
162
495
752
1507
104
167
735
714
557
713
565
814
625
601
343
601
631
514
792
479
615
475
1943
479
503
131
302
102
541
386
588
8
787
89
148
1385
498
1501
1020
269
535
552
210
140
498
235
776
228
578
696
396
1440
673
838
326
1214
532
979
398
241
360
593
88
1173
290
1957
115
1751
744
209
147
605
179
281
254
290
419
634
553
1441
37
814
698
1205
2557
332
1440
184
808
147
920
1921
508
116
881
277
42
947
2435
577
1092
969
433
769
941
464
782
304
725
104
667
249
3
318
562
639
392
174
308
812
1192
304
168
1077
483
282
277
425
471
1438
42
154
432
737
1653
242
363
1076
616
1114
1965
885
187
288
1004
262
730
1321
796
487
936
988
1269
165
924
1650
949
590
689
430
822
191
569
1322
296
757
1234
1278
872
352
892
1013
198
715
874
1320
617
618
677
1584
238
190
190
412
159
1143
337
120
40
794
1290
333
1821
1592
875
169
707
395
1816
587
127
158
823
1004
8
36
164
753
313
1297
1151
831
1238
454
618
799
441
759
45
626
218
52
1257
119
831
26
472
666
536
1058
465
639
187
445
243
62
1119
295
131
850
1817
116
622
878
584
277
605
699
156
67
684
945
273
7
1835
227
569
945
371
837
125
481
333
193
831
159
1397
438
218
576
927
468
322
1135
610
821
1141
419
538
1006
831
508
577
152
125
468
202
561
1716
189
1368
477
170
2034
794
950
45
612
796
601
182
892
1203
1680
786
544
960
923
501
277
508
1106
746
767
644
463
1318
1945
346
614
589
334
75
104
1083
397
904
390
586
320
785
331
787
1605
187
452
550
693
1555
508
291
671
755
128
195
592
197
553
878
701
760
1405
1239
466
550
741
947
902
47
220
716
1039
52
1228
536
266
38
234
68
756
124
504
376
826
305
556
911
202
378
316
203
351
836
649
803
554
394
568
602
750
264
838
320
1050
77
308
705
399
843
1286
770
989
1392
1089
669
59
83
417
121
278
635
612
33
437
369
1722
547
641
269
1195
713
143
628
262
102
900
563
1240
10
269
361
954
2068
96
272
1199
888
1026
110
789
95
251
105
267
521
263
313
199
131
229
940
921
948
963
748
827
673
309
1160
263
488
763
298
223
1235
500
1172
625
606
420
160
1335
367
1219
681
62
1688
304
235
645
919
699
1604
1051
243
506
1
50
262
166
234
135
560
772
1330
460
476
566
1039
1259
1157
209
557
194
470
1552
1078
981
570
909
565
710
165
343
167
811
206
351
766
333
59
39
261
122
1809
604
1655
966
452
231
679
695
1070
940
487
184
8
2027
499
184
498
844
1368
113
1721
252
715
1391
1306
294
1536
526
160
584
377
17
1128
606
1139
426
31
397
557
469
1539
287
58
167
1011
516
1661
1336
45
1100
679
409
487
1298
336
561
361
332
434
140
821
78
682
710
276
358
345
539
666
917
906
1093
442
125
587
2234
632
387
508
1045
561
179
1388
596
602
721
1248
177
612
838
1859
760
1124
357
950
922
498
832
1192
765
300
636
10
422
68
145
1449
1088
269
131
432
120
656
23
1006
817
1166
659
764
312
746
285
68
576
638
803
500
138
124
1807
676
338
1240
789
410
1034
819
314
383
231
26
110
788
251
957
933
573
551
684
109
1319
106
520
827
945
66
560
330
205
87
476
312
93
1016
141
1103
586
186
1658
601
148
1704
349
827
668
1084
1155
1045
180
869
728
151
900
394
917
79
1131
721
1822
222
583
199
132
885
41
216
366
58
1268
1115
817
914
1121
53
596
2076
410
172
117
135
238
629
1109
850
213
751
885
643
115
1307
23
1011
747
1295
401
22
291
622
403
75
214
622
795
408
1194
790
58
888
408
205
101
800
1025
492
385
568
1182
923
133
330
404
20
996
552
615
1439
935
282
928
193
325
620
175
1014
508
1419
858
679
291
33
30
45
848
275
551
432
1126
683
1683
980
200
655
105
1436
484
692
404
41
210
1419
1249
843
1127
657
344
585
463
597
875
1262
125
410
1252
797
349
860
581
1534
169
663
1207
851
104
89
509
728
374
456
1039
1298
101
1643
802
64
417
124
483
1261
838
899
265
285
478
287
99
315
7
557
378
507
7
587
914
136
544
284
778
291
1728
502
145
945
1629
532
599
702
282
1005
1105
977
3
1354
309
377
139
582
896
529
1679
407
154
651
55
48
222
1257
199
484
1073
1376
779
461
794
702
620
756
352
31
428
833
449
961
530
1214
878
167
788
211
249
403
659
115
399
1786
1188
352
1174
2294
605
776
1094
1510
140
577
389
655
1903
561
103
999
1454
358
249
319
1492
895
21
34
461
792
168
892
175
324
13
375
525
115
261
433
113
15
437
54
685
24
997
940
326
1103
452
941
725
968
322
531
683
582
44
116
474
608
646
244
160
372
179
337
1612
1499
4
488
928
641
711
879
87
1231
656
1018
253
629
612
244
566
958
702
527
730
234
2296
578
390
384
585
231
168
186
404
357
558
12
599
238
132
27
940
557
141
384
1756
823
1010
539
1640
514
35
642
1442
806
367
1346
204
230
107
1171
115
816
191
145
181
861
88
980
747
467
416
434
777
742
456
1789
906
1134
64
365
741
1148
130
516
730
212
1494
599
752
706
1658
1548
872
932
1571
705
683
33
515
1802
276
564
520
297
276
370
543
1636
226
626
223
335
75
791
374
562
238
361
365
383
177
308
258
87
419
417
1631
5
1314
484
828
239
976
562
88
459
446
235
488
452
1110
998
2134
271
351
1354
435
481
949
319
542
765
104
615
759
354
286
284
1855
27
632
385
688
54
1306
613
208
1515
2539
749
1299
493
545
99
378
38
120
637
382
1344
539
1585
675
1426
723
348
212
146
944
1085
74
865
1010
383
1240
99
100
287
174
631
212
572
122
1245
12
23
527
176
568
598
1534
986
245
1001
231
676
636
507
569
1052
2096
389
637
236
570
1684
17
655
285
448
255
536
284
27
949
248
202
892
347
962
1153
885
242
510
958
93
755
786
803
728
535
1153
303
410
656
266
797
345
636
360
1106
839
157
585
1470
532
107
798
438
325
1191
598
769
125
1703
725
369
812
531
416
744
240
514
879
418
784
798
857
2374
763
1208
1284
869
1134
1044
295
29
762
1330
730
1347
329
934
459
1680
129
925
116
725
563
36
1245
369
711
1434
1187
268
694
1361
508
1438
881
134
1426
438
231
784
1194
757
1654
963
1644
1472
130
915
728
1143
643
403
244
407
261
424
651
1467
827
492
377
151
288
653
436
196
434
510
524
177
759
150
1128
1490
149
484
1024
522
945
1106
758
471
516
596
18
296
367
54
313
522
92
227
1279
678
189
481
417
519
1474
471
167
1444
107
201
410
3
209
570
1909
723
297
150
197
326
309
1004
170
503
302
336
194
539
394
969
54
133
237
637
658
1435
121
503
452
1826
360
397
69
224
122
785
633
246
1183
411
417
670
6
726
1014
61
720
8
660
884
326
301
523
815
624
1160
338
764
663
777
1125
575
858
674
625
341
1400
1100
627
484
385
66
930
211
824
2390
24
1401
611
761
711
664
1273
343
438
884
536
1925
442
41
1184
901
685
592
346
560
233
499
699
450
506
365
99
28
103
37
697
250
767
238
162
271
400
973
8
187
5
113
410
648
941
300
783
1474
1060
500
1085
889
1461
838
1406
438
1030
326
872
997
331
1548
1147
1723
568
364
427
695
128
225
105
869
468
529
322
394
452
903
1127
28
458
1002
782
231
1657
315
60
1447
94
251
185
495
325
1522
500
109
1469
785
217
835
343
195
1279
651
697
348
726
343
51
174
448
918
41
398
1613
356
592
1323
554
75
48
1192
782
297
913
535
441
14
214
1050
368
767
1191
475
1317
60
531
646
55
991
74
496
651
35
238
900
106
715
277
791
572
1751
2755
973
109
196
123
1231
463
1036
2731
1253
919
631
1228
919
619
563
97
1292
1080
594
180
584
447
847
900
1531
795
177
993
769
1397
536
576
2546
154
1014
1365
204
861
777
1120
981
838
33
1330
642
467
1282
716
266
414
279
620
946
1136
427
76
99
835
640
110
143
219
964
1013
20
661
671
342
470
1354
577
995
567
905
680
14
692
258
527
736
492
352
288
29
788
384
1626
613
810
250
154
47
458
11
741
614
517
1235
677
789
632
232
117
975
791
172
566
1182
7
1667
1082
526
1416
1717
1122
413
1393
773
210
682
687
999
312
707
622
331
123
567
994
408
80
339
704
35
543
791
376
982
76
322
814
22
747
320
752
807
278
931
942
720
69
1227
436
709
578
121
992
219
448
66
424
152
529
689
189
489
490
516
126
1007
743
747
746
457
1265
668
403
285
952
1019
80
554
1200
1289
27
1333
765
271
523
855
290
151
422
847
599
178
202
622
582
67
1069
1308
1094
962
691
355
1426
584
793
78
595
1122
612
581
814
1610
1552
1953
174
798
252
464
189
1290
347
401
624
1267
224
675
711
1576
1254
1200
693
1172
971
1044
99
443
100
422
1777
941
926
465
401
70
234
743
944
882
1635
818
183
386
220
1858
219
639
156
107
259
162
352
90
344
546
1281
446
962
441
1730
45
1010
334
479
101
369
86
174
1256
1211
79
950
1073
151
316
542
340
1240
527
554
678
979
681
83
1506
666
793
916
1950
583
822
701
954
428
934
137
234
740
309
696
589
151
224
147
1062
698
467
958
126
1369
248
241
335
1456
511
162
747
1181
566
1398
313
1230
1177
1165
653
307
54
357
1462
815
1397
74
219
150
290
473
1344
797
736
647
306
165
391
603
1172
899
600
1316
613
1171
35
1209
598
165
1109
539
573
185
133
718
805
35
432
146
178
202
589
222
342
1393
372
506
455
398
554
1152
308
1059
990
168
137
1066
567
890
139
122
521
469
907
789
506
56
612
1102
759
440
935
121
1369
70
110
1021
617
672
1044
678
566
800
801
21
504
396
248
309
231
465
302
979
223
738
99
160
419
701
188
263
172
494
269
42
525
81
856
974
1047
1147
870
318
363
883
283
351
201
292
578
396
1028
16
149
736
1147
180
197
1078
581
798
427
963
743
506
432
148
874
375
892
412
536
172
1207
775
144
1284
858
1064
1033
1203
285
479
97
193
1307
349
860
744
643
2102
52
36
1724
735
1062
824
801
57
267
1571
31
1629
728
660
98
651
1249
195
944
460
528
587
181
943
187
1190
461
1339
2357
402
108
959
693
635
654
557
1203
747
1123
1163
3
229
207
365
864
771
897
154
1290
881
20
1210
580
1281
544
684
677
937
57
365
1184
1219
323
33
183
2033
813
612
735
303
242
594
1161
1001
921
119
329
1441
408
980
134
1013
101
239
439
51
261
1296
290
427
413
660
980
1326
60
775
71
117
81
84
288
139
1234
168
1258
562
556
499
324
286
1199
864
121
690
433
579
293
489
112
1172
1354
332
247
663
423
390
310
181
494
1044
617
555
605
975
920
9
849
326
192
424
228
837
871
469
140
486
636
281
1050
855
21
796
686
718
1030
369
1087
906
1745
515
163
617
884
1199
163
1091
850
94
673
432
1202
276
1136
300
221
196
125
262
922
1566
348
913
612
157
283
287
967
612
1374
1153
811
483
983
130
1479
1125
979
766
410
833
446
956
456
730
1151
709
220
157
712
1086
610
1370
36
539
810
496
1271
460
1428
357
284
391
172
659
521
501
1196
2342
1158
901
236
1253
500
185
44
122
604
150
1173
987
1000
317
1699
987
1306
1728
990
256
1193
498
1810
1117
1046
436
191
535
9
743
145
917
317
432
1203
912
244
605
765
195
13
468
102
798
680
1101
367
1309
50
168
832
168
719
1120
1087
756
941
962
1962
937
275
157
488
235
968
63
345
616
95
253
1085
1006
660
655
258
334
658
697
360
976
840
488
782
1259
517
1
937
761
982
49
486
264
6
412
503
1749
1533
785
840
437
1964
120
86
1170
616
2202
849
1184
955
1189
534
602
589
508
1462
469
57
628
1296
1011
342
680
208
429
473
840
759
775
127
128
104
634
970
1273
781
462
694
539
173
904
922
801
833
511
96
1355
39
113
424
157
1497
1611
56
652
100
1887
81
167
422
961
122
1562
762
88
724
429
677
148
1321
679
729
959
452
277
666
1199
576
143
784
917
3
664
236
2195
813
828
1492
1710
467
579
983
140
357
794
173
174
1017
546
812
1038
1591
1018
320
1658
1202
120
406
786
16
430
1799
597
632
1768
199
824
662
68
904
309
34
199
774
239
788
249
1241
113
320
320
570
440
58
414
939
799
1610
770
653
150
480
240
1058
374
538
411
260
680
771
526
326
499
443
940
672
1351
574
375
388
1127
518
784
470
1334
302
447
850
1063
1593
213
413
300
288
625
397
236
393
853
1014
745
972
136
119
51
923
531
893
1263
585
574
1122
1205
1185
103
2282
556
733
593
557
132
928
526
539
695
1054
519
430
544
956
468
1304
498
474
920
707
416
1201
452
952
659
44
1019
887
267
780
707
216
159
1540
258
145
1050
13
147
341
816
947
1705
664
1121
924
1766
592
819
58
26
466
1688
885
29
498
201
1825
90
1598
2073
182
1131
639
1379
16
58
29
766
368
492
150
269
692
302
981
342
1066
526
1099
1142
124
1408
690
261
1247
54
1275
515
929
817
339
415
558
1728
1008
404
765
1165
373
1015
245
5
78
329
1221
1088
186
584
576
180
1016
747
1448
212
1237
180
133
889
839
314
1202
82
133
184
79
1
114
327
58
1147
558
362
1083
612
53
453
1633
1879
705
1144
856
1650
72
648
666
1072
246
1164
771
1393
1590
351
1174
458
1179
299
875
706
272
348
667
642
403
649
739
38
106
633
382
44
68
21
188
921
747
879
652
381
1021
56
673
399
768
1316
46
2323
84
726
96
219
1535
69
106
1426
480
213
272
304
1050
670
776
296
262
447
893
1806
251
586
136
201
1331
886
826
243
702
1285
677
1416
1618
1136
903
283
983
271
1129
51
418
1171
592
962
952
1649
403
1342
239
146
915
897
553
815
1396
509
407
661
22
491
235
621
284
653
225
163
1024
394
820
356
110
562
1008
105
640
1349
29
963
422
163
329
933
184
675
897
270
372
1814
269
451
937
1196
824
818
447
459
284
486
459
410
630
1053
592
653
748
828
1228
1133
591
924
193
573
140
509
1175
1342
68
237
827
2591
463
596
234
135
792
238
525
373
2315
565
1135
448
532
990
821
1215
938
1453
230
603
538
1759
1544
120
483
1031
222
678
1692
1104
999
1185
1029
36
1128
1116
135
915
627
262
525
535
416
280
376
874
606
312
672
310
239
848
998
805
552
330
620
601
572
702
601
20
942
622
97
183
186
7
490
682
232
845
279
944
1086
201
57
308
844
765
10
235
1204
675
817
1454
1541
597
497
843
786
259
20
405
37
643
1012
595
702
241
1270
1684
793
105
390
179
473
478
246
353
1053
984
619
1323
476
404
344
1050
244
667
537
630
54
1442
403
402
950
599
1482
806
847
31
227
685
91
746
370
662
282
647
3
543
365
755
392
242
633
467
385
1177
948
228
105
1147
361
1505
370
917
311
113
1871
487
235
542
688
94
570
499
117
501
1553
22
541
302
412
179
640
845
245
117
642
227
7
596
1167
659
1033
577
582
987
393
386
710
886
374
512
1933
957
1535
1667
1520
1559
2728
