real_Parameters :  sncndn 	 failrate:  25	 Fm:  618.5256	 且最后的Fart/Frt:  1.0038670488		   Time :  53.3006

20
36
41
119
188
113
210
331
32
381
501
232
512
531
439
88
227
360
127
145
14
332
698
339
654
274
528
937
43
587
183
1338
1217
1101
108
150
389
1242
773
762
931
1743
1495
300
48
622
670
1512
1380
204
21
123
1257
813
370
442
486
291
1234
684
1102
688
135
699
1797
1034
282
187
256
239
2543
197
232
876
246
365
1191
447
580
158
12
346
92
325
807
65
24
66
183
1103
867
1343
428
419
1947
95
58
433
304
20
1124
358
183
37
298
723
165
26
481
142
639
41
558
2318
811
277
433
85
1186
442
462
481
727
187
885
88
2
73
597
864
324
180
305
176
237
151
689
658
104
438
1304
352
84
537
710
1659
91
240
440
111
943
2725
539
1125
107
1014
509
18
1362
663
90
218
158
643
1121
968
1616
159
172
326
161
511
205
131
371
692
728
998
31
1949
1117
771
48
68
417
186
823
967
576
198
396
120
329
257
1982
308
170
622
903
240
1546
199
333
591
72
412
87
256
101
153
122
138
24
55
87
408
1814
706
2328
634
441
976
1298
1296
176
3
948
670
258
1638
2877
1092
149
36
1304
25
190
3422
1456
741
442
77
81
184
824
1299
554
888
926
1799
269
739
432
519
721
280
45
447
422
701
721
901
588
512
65
1108
562
2
536
1909
1199
240
340
744
1083
833
644
175
42
803
25
243
1775
782
666
1241
1376
985
243
341
253
428
194
366
57
701
2840
94
53
500
57
758
877
1296
278
208
740
549
134
62
339
322
1090
683
361
2525
2380
198
186
66
130
135
1
485
623
1095
1395
626
729
280
263
225
1242
25
409
982
21
2151
8
173
27
790
748
55
1416
1209
1860
1006
391
171
1887
1206
1835
574
28
826
1907
225
90
596
591
586
212
2907
1225
79
207
416
1081
164
127
271
667
147
481
336
604
730
822
948
1692
515
212
441
630
1466
32
1431
370
397
241
197
450
638
235
1024
641
70
63
61
270
1
2569
174
1174
969
779
1022
2193
610
467
191
211
810
1293
58
1476
345
1452
1007
457
1630
74
688
1132
2051
335
25
551
767
816
532
256
374
101
4
1591
241
367
508
894
476
197
1391
1753
615
72
386
918
1358
495
163
1213
415
415
10
201
1109
48
383
825
590
71
968
489
1822
549
566
847
101
9
200
783
581
323
409
1268
345
1318
132
227
1306
4696
120
39
1146
1006
892
426
891
1174
651
143
48
76
36
364
1544
704
2511
625
661
525
67
33
573
1177
589
262
2
1077
226
1396
581
1034
19
43
299
706
120
361
1324
2162
841
423
126
234
862
2138
474
939
816
446
1788
49
73
42
625
536
621
727
547
207
1613
83
86
700
182
434
242
1136
394
273
850
6
445
76
913
135
166
326
75
320
189
374
701
443
423
210
37
53
89
257
1612
79
1953
2250
189
62
317
454
936
2171
449
39
284
1075
1289
72
1036
602
1051
497
841
274
2956
429
368
184
236
155
1868
96
689
542
4292
283
575
844
823
1043
483
774
43
236
291
120
1105
1302
99
235
277
61
478
1204
298
341
17
61
97
1063
72
142
178
317
967
1055
1588
50
1560
709
115
154
530
708
127
739
639
958
1682
119
303
105
1056
336
2997
620
555
1633
487
252
513
248
395
803
367
809
1652
996
113
2497
120
1328
717
797
1890
350
717
941
364
781
1132
262
4
458
408
577
969
61
136
599
1425
44
2232
96
172
185
85
127
264
69
141
1510
191
30
380
44
1220
78
383
1684
184
435
105
1352
738
992
1043
32
557
423
482
1228
959
1251
13
49
558
581
1287
194
2155
763
270
171
268
1653
335
116
333
531
257
283
165
1776
1010
447
881
1225
301
102
164
449
21
913
408
405
434
543
312
71
438
90
786
418
259
1885
1207
96
3
802
564
464
29
538
7
2103
69
1258
7
171
110
1046
216
18
159
324
609
173
248
388
126
260
51
369
127
17
419
20
791
218
669
184
215
125
743
88
250
770
823
772
798
335
97
10
266
954
24
1157
1420
554
853
602
296
354
1716
1232
822
1430
128
121
240
246
1107
239
1832
8
95
1818
1024
93
1139
688
1938
60
569
218
297
793
1240
894
352
2407
127
2356
974
1081
761
360
228
179
94
2169
45
411
85
531
849
91
4178
646
72
167
300
162
448
1833
38
930
457
693
721
12
1037
456
745
99
800
40
369
201
288
770
526
1500
245
252
2747
6
1202
555
736
605
1808
1184
686
86
1048
266
1842
530
437
707
355
287
467
571
120
282
430
1131
1845
475
883
558
2193
1101
15
369
1142
1422
109
1002
485
671
191
812
2108
592
1283
71
82
842
208
964
283
220
382
1796
180
306
4
20
847
797
298
311
177
178
197
196
1067
141
427
634
1801
338
202
361
409
409
1743
618
1275
139
181
185
1893
209
55
235
986
152
56
44
720
426
1442
18
1119
958
485
199
1256
956
792
1202
111
457
203
107
265
26
15
162
81
255
1256
3
192
1540
126
305
350
311
395
330
726
490
716
5
284
246
17
221
878
1055
351
121
849
543
1922
1144
739
345
2216
387
171
245
85
2118
132
250
723
732
1459
953
209
642
234
274
16
54
852
243
529
75
1
1906
90
317
1500
435
356
1
2512
618
1983
139
881
523
23
1935
1272
1328
1250
628
1120
576
997
1155
142
204
64
208
990
77
522
194
368
97
27
75
930
2417
90
536
552
372
677
112
1459
582
81
557
398
664
161
165
211
323
55
178
1466
1438
34
603
454
816
448
95
6
972
284
60
488
1891
233
717
1026
1487
234
98
1601
266
2048
201
727
263
241
793
160
210
252
2224
87
130
1585
419
1346
866
253
450
907
14
1150
1846
675
33
232
11
463
530
660
1023
712
751
1068
549
224
444
1464
356
36
2259
729
269
113
164
1247
1382
1450
1194
491
219
547
440
160
23
51
640
1195
770
382
442
701
598
249
274
165
289
89
553
1068
88
228
299
107
1055
420
206
1096
126
1135
654
387
1615
19
834
180
263
137
240
113
812
1247
299
1135
178
1122
523
1165
204
553
365
122
173
372
232
51
473
192
888
977
227
1586
184
602
482
470
717
29
344
72
198
1257
405
681
503
182
197
278
1228
447
150
81
1135
300
1886
1168
339
351
882
10
182
4107
870
175
589
52
1863
286
1874
186
649
208
797
747
205
192
68
147
156
259
405
15
885
27
759
455
442
2235
701
1485
260
135
142
881
5
905
420
386
74
191
536
29
178
348
1369
787
299
232
568
137
735
13
477
562
257
86
413
550
199
777
232
315
293
1179
805
433
410
763
713
681
93
1434
1080
65
905
90
1021
493
199
523
687
993
1134
382
27
1003
167
286
188
419
369
2541
227
472
346
146
327
263
853
702
46
91
38
2296
623
788
451
714
504
32
711
798
42
86
698
1815
1514
249
1806
1443
2350
789
644
283
236
1751
547
21
2141
429
1055
574
235
323
627
871
946
182
282
1765
149
286
1316
300
1255
183
1584
1073
187
233
421
362
1702
868
1280
1257
402
1529
530
383
484
308
138
103
594
49
560
1435
79
174
160
265
634
231
988
432
1197
1045
314
1125
139
217
1002
213
873
1184
32
349
462
16
319
842
1326
87
491
903
195
3
677
394
190
1581
950
152
1256
327
274
870
276
252
436
34
299
2136
1119
60
164
64
617
618
297
438
134
894
331
1483
821
468
338
2132
278
372
495
619
34
768
121
1115
460
247
891
644
74
2771
47
21
524
222
808
273
452
52
393
1402
85
727
874
802
86
487
72
1134
121
512
78
546
593
712
121
445
444
542
609
91
650
153
187
499
1100
1241
278
193
349
550
1278
499
883
27
713
4
862
443
988
553
101
333
312
1144
1053
147
864
194
2003
678
2466
259
314
28
347
738
219
806
347
549
79
160
267
1643
931
188
406
327
904
98
96
144
368
453
210
669
314
861
331
81
1405
2228
53
110
501
783
213
20
6
215
640
253
1009
336
220
1722
442
572
1869
355
76
17
143
540
902
44
2
98
357
131
2
4
227
1636
373
439
1035
1616
413
262
746
341
454
502
33
320
685
1598
193
468
1114
18
711
489
111
243
135
1079
1098
1730
9
1978
245
200
39
1036
879
703
839
1473
259
138
760
1388
812
135
72
99
781
3311
1529
764
1681
114
496
585
85
221
20
79
289
50
372
259
1936
239
315
623
387
531
641
37
2773
1563
201
3295
722
398
411
782
336
1213
3
1576
756
804
245
15
978
18
189
1597
134
479
134
845
259
27
649
1311
143
909
225
690
391
417
822
172
1121
42
237
178
808
120
604
1393
409
534
544
1032
999
735
65
49
879
427
376
1041
173
511
1737
768
276
1991
147
1435
2800
593
1309
592
1282
758
124
1101
508
744
200
523
372
373
5
354
2042
107
1925
384
1126
370
751
102
333
183
1663
61
224
609
200
385
88
38
424
7
259
711
257
159
1888
140
295
10
543
1218
238
649
251
1046
2113
782
742
730
948
45
544
312
1039
25
130
422
247
12
33
82
162
659
402
289
432
425
164
310
784
2068
466
36
504
113
352
84
774
1344
126
350
362
1903
1052
1178
161
901
136
644
515
307
592
921
173
78
439
120
225
2076
688
1267
456
396
3197
297
825
44
187
15
273
57
1753
820
106
62
248
264
487
718
335
712
361
42
341
373
138
21
1033
321
139
528
3
599
132
274
61
459
339
324
746
16
2315
251
300
2144
107
540
501
232
423
233
876
1
549
1014
2089
659
675
573
405
36
686
93
3130
198
354
486
1098
329
1420
74
367
252
879
405
341
515
1647
1802
189
282
26
737
1137
392
40
1079
1752
803
302
1200
767
427
388
1904
214
2179
125
1431
422
977
857
120
979
8
432
587
305
789
1106
348
686
563
373
52
569
498
1952
132
792
123
1351
580
1598
243
252
1182
139
920
537
2180
578
414
415
563
171
679
554
1263
496
659
179
762
560
331
202
644
1143
503
874
76
24
334
136
72
1479
2372
767
740
816
559
168
73
743
66
975
795
22
1922
171
239
283
43
632
1721
58
561
144
118
379
2195
71
803
203
1637
3099
751
992
374
12
268
189
165
499
455
291
341
240
1230
34
2733
1439
35
365
353
960
2709
96
22
1059
496
622
615
16
950
477
1381
353
241
671
79
78
1920
526
893
822
1168
1419
1011
80
623
1144
1010
444
56
89
366
1218
2239
306
1607
33
245
1136
114
441
719
2965
735
13
364
946
2610
1774
462
372
1006
477
633
1557
189
1678
615
508
1335
39
31
659
14
241
110
146
484
798
599
250
376
181
12
1297
41
4
556
521
2204
305
2096
643
512
625
997
320
329
373
487
1780
1047
139
1184
467
125
287
988
781
6
26
37
570
277
1390
774
974
79
45
137
792
1733
38
1586
111
307
386
169
324
772
224
44
339
52
362
313
46
1109
1
25
2474
294
159
577
180
98
625
91
952
448
430
924
83
21
1443
9
958
264
359
164
147
1405
190
387
765
136
322
274
359
618
421
71
150
115
426
760
1271
114
386
71
1739
364
579
622
78
14
132
1638
55
95
346
171
301
2500
336
533
668
325
1707
70
93
786
913
429
421
1407
211
411
317
760
622
13
123
3159
1233
754
531
289
315
423
3
615
1897
81
341
60
209
478
179
944
37
115
654
171
687
1053
78
583
338
1404
1448
541
851
48
1091
1179
335
567
176
358
434
465
2094
844
40
87
723
184
1431
1262
204
216
39
152
1189
237
2114
765
292
85
407
399
1024
64
563
219
945
346
607
826
676
40
1072
526
353
13
624
652
447
213
712
1820
393
506
641
344
641
59
419
608
548
163
1936
260
316
245
209
280
311
1088
388
72
580
260
912
707
11
86
419
373
1197
335
810
16
720
21
577
282
1172
409
135
113
237
248
230
379
42
4186
141
1409
58
163
26
230
37
238
8
535
42
439
950
755
518
17
385
385
153
217
330
1668
976
135
1481
211
845
321
1519
2
219
45
468
134
41
390
263
124
26
285
720
334
185
1502
255
485
135
1479
247
157
76
933
494
1324
245
214
187
67
38
84
907
639
987
137
235
211
882
95
703
133
438
1000
205
732
76
587
402
575
821
137
999
1348
1674
473
355
1614
1082
403
508
74
1
625
981
840
432
702
1483
186
911
249
429
1079
803
123
432
700
555
435
1347
160
572
1237
920
51
2521
482
427
2021
40
2804
204
1483
1687
927
559
45
29
2046
1018
3051
312
387
983
18
708
89
950
1198
452
103
238
318
1641
738
3413
222
515
280
3201
894
41
1858
215
171
261
1082
721
1940
154
2042
114
1181
1203
151
296
1312
64
898
250
386
75
908
425
1139
491
705
58
351
764
1033
496
453
33
314
2292
1115
436
431
416
336
193
22
558
798
1191
1585
583
513
915
925
141
1301
18
25
456
137
233
743
174
616
137
116
1150
737
40
495
916
498
414
283
1672
844
2060
330
602
1400
807
754
300
322
683
845
826
792
81
425
508
260
3667
538
1500
419
197
1556
721
2106
320
192
1090
71
532
1316
403
1346
131
267
1021
490
1265
374
888
482
120
339
581
286
1064
325
155
1176
114
451
49
1004
337
40
279
838
582
972
539
367
355
260
5
367
101
115
747
700
423
706
103
405
371
256
50
322
170
761
499
401
382
155
244
2126
9
892
1482
14
249
966
1140
696
1365
38
210
58
54
1704
16
63
518
616
125
44
141
74
774
875
1176
1776
552
750
168
1711
300
40
1214
755
184
1410
1587
63
1047
111
502
2003
227
8
766
140
598
63
146
1174
768
1075
59
973
499
114
466
268
1049
235
119
45
1253
205
671
462
131
237
1870
541
271
898
259
890
329
1536
149
1022
724
1335
70
592
1088
1650
260
1131
133
318
112
133
451
78
25
506
418
284
496
612
543
206
370
3
393
670
403
33
176
281
90
794
555
287
1371
110
78
323
62
284
71
1239
2063
953
66
20
409
18
97
816
1731
821
2
3602
104
269
832
228
231
366
278
11
974
548
643
154
86
947
102
51
22
1034
23
857
1113
68
2
740
183
133
267
222
843
1799
802
683
1004
52
79
200
1149
672
558
626
280
657
899
272
888
443
654
55
610
29
283
517
380
1301
823
819
656
323
136
310
827
1504
752
33
7
327
153
176
558
1
371
625
1436
837
2331
612
397
545
310
543
107
138
286
244
38
160
940
902
610
220
795
2244
46
619
706
1465
387
68
196
1668
338
3
216
255
542
761
18
622
380
1821
1322
1492
689
325
905
130
150
1399
370
353
346
751
1207
562
149
82
310
151
600
279
492
433
463
154
795
1308
948
122
363
36
263
37
207
707
1645
399
138
71
2520
47
996
88
657
106
801
653
141
579
35
490
1592
170
674
419
821
484
155
93
702
1066
72
389
365
1274
116
76
732
879
307
121
369
96
812
53
137
91
2134
397
180
119
730
3161
260
471
601
474
412
53
355
665
389
407
380
1110
472
495
1235
297
166
1700
787
476
953
995
599
1413
1487
1368
3493
75
51
93
444
1055
164
442
411
328
1293
127
3835
901
282
971
1086
91
617
301
4239
764
642
432
925
134
428
715
114
466
602
1336
2346
502
916
88
671
944
137
401
57
1068
220
245
248
1276
478
485
690
15
946
796
170
86
663
156
2787
106
1158
38
422
141
61
59
57
256
80
1280
244
702
260
377
3254
660
203
449
153
866
334
384
204
2183
831
874
82
1108
878
410
163
363
745
33
1554
1043
829
316
11
763
362
2577
353
964
1326
324
637
82
451
671
235
478
2148
838
1213
421
190
536
60
685
175
2273
1376
617
170
236
292
66
689
167
764
462
2203
816
347
3398
144
1663
3176
660
203
708
191
6
170
45
213
1175
191
1
1469
532
11
604
36
208
684
605
140
157
415
1137
149
874
775
556
35
1673
957
1296
209
723
3
228
294
202
379
712
32
1011
720
625
393
407
1541
615
533
704
846
12
497
1986
230
1921
1139
232
228
491
625
1042
420
88
1577
353
656
445
86
191
304
431
1140
1788
1815
163
570
678
472
344
559
752
288
1382
476
321
219
1171
76
226
605
224
202
569
868
303
866
288
876
313
750
1515
1321
314
781
583
143
475
67
85
1242
793
379
148
213
3256
101
43
91
418
1785
149
2012
422
98
28
300
1664
928
281
73
669
168
184
475
356
4
638
878
349
459
993
1055
719
162
161
317
501
846
192
345
207
337
66
93
145
3035
66
1259
984
336
19
141
12
1031
146
458
252
1323
1849
3590
2408
428
786
223
233
733
959
1461
731
123
2423
844
553
273
373
1489
319
343
1495
737
728
181
1946
173
543
384
583
285
1070
859
569
51
762
512
2060
395
384
2001
1139
839
767
200
2603
73
177
703
305
1244
732
47
102
390
223
303
167
1412
288
161
302
377
355
3
702
866
2775
723
498
857
1193
1571
99
77
107
194
1660
847
49
1870
136
705
13
308
513
583
14
39
27
544
1894
1996
1371
135
23
1081
318
122
244
209
473
114
104
58
1126
837
425
493
2546
439
10
541
820
128
319
722
933
72
441
168
1073
617
256
1124
483
282
472
239
2710
127
719
134
618
494
177
914
1550
98
267
137
447
518
630
743
246
947
552
32
715
120
417
239
547
1048
575
2278
13
1699
722
1019
361
71
274
595
117
222
191
613
163
247
22
28
1090
116
560
299
420
778
419
455
1418
190
236
53
33
158
1348
367
67
473
352
642
898
212
4
215
140
2
387
237
415
403
415
920
10
2124
559
101
64
485
292
435
282
899
828
161
1465
407
33
1323
988
539
486
217
2419
2444
193
470
48
996
13
630
230
1727
96
165
269
214
443
1059
363
181
583
275
420
35
61
447
1544
149
1373
309
102
146
421
295
364
116
211
389
1158
285
413
3010
217
1517
134
1120
464
793
579
1945
1517
193
2854
231
425
930
549
398
346
762
303
267
10
401
3012
634
529
133
996
206
410
1015
528
1297
207
53
317
242
513
3
185
1825
51
867
1376
473
953
1029
1322
465
985
643
477
423
20
1415
583
1001
522
665
239
1283
843
37
1632
383
683
151
792
16
263
258
367
184
209
360
169
169
364
425
874
405
109
277
576
180
257
55
751
659
581
607
106
383
180
62
1899
434
394
66
592
222
348
106
94
770
1751
472
687
59
704
523
77
490
701
224
1506
356
509
538
1567
256
60
2066
148
454
248
4257
811
1364
316
424
254
1148
457
1760
604
254
261
2643
314
258
16
2340
132
2180
517
430
1168
1190
452
1182
1245
91
286
324
315
155
182
278
132
1027
946
354
360
859
669
595
284
1791
590
2
211
24
2442
638
262
1185
375
507
436
810
193
1699
1446
1169
882
760
291
805
429
1583
3039
4191
210
394
47
209
501
973
1293
9
732
386
874
354
524
45
433
576
176
451
427
623
1742
2520
437
319
268
834
1172
787
2294
340
522
1001
762
1738
284
750
441
527
15
109
348
37
507
399
111
943
309
836
193
2033
121
685
489
1618
181
2338
170
338
273
808
75
1741
137
184
390
182
2331
573
283
33
794
971
90
327
77
105
270
170
1099
268
1415
413
163
231
892
39
1164
883
709
401
187
1010
469
587
13
662
317
132
75
781
755
1148
1437
688
242
1393
236
108
477
49
565
4459
24
1437
121
1104
844
986
1001
482
382
140
863
600
142
1400
650
810
70
904
5
833
169
111
90
739
1056
67
1101
1272
249
434
616
489
130
90
710
863
251
981
180
35
156
347
2131
1
749
197
83
1205
1694
134
299
449
79
610
507
2462
448
182
83
814
697
2423
125
111
49
659
580
161
710
825
423
137
1078
221
835
17
139
1220
104
627
901
1317
149
433
574
77
400
3895
642
981
531
109
104
535
185
303
312
408
89
245
133
56
624
138
965
177
71
523
35
755
210
284
355
998
384
1245
568
850
320
263
15
255
1891
1326
320
133
638
118
201
174
198
3874
94
308
171
1031
216
294
161
553
490
49
602
31
319
612
3
1399
659
236
332
135
24
344
381
429
1358
166
572
447
1130
2367
132
1887
412
771
416
371
876
930
88
52
36
193
1113
268
319
410
1563
985
106
1265
541
485
636
616
1274
93
737
495
318
582
167
163
3623
2832
598
350
259
624
746
1
18
962
37
328
1261
1329
133
292
366
656
311
5
335
1363
819
1178
79
1089
458
871
594
1630
821
1383
1971
356
282
1855
74
98
55
206
372
1296
452
546
531
790
259
2838
1025
215
862
2156
417
958
30
272
374
229
295
580
1409
233
92
134
659
2024
64
115
630
132
939
69
2357
512
1094
924
324
85
200
212
1186
67
392
436
330
1397
94
1096
305
49
360
895
846
61
709
1333
335
92
501
907
799
2850
399
168
928
282
331
776
843
621
318
974
523
1954
539
1481
135
131
1339
125
225
150
123
51
1367
663
461
261
1584
3118
483
78
1070
3157
666
696
570
286
1978
233
913
455
1558
80
344
78
439
528
58
31
104
1720
2212
598
673
116
383
1344
70
1423
868
82
243
477
1884
111
240
274
1504
134
797
54
810
878
625
141
372
145
191
287
100
449
53
710
753
24
325
314
681
41
175
1552
158
2035
318
526
139
388
822
990
184
618
525
1601
87
4598
1139
213
778
411
50
140
2693
211
9
390
137
534
378
2104
2277
54
676
1001
294
492
2189
290
1426
1535
160
506
478
607
1177
32
432
223
751
416
111
567
159
360
1187
1540
8
611
306
1948
1144
275
798
339
340
900
185
547
1091
89
310
240
1617
1022
40
1109
741
25
262
298
885
202
909
524
30
67
525
1057
200
342
1298
881
126
1090
466
185
613
107
927
54
2781
309
1218
763
1083
2053
202
19
588
527
1866
1426
173
57
1959
1188
499
1292
382
254
123
42
1375
382
24
573
420
738
659
579
269
10
380
178
872
322
174
2439
95
705
479
145
95
2660
131
1129
959
620
1804
531
1267
1453
1799
2244
313
863
49
16
247
1060
29
1487
662
749
1934
1621
38
117
123
175
148
364
706
476
230
22
2079
57
338
1945
132
78
1452
2584
604
865
1770
443
1298
120
1307
159
1091
336
485
962
304
79
443
308
4
189
199
36
258
606
5
262
955
149
585
1585
510
3
383
1687
28
747
353
1475
132
2325
277
2
529
2584
1662
109
29
689
3
537
1066
212
134
237
579
238
754
549
99
154
6
40
602
903
1254
68
1266
35
753
1437
184
308
156
479
359
487
155
894
1531
171
19
2201
146
399
745
192
1663
668
1690
384
1322
1394
193
210
2386
939
320
951
61
291
111
787
721
940
2427
1476
727
389
214
681
1330
2302
320
20
170
194
573
280
453
871
373
168
540
145
207
170
3550
374
1237
3399
349
1528
433
513
539
1352
239
343
30
685
30
790
4053
404
928
513
880
166
1001
536
43
334
2413
274
122
39
855
839
154
200
469
80
185
233
94
1673
821
1299
4326
148
46
2
331
214
1144
528
114
59
538
658
556
68
187
512
1207
478
149
1773
315
72
52
498
117
491
372
434
1391
148
43
210
202
2057
9
422
44
378
420
93
1330
719
980
49
2114
1538
371
1588
3328
559
248
1154
276
654
2734
1957
6
51
117
282
252
103
365
708
412
1199
411
232
23
1098
417
48
696
424
863
61
67
84
473
25
6
1569
174
920
304
639
257
469
731
66
201
184
617
106
268
593
299
478
1056
1525
601
514
51
169
438
549
652
20
936
301
17
561
66
292
1017
151
358
700
154
955
58
1325
48
69
350
191
1881
591
951
10
19
169
979
163
306
35
63
1007
39
2145
553
702
15
59
805
434
48
95
227
17
893
726
160
322
174
275
244
74
1212
623
2135
948
581
1415
655
175
464
87
89
217
442
1239
514
134
87
67
252
672
1825
59
265
1135
359
782
59
21
246
437
206
148
394
293
89
1313
158
681
408
42
835
313
654
395
261
1056
34
169
1108
136
177
13
884
1723
792
838
1869
229
703
621
185
38
209
361
203
235
1913
341
66
138
9
603
1232
1096
234
542
193
674
287
84
843
650
136
19
338
281
394
504
90
1563
460
158
691
45
758
606
1429
804
165
210
612
448
710
514
990
966
427
315
1617
171
572
8
1626
194
58
72
1266
76
801
683
1192
713
917
247
524
149
891
95
444
302
262
331
1313
874
784
804
1315
270
616
577
3
526
960
541
988
93
981
1870
1039
984
560
210
2740
46
50
336
61
386
834
770
2050
818
2142
3441
4520
3307
2815
