real_Parameters :  bessj0 	 failrate:  25	 Fm:  356.1188	 且最后的Fart/Frt:  0.48895111240000005		   Time :  13.3326

102
168
167
108
239
145
26
40
267
238
306
58
442
502
527
203
443
257
73
205
308
117
620
196
503
478
306
13
105
165
471
588
459
63
531
681
44
325
6
31
227
586
598
309
455
303
56
340
311
21
61
624
444
308
325
32
383
301
45
218
1014
496
232
25
197
72
674
343
13
337
72
512
1075
145
239
190
515
8
434
254
143
232
78
28
445
225
171
507
371
338
93
376
214
252
763
107
220
58
25
159
391
60
347
1017
32
163
238
589
123
68
532
289
274
624
614
77
196
4
328
273
723
51
825
118
571
553
299
191
99
227
28
18
957
403
364
141
380
721
502
137
345
311
35
258
496
27
254
497
689
318
236
463
393
211
1027
636
297
630
300
585
800
187
407
24
462
49
149
43
153
457
39
470
357
3
635
107
368
314
159
419
501
492
298
265
516
414
155
254
505
760
796
725
387
328
256
110
51
191
70
54
37
370
234
692
64
173
241
288
495
650
110
407
109
367
399
209
288
451
647
386
189
365
1060
271
224
27
406
235
70
481
217
68
19
545
268
69
657
78
563
249
392
1148
1254
314
103
1118
678
528
118
82
41
79
463
213
199
193
409
642
529
250
486
72
501
58
231
523
446
393
404
789
49
448
836
437
65
93
459
398
285
256
480
78
306
50
494
226
16
953
675
484
373
1308
269
384
214
173
572
350
52
445
178
115
264
141
188
229
508
435
467
218
415
496
395
346
61
483
501
774
508
66
506
5
316
810
566
272
927
467
613
295
202
233
518
698
418
72
327
219
359
244
456
616
89
344
147
531
233
239
586
5
159
552
375
655
500
763
690
117
354
451
707
354
244
581
590
279
886
182
140
314
281
371
819
624
396
120
264
476
551
285
251
72
72
249
252
42
218
16
530
398
475
697
230
20
629
14
50
79
1063
462
495
150
422
94
682
408
228
694
797
431
360
456
258
337
439
429
75
454
184
571
183
289
589
56
761
596
464
164
205
14
33
365
394
319
44
160
1228
544
821
100
416
696
359
260
258
22
128
703
390
73
209
628
417
368
874
5
128
314
22
381
125
501
891
148
807
343
151
299
989
363
18
280
261
598
226
617
394
168
120
174
439
423
465
382
276
235
274
145
293
437
522
228
1053
321
513
336
263
641
405
492
535
300
73
879
144
536
405
10
31
110
815
104
506
236
178
578
33
322
281
706
3
322
632
277
500
29
626
27
82
555
682
463
413
894
158
364
433
19
61
588
479
324
350
1121
673
834
458
168
569
544
698
98
511
205
501
615
450
570
107
445
456
3
17
335
240
68
714
315
224
589
926
254
59
117
298
141
326
223
1156
189
60
236
61
20
6
276
703
214
328
115
70
317
1213
516
807
333
77
18
467
512
48
622
558
104
578
344
626
319
1077
141
253
281
546
136
57
354
411
9
175
275
240
408
513
191
158
548
236
40
359
738
3
159
294
110
114
378
459
65
768
197
516
520
455
75
353
747
357
944
379
373
324
17
261
943
397
866
150
167
510
213
301
7
217
605
6
216
269
271
104
29
411
60
740
31
331
293
732
246
591
9
552
557
70
229
150
1088
178
218
381
496
739
622
256
26
83
366
212
689
495
273
4
1811
383
70
736
10
364
324
287
410
334
432
215
1115
190
446
566
133
1131
18
476
199
468
715
444
1263
552
508
333
648
294
217
830
558
286
197
45
224
503
447
102
270
538
381
241
76
213
154
400
10
36
39
53
28
426
285
164
527
215
447
872
367
229
142
268
376
98
129
217
113
817
145
440
405
408
353
1
61
450
247
280
533
498
551
133
225
431
927
385
220
109
430
269
515
377
28
442
159
257
188
939
492
234
1050
355
546
141
233
404
784
599
21
516
413
200
430
822
318
124
355
624
472
362
329
319
813
636
357
692
183
38
428
290
75
757
227
42
325
817
340
244
183
435
243
642
306
1094
1097
458
630
327
343
182
215
664
380
70
19
665
111
195
53
456
379
545
272
152
23
239
341
190
371
281
164
221
196
741
121
341
49
232
220
658
813
63
146
134
204
199
68
304
255
91
175
257
237
337
26
137
66
315
129
74
605
397
71
308
508
152
374
81
381
236
353
1038
634
80
562
498
335
598
606
133
40
290
604
599
51
6
508
86
643
302
17
319
383
631
451
402
273
374
70
179
375
533
103
46
944
272
232
559
398
130
77
430
36
538
18
1009
691
73
663
859
879
99
354
225
144
190
279
297
93
801
117
292
226
339
356
858
349
637
38
181
47
181
909
435
507
366
86
41
71
130
246
293
443
172
73
217
576
430
261
526
535
89
196
528
737
52
389
77
223
341
387
605
441
533
717
204
331
161
416
415
799
303
795
98
575
349
181
806
874
22
520
627
736
231
163
490
629
381
241
710
382
174
91
15
66
434
21
342
51
73
158
322
858
399
290
297
50
107
457
448
978
251
657
25
202
137
492
152
102
23
376
1009
248
616
527
852
83
1122
165
76
720
870
168
238
403
677
278
241
348
40
334
392
171
882
199
477
1106
472
156
396
600
1249
104
444
108
698
15
52
277
400
181
557
521
757
140
74
264
649
993
23
70
406
265
330
464
490
703
161
344
261
50
165
309
470
195
63
61
43
385
334
137
756
1
140
172
436
458
113
372
500
105
250
157
1214
515
1118
1167
429
408
426
149
13
457
95
122
179
120
181
70
128
677
563
513
201
109
36
514
148
244
656
79
253
697
1076
516
10
116
67
181
102
18
328
673
419
936
452
196
441
311
312
108
322
47
242
156
849
394
298
34
23
243
984
847
754
468
388
295
239
660
98
26
378
756
516
86
392
39
401
316
123
818
667
62
620
178
191
1049
879
1534
165
694
218
123
390
56
237
638
481
792
639
147
62
93
77
525
719
33
452
185
647
644
849
291
73
265
122
29
45
418
950
314
479
373
396
690
489
338
249
70
769
271
696
137
81
562
451
67
323
86
871
21
171
995
194
174
597
150
610
131
72
287
500
521
130
742
348
357
263
279
280
238
101
220
1666
848
245
642
20
254
118
445
65
250
284
268
836
80
176
329
522
331
31
327
691
315
336
286
263
667
558
676
81
597
214
137
1038
132
412
629
185
210
579
213
253
606
132
404
1648
416
717
22
582
404
205
492
363
127
458
878
496
508
622
152
563
166
172
169
344
345
318
57
403
257
184
71
473
422
507
228
760
108
554
250
74
379
139
380
1398
798
470
187
3
141
467
516
636
48
823
723
242
190
246
95
159
524
13
300
991
39
473
411
505
454
1258
208
410
202
274
102
340
117
1187
471
354
298
465
46
34
327
136
59
71
504
759
56
72
227
337
470
1167
22
407
145
41
47
535
199
196
623
120
361
261
484
173
366
305
687
564
549
269
75
421
96
457
404
117
635
358
606
408
299
57
730
381
223
33
34
301
411
282
159
358
86
678
216
327
556
349
678
237
374
533
337
338
443
543
255
220
104
580
205
271
605
993
492
392
228
210
210
482
1104
99
76
445
270
1194
511
61
12
533
339
306
187
270
106
85
355
401
597
1497
78
396
111
323
267
192
53
128
112
730
326
1103
155
855
141
394
513
171
621
321
105
1
668
47
25
209
490
44
334
22
83
633
533
23
403
553
828
596
371
323
472
361
34
420
226
421
666
493
128
352
61
14
1111
607
704
741
452
469
69
271
52
241
408
218
159
535
491
454
411
413
533
360
110
46
268
193
232
641
11
72
190
104
451
831
208
1051
337
32
378
22
135
313
700
205
428
474
88
525
737
81
429
182
236
289
463
550
8
377
387
141
593
619
548
639
440
119
799
184
170
837
77
896
92
119
339
119
545
163
220
494
194
544
109
376
410
217
284
625
167
324
58
522
26
496
421
125
327
127
90
118
3
104
512
228
651
257
598
415
196
53
298
71
360
930
180
164
249
506
69
218
1019
183
450
85
617
82
698
287
371
177
167
215
321
274
74
155
198
327
283
212
760
239
766
59
351
228
417
60
697
480
1819
59
96
18
144
522
781
478
3
89
224
122
233
1274
1019
386
489
420
281
944
149
985
4
299
430
90
234
566
117
66
207
471
75
614
796
141
314
17
132
103
602
117
295
98
145
414
27
491
352
761
205
384
36
389
95
445
812
79
448
434
331
610
91
203
570
172
766
268
508
87
5
550
432
17
34
422
378
81
59
202
380
498
44
1000
484
732
730
16
630
411
31
570
590
115
252
128
362
112
562
785
239
342
321
167
656
272
684
580
316
421
377
180
116
531
62
762
25
30
398
517
7
520
101
4
14
491
236
848
3
62
62
677
63
575
790
255
400
515
235
194
161
424
420
30
570
631
206
56
460
762
1003
238
15
168
718
401
363
708
1036
162
540
56
257
406
55
277
328
102
310
266
349
83
382
152
97
313
543
224
24
375
55
342
192
230
79
222
95
235
34
405
841
428
71
57
17
279
109
226
314
27
331
171
755
497
479
250
291
216
722
664
534
68
295
204
135
348
33
554
409
840
693
505
150
147
96
245
798
830
488
43
189
310
711
69
38
55
316
578
731
1459
386
416
28
305
76
162
761
213
71
105
150
447
452
63
775
382
256
242
123
574
502
402
137
55
283
90
236
150
912
135
314
420
529
297
500
466
174
137
200
446
314
167
260
129
118
351
583
320
90
217
882
220
631
575
581
269
564
547
287
237
213
187
963
264
531
406
82
500
203
631
119
136
422
573
363
296
570
634
302
333
34
510
361
712
260
321
816
216
655
20
352
1285
334
327
732
838
737
608
1590
35
1049
254
47
106
87
183
199
331
823
24
189
105
475
146
912
892
513
61
198
213
356
476
177
34
546
409
551
663
336
820
601
744
711
649
7
399
52
317
486
219
73
132
88
332
401
127
100
277
160
273
224
380
218
336
299
117
312
509
33
119
169
239
393
229
1076
471
300
298
350
126
150
336
1049
480
618
255
211
518
219
136
405
787
322
209
280
196
6
53
140
309
466
255
376
260
445
714
369
276
948
226
197
81
180
756
518
430
175
671
192
531
558
222
52
198
831
668
748
224
16
36
322
1256
485
432
303
190
11
400
271
311
202
20
330
690
304
808
940
334
97
688
267
358
731
829
232
127
397
166
245
277
139
543
109
200
593
423
181
344
393
682
416
200
268
476
28
345
506
1045
326
23
364
325
146
211
344
672
575
322
794
659
766
484
290
465
249
444
1017
464
496
727
341
659
299
95
456
544
429
99
1042
450
407
626
293
197
239
285
315
346
642
58
451
177
199
123
395
316
869
108
283
415
83
560
204
383
96
473
188
293
212
274
549
456
242
427
90
592
609
29
493
1096
374
101
266
383
108
568
511
510
459
402
342
368
75
490
353
51
464
191
704
274
430
288
188
889
752
222
319
216
50
285
264
39
414
72
14
149
593
1288
635
191
92
823
822
815
314
536
297
594
681
177
376
178
26
376
325
278
345
113
610
1136
1115
435
321
292
574
11
202
1
345
285
779
299
203
371
142
223
36
560
418
322
276
335
803
1185
382
779
175
26
52
461
181
248
410
440
148
149
83
303
188
348
497
768
45
237
7
639
1225
137
146
426
474
495
122
416
613
482
182
208
665
728
196
478
591
241
508
542
471
569
130
113
517
145
576
374
240
284
591
14
278
190
79
369
892
414
1128
481
508
330
655
3
328
48
179
402
692
920
506
413
372
340
130
95
72
199
517
94
3
82
72
94
366
237
582
522
1119
68
177
81
298
431
107
429
330
83
226
452
271
176
1348
236
235
258
24
425
123
791
309
114
10
732
299
743
581
446
218
118
590
456
152
985
482
68
529
611
223
306
200
429
324
328
617
168
10
499
20
644
62
163
106
254
211
213
51
194
680
294
520
143
288
7
1374
519
533
12
3
307
86
605
843
194
176
84
453
268
788
168
22
645
755
237
698
109
524
536
598
108
214
279
234
514
1246
186
747
180
8
52
330
83
922
1268
364
489
594
117
723
366
532
816
237
136
796
5
84
46
173
3
429
66
101
216
247
201
527
259
381
72
296
301
439
320
40
183
194
105
79
193
73
281
180
225
64
5
98
559
261
606
301
598
562
222
226
580
103
644
55
168
490
393
400
526
202
481
239
351
170
347
516
509
33
634
568
397
67
71
1417
786
914
357
390
487
111
152
110
544
356
734
274
187
27
251
711
43
302
284
266
81
212
555
237
621
567
79
356
1061
661
136
154
436
137
259
1034
106
270
416
388
200
84
266
271
830
948
810
464
564
617
1447
78
639
541
229
600
20
852
56
668
194
201
737
166
632
903
262
564
427
118
445
437
36
772
521
433
128
469
176
662
36
518
466
272
201
28
350
202
146
325
341
32
944
164
514
844
534
404
498
984
593
224
288
227
504
186
195
430
407
172
248
299
69
255
232
456
533
383
76
530
380
335
626
45
559
304
442
633
255
15
679
622
37
332
511
181
89
529
52
228
13
25
35
385
215
932
11
411
519
534
738
814
131
362
264
351
251
182
489
280
103
280
184
599
197
417
1159
415
280
364
98
123
56
273
26
155
1484
310
464
172
100
206
352
309
8
703
754
91
437
123
253
302
214
195
462
428
580
210
566
622
57
70
464
813
66
55
750
418
144
123
464
213
277
709
179
50
346
76
378
111
49
72
29
147
630
247
168
518
23
961
186
100
124
51
392
299
15
125
426
12
494
45
647
230
280
75
208
404
99
381
170
184
315
470
243
541
157
240
565
622
396
97
43
321
164
240
530
198
438
28
266
68
82
326
722
331
389
349
627
400
588
176
223
229
25
177
688
566
59
206
85
68
128
478
680
235
159
81
350
193
545
182
19
440
490
689
456
779
534
20
350
9
253
424
50
547
973
224
212
505
1063
468
357
267
252
488
496
40
94
204
641
79
1304
389
501
832
424
555
172
363
1259
1383
245
384
787
166
323
165
276
56
514
102
61
85
371
758
237
917
87
561
441
338
552
204
353
379
447
1399
454
367
469
488
341
559
41
142
207
31
671
10
556
162
284
277
593
85
85
365
140
248
180
9
346
380
528
177
759
254
27
418
758
11
463
64
360
639
207
641
401
534
541
207
520
424
18
256
213
341
256
142
181
234
380
671
456
283
154
253
771
362
326
468
172
155
537
618
281
1259
234
51
479
255
307
105
145
355
122
312
331
210
379
516
116
273
243
184
335
608
224
3
161
138
388
76
796
280
287
699
72
24
551
836
595
305
131
14
272
219
667
127
108
405
652
468
69
164
576
200
260
547
240
150
267
448
552
247
293
782
385
71
200
298
249
498
402
119
947
255
518
447
619
492
343
373
16
722
288
223
452
284
1006
480
71
415
489
827
559
368
232
427
1283
191
220
309
92
202
662
18
274
1372
1080
574
68
286
314
135
860
104
590
322
934
789
84
192
112
580
693
92
186
26
559
141
743
284
706
30
517
916
367
136
557
453
3
581
62
66
80
271
561
324
66
438
38
727
189
5
349
10
239
390
260
72
336
113
432
219
256
436
292
191
659
585
15
294
186
302
629
569
163
51
748
855
514
242
300
587
372
528
140
870
369
303
472
621
184
463
37
213
158
332
242
181
909
472
66
250
636
12
407
49
809
87
91
97
76
15
991
314
598
573
217
124
643
526
47
208
434
424
80
477
14
703
13
699
1155
441
346
311
298
56
447
284
573
17
9
361
456
59
702
678
394
318
639
72
98
310
1
172
482
316
647
128
374
156
262
597
167
453
30
396
664
146
205
78
419
199
377
297
77
207
187
146
81
135
173
542
768
54
57
538
471
548
90
1532
88
946
398
105
841
359
58
800
348
452
1056
194
543
999
266
19
154
92
12
30
623
350
414
511
201
140
394
187
673
44
293
403
104
382
67
385
854
164
593
788
621
532
372
43
94
99
203
409
326
390
583
125
296
425
603
131
244
229
150
862
610
106
192
90
698
348
445
458
507
1392
530
90
522
612
145
197
28
680
238
33
423
484
485
302
231
386
185
597
617
851
242
220
523
75
149
413
528
337
567
179
388
356
178
490
79
47
147
307
42
306
552
148
31
451
354
52
411
833
322
767
331
108
440
373
203
400
391
303
477
609
539
327
624
85
448
21
445
376
213
68
276
834
568
709
634
529
186
371
666
153
48
319
59
750
461
223
432
889
170
618
669
137
202
184
936
455
734
740
589
260
15
22
256
135
551
187
110
124
129
91
725
199
861
217
130
325
589
615
458
55
353
176
983
666
237
116
200
241
107
595
440
131
244
409
254
244
460
1
114
283
492
328
506
78
321
186
877
293
301
364
21
572
511
167
838
43
165
9
449
868
639
362
126
409
175
24
432
735
112
473
258
330
494
172
654
150
478
173
229
184
670
676
547
557
416
150
529
1032
326
563
73
348
934
253
269
466
369
353
413
496
472
80
259
519
471
67
124
169
146
259
375
293
179
644
130
645
108
838
443
241
843
280
11
686
858
3
408
46
49
223
196
324
414
801
280
228
183
190
122
589
358
327
20
330
540
96
258
464
124
335
508
347
237
391
390
269
275
161
232
798
608
524
341
230
426
366
148
483
99
547
447
364
72
186
374
12
127
918
186
72
77
383
278
126
487
300
164
561
72
256
171
545
185
306
491
308
963
287
144
123
835
108
312
341
185
414
617
244
364
223
643
64
220
188
429
1022
273
163
813
327
784
207
248
355
4
458
463
351
319
949
391
45
594
293
783
946
327
132
322
176
26
246
60
132
646
515
117
208
242
222
983
252
161
213
79
191
224
704
181
492
408
459
138
345
355
921
1136
52
559
6
525
577
261
133
41
573
14
883
689
245
362
129
203
686
826
260
57
57
89
602
458
331
340
894
167
471
36
335
1064
199
70
677
487
504
180
422
143
1021
120
322
513
524
76
38
66
8
93
297
165
511
21
986
272
509
181
104
368
76
982
115
623
565
263
112
35
420
297
215
285
28
326
514
647
855
316
273
651
56
247
346
75
415
230
121
89
733
612
323
220
299
518
190
246
174
277
132
530
626
667
551
636
617
15
136
34
440
172
535
593
65
780
428
342
103
489
723
36
698
16
38
7
476
246
512
143
338
377
444
22
146
822
108
555
490
266
583
287
371
88
50
105
528
94
235
180
51
3
1368
88
296
134
133
54
279
225
157
589
534
3
379
1051
92
572
71
347
321
135
398
769
1063
197
688
828
912
1153
12
101
337
187
346
878
744
817
1
104
157
1106
332
150
36
628
427
272
521
353
432
277
198
505
428
526
485
18
427
829
242
527
605
58
854
304
258
685
166
387
242
823
47
397
201
44
264
662
975
370
377
759
375
451
314
378
73
251
835
92
407
393
191
275
893
1119
650
232
456
495
80
47
78
139
179
836
528
514
119
253
536
63
1215
143
456
439
318
24
641
497
742
1447
96
499
180
602
342
79
94
171
315
871
342
504
271
124
46
191
393
180
518
155
76
220
142
123
289
193
452
153
293
259
147
84
499
208
301
31
521
445
110
67
72
114
314
954
727
338
12
115
831
407
548
301
512
141
237
323
428
419
434
42
719
361
85
416
168
256
46
12
439
1
791
289
100
302
402
211
281
35
136
264
317
358
665
67
419
286
163
42
559
263
293
266
100
1169
288
320
600
30
559
746
473
395
113
337
33
76
313
281
109
10
539
494
335
135
764
90
291
295
144
71
351
264
714
42
343
44
391
238
572
444
358
913
531
548
171
851
185
302
418
143
607
172
655
248
153
142
303
57
65
127
163
919
576
58
517
35
452
290
231
328
179
415
373
414
562
54
284
213
422
339
310
61
113
390
259
392
63
484
150
376
48
110
322
916
996
303
337
91
48
804
111
125
117
473
101
42
646
144
118
293
152
176
86
533
307
677
441
641
391
281
334
543
258
99
485
597
527
36
120
428
58
413
278
145
335
366
133
496
123
214
1074
319
122
671
637
7
479
271
65
31
238
207
134
326
14
702
16
222
318
282
394
293
10
614
228
554
10
124
290
259
400
499
4
417
278
380
117
259
9
576
119
187
58
79
696
183
646
971
666
293
233
42
5
167
318
271
562
412
313
61
5
276
81
361
435
453
1299
816
421
339
57
120
1010
395
190
697
371
484
281
432
474
597
388
1140
120
78
343
37
265
47
1075
79
299
720
323
326
168
39
652
525
19
126
8
169
1523
421
825
269
582
152
148
352
679
9
18
147
798
116
342
56
596
487
63
588
117
479
393
346
161
51
737
643
255
295
502
304
41
369
238
736
113
532
300
423
161
439
311
194
571
507
259
100
285
116
131
743
623
400
495
235
534
205
254
544
40
295
270
173
217
3
676
147
436
354
217
308
258
245
337
724
97
213
492
10
1412
43
6
637
162
532
755
392
600
178
286
338
108
368
132
143
678
107
61
258
1064
300
138
472
220
368
271
22
916
757
435
370
68
144
455
198
65
29
770
673
561
314
896
760
1093
302
925
118
654
409
130
20
174
585
173
141
484
202
254
525
611
234
228
736
290
120
650
647
529
493
198
288
372
620
363
248
465
241
670
353
73
170
710
7
232
327
61
337
254
698
274
495
195
508
8
15
350
481
483
359
222
59
360
361
270
504
371
324
363
71
220
475
459
58
583
337
283
317
133
210
399
107
403
164
662
567
303
100
539
766
331
252
1459
232
33
125
279
348
10
389
45
417
109
559
112
824
395
301
640
279
180
3
548
679
372
53
261
315
283
95
521
187
455
516
121
969
151
546
679
11
699
568
540
704
81
168
106
455
16
487
379
521
334
539
153
102
249
226
359
146
182
70
52
367
6
170
1201
574
418
911
237
492
65
230
48
568
106
391
310
726
724
401
39
520
525
208
446
48
20
177
226
280
744
633
228
206
137
303
266
197
526
175
45
436
308
372
26
120
269
471
138
724
292
293
137
174
75
210
31
315
303
671
558
81
813
351
784
640
409
256
64
63
50
547
354
775
282
324
240
118
164
383
583
1095
777
462
350
236
1051
446
93
185
128
100
407
37
255
590
322
85
44
541
470
762
379
371
162
556
126
82
555
37
474
313
15
233
490
386
135
37
84
456
600
347
707
298
467
155
25
832
295
147
84
43
60
406
103
944
213
169
389
215
138
341
143
530
454
411
676
271
136
321
813
204
243
86
331
39
309
468
338
429
278
92
59
89
357
317
243
108
428
30
291
328
196
67
361
444
308
192
846
20
591
420
246
199
212
714
119
643
295
454
286
448
215
92
348
175
95
54
357
968
678
1255
337
97
294
408
265
261
334
701
99
284
500
568
106
5
660
434
251
381
1063
628
399
364
266
171
848
144
713
89
100
549
53
46
387
880
90
176
359
77
1107
436
430
660
349
610
205
1190
338
553
27
125
132
103
261
572
232
437
491
670
763
357
310
212
665
375
119
87
220
609
3
53
143
212
277
638
87
346
341
406
627
966
572
987
1154
