real_Parameters :  plgndr 	 failrate:  25	 Fm:  2301.3636	 且最后的Fart/Frt:  0.8469018048000001		   Time :  734.7222

45
125
752
1271
310
363
74
1897
183
447
198
1400
1357
109
2853
513
193
1720
702
117
3099
3160
420
752
271
3268
133
1415
2649
110
538
1927
362
1691
2702
104
4277
724
307
3228
1894
1286
3105
3757
1951
547
2837
2944
731
2237
5915
2666
243
4424
2243
59
2022
2928
527
5317
617
5863
1175
3626
2371
267
408
85
2313
1618
408
4485
2518
973
4340
165
4562
2437
2699
732
312
5057
3365
2767
579
160
1369
5453
336
570
4919
2798
124
5424
204
5372
440
108
1895
775
677
383
67
5
744
6797
3576
4062
2464
4636
6123
1681
3299
3631
4726
2644
2790
4980
6010
12
86
22
1349
2815
2443
1935
462
1165
4554
1064
161
897
3
5090
3236
1133
3115
322
2354
180
982
4113
648
98
1590
661
4574
7390
948
2181
9491
1047
1721
2296
663
60
1394
1933
363
778
1177
2533
2053
2402
46
1041
3354
3589
381
672
339
2679
4699
1078
983
6689
341
3301
5181
4053
439
3232
8463
606
1782
2012
2887
594
186
2131
3850
312
6266
2762
5658
13
5516
215
681
3947
3305
7694
5677
1038
179
2723
2154
8114
4399
246
3503
2932
733
2632
499
2488
450
772
69
2525
249
110
6491
1076
341
64
1441
2754
451
2255
737
4194
138
1855
4403
3307
740
3126
2950
3426
2440
38
3186
4461
328
7614
2598
66
9113
3339
4749
3047
5326
5060
3548
1449
3631
357
2694
153
5630
544
7828
7
1
2081
5195
2853
4313
2678
448
2601
179
2415
1600
3216
2859
561
1727
556
473
2500
95
1562
250
2606
1591
319
960
3523
2495
477
5706
2699
348
3225
1252
73
5706
1244
758
239
2234
350
1446
2706
655
4
1354
3163
158
100
492
417
88
161
75
15
1418
780
2350
919
4622
1706
1004
1690
139
2115
203
107
1412
2808
225
988
1021
1183
102
8105
2040
2392
980
830
58
595
2670
4330
837
86
1249
321
144
6572
6206
732
6063
285
121
5076
11620
3921
3746
3741
2867
2381
134
3917
4573
1168
2577
10457
2554
75
5927
503
810
144
452
7311
3432
3906
837
5724
458
3980
3437
2700
83
3642
3095
3942
35
1760
5220
717
1052
3421
5179
2268
131
496
2973
793
519
699
2376
818
161
50
519
6070
979
204
2995
6879
1297
504
1240
5509
199
3614
7284
1826
129
186
589
97
3685
1
3523
1228
1826
264
1446
2202
3667
366
131
61
3387
5232
811
131
5527
198
1799
1660
8492
3161
753
90
1691
2845
576
3364
2869
3806
8416
4829
2304
378
657
724
9260
4320
3221
1766
3168
2466
3362
2673
4782
5224
4396
579
4482
1352
875
2569
3860
73
4116
1581
191
3184
2892
3278
299
2640
2873
1489
2286
191
3947
3764
3239
180
2429
2570
68
6028
1344
539
2749
2309
2476
44
3668
2536
6544
3660
2954
5040
5513
4243
2352
1336
1295
3774
4046
3366
2278
1159
4675
3038
4710
5987
435
54
554
424
1762
4310
247
39
986
5610
2990
2820
1470
1387
621
273
3248
7
180
3233
3391
5789
77
119
3993
732
5412
5096
3310
2387
2981
3084
493
5604
125
934
711
6699
3390
219
99
1164
3725
2886
2335
6825
163
1850
2670
4347
3842
494
2628
151
5954
183
6499
942
1706
2683
1245
4484
3506
2213
1460
147
28
3754
2504
2112
3953
702
1807
1107
4907
2946
2692
5268
468
5111
1092
3131
7298
157
10106
7458
468
4607
204
3656
2284
3117
4255
9673
176
3341
3250
106
75
631
3020
6886
57
849
4029
1880
419
6246
6972
3467
2548
196
2803
2951
1735
236
303
1045
2438
4692
322
847
642
702
3132
666
5291
7020
3627
7961
2400
2019
2308
3412
320
446
3307
790
1803
134
5185
88
3673
113
1885
1176
1913
214
4398
4601
1590
419
143
186
4718
145
1656
2478
5247
3625
3348
2613
4613
3989
323
12407
4169
36
3373
3742
36
5282
2980
52
5804
6214
3373
2566
1532
4382
2306
3377
2299
5795
2333
122
8227
5214
4863
1167
2734
698
7055
669
1219
2864
645
902
2316
52
2600
1177
4524
128
3482
5653
1393
658
769
1247
100
2502
1056
4057
2761
4990
6923
3183
33
4958
2758
5385
594
3001
3569
821
4020
839
3313
1266
837
4987
3918
2727
612
2634
2533
3418
64
1441
3397
8351
14
1571
585
6
3098
1618
120
1797
338
2467
2390
274
800
3531
4869
1594
2916
826
2419
4009
96
1711
50
160
1145
148
22
1962
19
715
5629
290
4453
556
4255
827
7161
341
987
4345
3147
662
207
2569
3023
3038
2563
1507
555
4608
2438
2197
165
5527
8895
1194
86
625
1388
1980
3165
2898
4137
2245
1529
668
536
4422
2145
213
744
117
2951
2157
934
5194
6733
5427
2988
3554
526
1614
242
2491
2759
2583
4712
3647
120
2749
4600
393
4256
98
3882
3028
1726
4882
5433
3266
5795
3298
786
4175
6685
3136
1946
490
3470
19
42
1021
1340
8564
688
426
2195
4003
30
2180
105
2806
1139
3432
4162
5131
4176
2433
4667
1680
2919
574
101
1181
1729
2559
2100
5036
1572
863
3694
2681
5458
3059
212
2690
2473
2449
5
1054
3889
59
4893
111
83
6076
1195
82
679
479
885
4301
2594
1061
338
1461
18
1863
973
3419
870
577
555
2258
2204
3220
2485
3039
4249
435
798
717
3223
2102
2210
1958
1024
158
4617
6708
221
964
2485
5641
71
2961
1899
4554
700
87
1319
2342
10512
2569
485
2920
1188
6716
353
886
2163
4559
1775
1670
183
3647
2417
4211
4704
3281
4443
1648
319
28
6239
1698
3538
1009
1329
1258
2913
8
5018
449
4300
187
3728
3139
238
2358
144
173
207
2599
7700
2628
544
3571
6886
1112
69
3489
215
1937
2486
3976
775
3308
4043
1655
4543
1865
5127
5692
175
3198
1929
2594
982
1140
984
2110
1624
3576
3286
3827
5017
92
5032
2528
2861
6325
3163
2580
104
75
2340
491
594
47
582
1822
3286
3100
1265
5269
4931
1113
3798
6162
148
5110
3237
4866
1284
7516
3144
2573
3018
5257
2877
785
89
717
1108
229
161
315
3944
60
270
328
198
784
1023
1915
94
2820
1834
4756
525
2282
3818
1548
2562
1913
46
6419
3895
348
3093
243
3800
2574
4603
454
2560
4308
3053
312
3812
641
5067
4080
4358
849
2369
950
522
626
193
4466
3437
654
1533
396
1839
252
1653
246
3046
733
497
5721
6451
2552
1925
4193
163
4484
2661
664
3120
3189
58
7587
1891
99
659
485
375
5772
37
309
1508
2535
3232
1584
884
2625
630
5573
301
4099
1927
1279
280
528
627
3788
5500
962
123
4284
308
3193
2463
1981
162
58
3060
1819
4532
1644
1553
2437
4893
3479
566
3410
5524
7427
382
3516
2374
3240
36
1551
10267
1481
69
1458
4222
177
2115
1125
731
7407
871
3399
3483
6196
7110
1112
975
2968
812
433
912
2667
360
2177
298
485
939
2495
478
42
2976
9683
1720
3122
608
105
78
3903
3
13
192
2671
1776
4473
30
122
135
747
9469
4427
4894
4069
2400
3050
4133
71
454
3775
871
7356
536
888
483
6430
470
3205
67
6015
3452
111
7117
3578
2281
5442
94
224
1608
113
3032
943
116
1417
1012
5590
4844
310
3580
6
23
631
4550
64
419
94
2047
1835
3748
2700
613
102
486
3489
501
1979
4677
3185
745
441
2309
506
3934
5328
4806
2250
2017
243
3162
4639
795
5083
1463
1840
4126
1449
7537
5383
3342
1792
875
378
91
7594
1276
3766
440
153
368
3027
27
1405
95
82
2600
137
64
4608
4292
932
1344
1776
565
210
3363
8881
4249
1094
364
2303
1385
6838
3025
2751
1506
2192
1510
47
3719
1523
2736
795
1438
3243
59
1852
138
1030
3448
3827
685
2708
1066
2419
3459
2958
1370
1070
1981
4326
523
812
5961
285
2825
244
909
975
803
255
6458
3984
120
840
1940
2172
416
352
868
1703
5249
128
2906
360
116
2542
1251
2754
127
5671
126
5704
7112
596
9
2555
650
23
1407
588
2443
4253
2712
170
650
41
2752
1593
3993
3807
319
304
9132
5699
3459
1058
2824
174
3546
1714
220
4465
534
97
752
352
440
425
4100
610
1495
244
2806
83
1031
334
2947
225
86
136
824
152
285
2633
455
3317
4621
7777
533
4981
504
3247
3014
329
4874
1181
2866
140
3118
1786
4427
583
1162
190
1027
2550
6457
4172
2269
3558
4912
7845
5317
116
2045
2997
651
5535
147
3222
6567
3526
5090
6126
4221
6639
4188
1220
1177
151
2577
2035
475
4431
2147
227
1767
179
5084
135
2285
988
471
134
4352
5775
4678
72
4940
22
145
3204
341
60
1674
1487
1415
1961
1621
1392
159
1004
772
59
27
458
2889
3675
5267
3772
1637
2860
5236
501
8251
6017
2929
85
687
184
2972
2300
6856
158
632
2880
336
1870
405
3168
942
2874
152
1614
5104
6671
1030
259
416
24
4181
482
5850
1398
211
196
623
3274
4301
318
5080
1155
7762
1420
173
2328
3085
866
5325
93
778
3436
5005
74
842
2815
6241
2710
401
3863
4963
956
254
411
50
130
554
4796
50
1065
2837
593
4512
1542
1196
3247
6158
1523
1142
10
116
2398
3607
478
797
95
2554
3317
2368
128
606
2230
3502
510
5092
52
82
3268
88
1599
906
92
1881
176
3839
175
58
1040
173
291
544
1532
263
2474
503
738
2710
1711
132
375
3075
5812
731
1854
3412
597
1753
1860
2568
6186
485
4034
6008
1331
687
2696
2796
1302
5961
2355
1448
3611
1790
3370
43
75
2796
5801
1791
2421
828
5499
184
3414
181
6131
2262
1016
4721
1080
139
3003
410
2154
4014
2338
2593
35
2129
3402
1232
2094
6386
1
2423
2068
1126
673
414
429
167
249
949
369
119
3937
2538
3052
297
3450
247
4846
81
5619
471
201
1760
392
519
1140
3982
71
179
1219
260
5439
3005
480
1377
57
2784
911
1863
211
3078
1492
2243
227
530
1592
2321
17
1094
2469
423
2838
31
106
4481
770
3550
252
3640
4797
4417
903
663
2561
5599
3718
1154
1476
112
540
5646
7357
2408
1047
476
513
130
6799
197
2245
56
7035
1155
1450
568
6665
710
2788
109
3060
2180
247
4446
2116
850
1196
159
11
1595
2123
3704
177
1966
271
6609
130
267
502
766
2406
4654
2714
1448
7277
6735
1235
1011
1286
4102
2220
5214
3511
412
3445
205
101
1530
5210
8278
827
303
306
1103
3126
11
8610
317
876
804
2248
414
4100
1410
3930
8475
3476
68
1724
334
2099
3638
2480
733
945
1997
3816
1092
5989
1103
1059
4957
13159
1165
5025
3963
2899
1975
3459
3857
3858
4349
91
332
1079
318
1617
551
1267
615
130
34
677
1048
5074
99
5867
6268
1791
1226
7721
1705
4575
3363
1448
2457
123
3771
278
5562
3313
4647
655
2256
4039
407
3048
4081
55
660
1220
5322
2472
1012
2860
70
4030
82
2912
8763
1330
7729
4104
1002
4595
384
6074
394
1743
1947
3182
5420
2204
1504
1493
3109
16
2092
4300
6079
5161
2665
3279
1352
1367
2936
4875
2597
1739
4937
68
1813
394
2660
6101
5899
371
639
5025
483
32
928
4067
5438
3874
3602
5719
4318
4255
1714
2508
2042
329
273
1548
1268
540
3543
2038
144
513
3197
74
1400
1875
39
2157
10479
1046
3585
1671
1773
882
298
1162
2974
4808
3649
756
4483
12
117
9134
3275
1413
3874
1617
392
2653
3144
944
5033
123
1792
1340
2752
2025
8786
2579
723
683
6173
5315
1297
1659
1099
3345
3215
4207
28
148
7527
86
2134
319
207
1340
3049
7884
2452
1613
1388
936
57
4081
565
3326
1878
1619
219
1775
157
4086
388
4045
1719
6492
4799
1786
10
4477
112
202
691
1986
1456
1844
3257
4362
4961
83
105
62
6395
71
437
1536
5599
6989
4957
2038
1172
470
1238
1468
372
790
6269
4440
5487
1883
6399
4709
291
819
77
5886
1920
1087
173
96
3981
1265
2244
474
2852
19
191
1497
3163
6026
4487
280
1028
4413
2308
182
2086
125
1976
330
250
2798
1156
564
132
2992
753
1911
536
5207
449
6087
2207
184
2055
7325
4016
1695
3691
2280
1076
1598
187
1355
1057
2724
4556
1710
292
1131
3789
67
63
3896
914
2092
393
95
111
4649
334
2945
4222
1662
1995
7274
965
1942
5562
1921
3549
1253
2129
248
424
1653
2125
1822
5179
2911
1792
2269
5
4349
3518
4316
3151
1448
25
3637
1618
37
5203
255
700
267
308
183
1213
508
2856
835
822
4256
4730
4315
5549
109
104
2708
2339
301
2388
1300
4766
4032
5052
6265
3351
1248
15
1455
185
1886
595
1611
1829
4203
3283
7888
5763
5044
1324
159
4129
1985
591
440
57
1038
180
3033
3831
5095
310
1182
344
3560
463
2
1005
5497
44
1153
4038
1776
4890
2579
141
3201
4756
1173
28
3972
676
4541
4
7116
387
351
1623
2706
158
4326
2684
4645
2908
1110
829
220
838
1050
718
1413
5166
3228
3539
2865
1104
868
4861
648
5069
4520
6235
2665
842
2079
5122
3093
595
1437
3963
196
182
3943
517
4831
2617
882
1811
2955
3171
2344
174
275
2050
827
261
951
234
5549
1291
30
2599
459
3026
301
4484
3858
1151
1115
62
1299
4032
2579
173
50
3844
2012
250
723
4067
303
1767
1018
2739
125
3426
73
5870
2132
1916
2681
2098
769
556
711
2305
104
106
5403
5214
1074
7935
4912
5248
2656
2009
246
2761
7680
1896
127
3095
2654
116
2071
840
5631
2744
490
184
62
599
5876
4268
109
6260
2839
3041
604
174
470
57
1167
45
5377
4095
2985
3417
2104
5068
660
26
829
2779
4679
40
1710
418
2652
3644
2140
447
1415
3393
5737
5416
2378
4295
3436
838
2124
191
884
1690
4657
3829
384
442
109
2045
79
258
2627
1119
234
6396
78
4159
3296
754
2479
4421
5356
554
3326
2794
1162
1827
4154
475
8985
4061
415
145
2774
39
6839
2159
6508
1533
806
2862
20
2581
361
4506
17
6282
195
4275
1929
693
592
112
1931
2502
118
5569
8579
7535
465
475
468
420
929
296
2275
4318
994
4432
1126
1243
1567
475
2953
565
4647
4489
20
3441
1949
2756
266
1218
65
11774
5816
4394
2174
868
311
3584
6099
1979
1031
3850
450
1400
607
8338
4152
2750
625
298
6352
6765
1439
135
2876
2550
530
3010
725
751
1361
1675
3423
1824
259
104
966
3241
416
5613
84
8135
4789
6476
1185
777
1672
3909
4926
5879
5388
3662
711
912
2416
1418
1396
936
3903
1388
3590
560
4914
114
6146
161
328
488
1083
1968
1436
3943
17
175
5362
2436
1952
3188
998
6272
6838
1300
324
109
6869
1149
869
206
9066
446
3827
1414
85
2215
1620
5419
2340
1328
1531
6363
236
110
372
2998
360
4266
2875
2967
4688
7615
5909
1595
4552
39
201
3557
1188
2985
2913
4905
5292
1215
3643
2007
4629
71
3472
3543
349
6519
5158
6757
10
2542
1134
2350
4296
4233
89
3251
2884
3515
3191
1330
32
2824
578
3453
479
220
8174
4022
597
142
1315
984
526
4585
323
3381
151
2374
1242
104
713
926
484
1119
232
5301
293
364
9028
143
2716
1531
4858
883
3275
1788
2101
7039
92
2904
3049
6094
863
2639
3292
89
124
2270
1648
3929
2220
3783
1945
5567
3135
4397
831
5603
3002
2482
76
489
4894
1686
47
3143
3330
2893
2724
55
32
1224
439
184
401
3775
10
4257
4818
257
2589
1496
1470
2808
4447
2360
5169
2770
3577
912
3815
4184
4680
787
186
5418
1245
2788
132
817
231
1898
4078
4883
4802
59
524
2324
8172
702
445
2196
1456
3613
367
6643
3482
3033
3999
5978
165
3950
1359
569
492
6092
253
2404
2799
2222
1423
405
2169
996
246
926
2690
1029
2064
6618
1861
407
2428
6200
1970
6881
3502
788
595
576
2029
5523
8605
1121
3450
980
4557
1653
4625
1404
2103
2987
319
2806
11298
2523
980
401
2714
2055
1938
4314
4434
1723
2901
1166
3508
17
2779
6077
1919
516
2055
215
90
563
6233
97
354
982
1575
8948
222
2778
3187
3368
3442
2585
2985
2887
353
1070
6129
91
2803
160
2737
320
797
1015
3399
292
3095
7466
504
285
744
3101
887
3126
585
3403
5937
888
619
2727
1046
222
8
6590
2706
314
1755
113
1920
3939
98
883
8955
3231
4514
478
4731
229
355
1774
9
180
2049
25
1273
970
2203
1567
570
757
1799
547
3941
93
4426
3085
3906
819
2968
1485
421
93
4464
1527
1566
3137
3213
847
292
205
6043
120
1327
1342
1791
1998
6039
748
4355
1106
650
1393
655
71
171
5098
3779
4824
258
8998
127
3467
154
909
4767
87
352
642
9
1435
200
2015
1801
1027
1572
1856
5352
141
2080
304
2379
5375
46
3327
3402
989
5
3221
1309
5
2810
5741
1990
360
429
201
2153
2856
704
5152
966
3836
1129
2935
32
10
3450
2363
4350
4899
129
1104
50
1078
2909
1387
3351
6219
4681
2602
6914
820
5431
3922
586
5098
3232
1050
1868
3755
3724
86
281
6107
1740
3452
98
1099
4530
3488
1096
342
484
1951
35
2107
3319
3994
1735
3321
561
4186
4772
6045
1373
320
3923
180
884
4856
3769
1017
1089
7565
3097
96
3462
5251
1856
5085
2589
2437
474
718
5608
17
1140
1178
5621
5111
3972
561
1768
12
2996
2420
1750
81
3392
575
2239
1281
142
59
18
6593
2793
3398
12577
3048
39
717
382
1012
3681
1373
594
2727
3458
3123
400
37
779
4164
2733
1483
270
855
452
147
1173
3679
176
7395
4445
2001
2587
876
5907
8
3923
4295
239
2784
1059
851
466
2408
669
1582
4214
580
1082
1050
178
2311
594
6519
1785
1117
121
72
4302
459
156
449
3465
377
2812
2717
1364
2650
17
293
240
4079
557
590
3131
4831
5546
3433
1967
3607
1066
795
4139
731
2917
4076
658
652
721
3031
3924
11
3129
2640
952
152
1706
4981
4064
1968
290
978
1683
126
673
553
5418
2298
2374
138
2717
4870
1766
288
1450
3076
1203
1368
3876
3753
2730
79
6469
1703
2291
920
808
2574
3771
561
4607
135
3167
1907
219
2047
870
2374
4144
124
757
2976
3046
3554
90
5088
2553
4224
1647
1534
838
20
1510
8762
2570
221
876
3919
937
1611
708
2512
51
5682
970
1723
971
1763
340
144
121
5249
4545
3171
4139
1909
4521
1717
2923
221
434
6449
5255
8710
767
738
149
1710
729
1307
592
170
626
767
375
294
2675
216
3949
420
97
201
4194
3900
267
1589
1748
169
580
385
4042
473
498
134
152
6406
3623
872
3301
1906
6628
4479
5286
54
71
199
1029
78
3699
328
7803
4063
1711
349
1508
379
1106
605
3732
3960
5015
2466
705
1371
91
9899
379
433
1061
2367
2360
293
1306
630
2747
4670
99
4225
5694
785
145
38
194
957
3388
201
5076
1241
2927
2572
3448
5237
285
60
2056
2738
2352
2737
1746
5455
645
3012
5117
89
2855
1355
3270
1296
352
5134
3578
223
4775
68
3862
5370
4055
634
1803
780
4892
5138
3680
1052
194
2775
4618
5653
6394
837
1619
2855
385
16
864
6561
134
391
19
1262
1659
85
1637
1326
4690
2684
749
392
1080
4327
482
134
1887
437
2171
114
2230
3710
2796
860
1472
2023
6309
1252
1487
5023
3772
59
6299
2083
7064
5821
184
2013
2050
2398
4114
5856
3508
2023
2352
2723
2683
2093
3040
797
295
2403
312
4480
2972
4188
3380
2392
758
1448
383
1325
5427
1279
85
266
147
4691
310
206
832
935
690
5122
3087
811
1209
135
5586
2702
1569
148
3112
1713
4598
7154
79
4443
410
3143
830
719
4583
4211
215
644
10689
2187
2476
3035
2931
207
2697
3657
1246
3643
288
4244
2447
7233
495
180
1610
5255
554
1204
605
1437
1857
947
3256
637
196
759
851
8275
5136
50
3179
114
228
6142
1575
71
150
563
132
4453
4554
6404
1783
5142
232
101
6910
38
4255
4000
5968
2733
6641
3139
96
339
976
5295
1
219
1986
3835
3946
2535
527
3060
4723
2143
2053
54
2335
175
731
715
175
4820
4329
2753
973
3033
1226
1565
4
1719
365
3366
619
238
4755
364
3066
1082
2974
5987
667
3520
554
2497
7660
2342
3362
1970
7183
2758
2482
666
1769
2599
3465
8
2856
6411
4442
377
188
1442
39
1097
1339
5889
1728
150
7332
378
2337
3714
618
5457
3082
1905
2192
3724
28
6583
151
3230
3839
1685
223
3623
248
349
3961
2193
121
2100
918
4929
1075
3369
3152
1416
977
3970
751
1522
322
907
98
115
4618
1480
392
103
2178
3873
3239
921
87
3609
243
651
6153
157
3407
1869
68
3397
5824
4492
834
6040
3068
1149
920
580
43
78
152
1463
811
3230
1315
1733
2367
946
1126
1462
325
5480
2405
1896
3928
4896
2980
1475
139
1960
3951
1782
335
136
460
3063
26
647
4163
109
1930
21
769
1227
3290
3130
3921
152
4582
2854
2857
3423
14
1982
1278
3143
2355
2808
127
3098
703
967
1263
396
829
4323
3182
397
2369
7497
3293
5647
1703
763
2605
823
495
4160
394
1972
3163
1302
1583
2364
4048
75
1293
2101
1728
1720
5
2989
2894
3381
1336
5732
2006
176
4719
3160
9221
1530
1015
3236
11755
4261
122
1461
308
225
2704
166
1431
2348
4157
789
4882
2370
844
3395
1272
391
5245
1008
3322
438
1995
1587
3304
359
2825
3391
287
775
7564
3653
3895
3909
2911
1881
4660
763
3718
5331
2291
621
490
7155
4815
382
3992
872
1574
1575
952
5170
4636
8066
44
1620
1238
7268
3847
203
186
6691
7073
3565
281
1423
1602
2010
603
2050
3717
1446
3213
2149
4109
6512
2131
38
2482
9092
2369
133
686
3133
3012
2337
3203
105
63
1935
2378
1784
222
2465
5248
2459
2870
308
2528
2163
3640
7612
426
132
322
2532
45
793
5564
11
5624
4511
401
12
75
3603
3164
2148
9069
21
2092
618
1781
1466
1020
5413
127
123
40
345
3076
257
2613
83
1487
2701
3821
8169
670
698
415
8724
788
1445
2207
4410
8199
1581
5269
5078
3311
555
2703
362
1237
4821
4301
117
4877
231
49
5808
3237
295
51
3769
3320
3029
2219
756
850
1013
323
6316
3126
1422
487
344
155
3081
668
409
2550
2008
2193
2209
9396
101
6
3534
2687
228
3859
4018
1896
3626
6941
2915
1556
1562
1917
36
3505
509
161
3825
544
271
1070
1758
707
292
1429
3604
1737
4604
2855
137
2886
307
4650
522
761
3030
2802
327
10761
470
4085
152
1083
419
6
3854
2553
4087
4823
3561
8
3751
6916
3164
3764
3817
4240
2263
2425
3621
4833
963
3548
2812
772
3865
402
2001
2436
2616
3078
4804
572
571
4244
4924
599
6281
1039
378
1209
1319
471
3612
8507
3807
779
15
537
3240
5253
1987
298
4285
303
4775
1510
181
1831
100
3985
312
9
5120
7786
839
8788
1357
5381
3555
798
6529
595
3316
283
2847
367
1680
1212
6015
7869
1176
910
5285
2790
705
3
316
1966
3687
3825
2651
4268
719
2148
3793
5950
1607
1683
5242
4318
78
1129
131
4618
1959
134
1209
93
3673
701
6210
98
1614
7897
1770
1083
2382
188
4189
1114
3226
3218
1758
4072
1918
241
417
3958
97
3588
94
25
5215
2176
231
533
3115
426
993
5246
552
12
2763
90
486
5972
79
6208
862
991
3405
112
7331
3428
449
871
686
9670
2702
2038
525
419
5034
2625
811
1010
2931
3911
36
603
994
3608
2037
597
1751
2496
2982
2809
1829
191
6791
358
2314
1296
2651
4532
520
833
5487
1728
798
453
341
6630
5459
5670
2428
48
5996
136
3920
1460
1164
5541
4761
2166
1976
3867
3619
1186
3341
79
3070
8581
888
5210
20
3277
2743
417
3487
693
1012
5983
1345
4582
2500
1884
1887
586
3505
1630
1602
617
3732
2340
656
3556
91
97
3121
188
7191
5164
2246
842
1812
3275
20
3951
1374
3234
210
82
6328
245
3181
551
3099
4186
281
547
2827
711
1221
120
928
4106
4096
572
7193
959
2961
5172
81
1448
270
4023
1485
379
80
1287
2333
1866
98
9723
661
53
4391
2470
593
547
4166
170
213
3939
1290
1684
2716
2317
3492
141
3106
130
5068
203
5865
176
845
1308
4904
4337
40
1864
6
4201
4268
2555
327
8258
477
2972
1499
1466
5183
2305
5180
1068
463
159
3541
2401
1451
726
3585
6281
1760
592
304
2804
338
1939
1566
9340
1508
7644
1649
70
136
191
3231
397
6538
4447
661
336
701
1799
2648
3230
107
95
717
249
1787
1737
1649
2173
1397
4853
461
3278
4921
342
1564
933
1905
2603
4
3140
2841
1805
2116
310
1401
769
825
5005
9173
110
6032
91
76
1164
3463
349
678
5537
2855
2008
5977
1955
784
3890
415
2313
239
2668
3003
6045
2067
2312
1243
3397
3140
1507
3985
3080
10912
124
6735
2699
4776
2504
1266
2158
1323
2756
2230
1164
379
5482
2545
4957
2207
921
192
1038
3746
580
2634
284
504
5211
2911
267
796
3632
514
2278
2438
3701
661
1427
786
2400
5035
1974
4040
4246
2871
7501
4587
176
1712
119
7280
1640
2648
768
160
554
4725
6461
219
1584
2200
5299
2598
134
3072
946
6511
4172
10
674
91
1139
4976
3512
6127
6753
4053
1725
2562
3190
4179
434
3513
1568
1180
2159
4151
276
142
577
331
132
34
3032
4120
276
1243
3811
511
3624
970
87
108
167
256
4052
4096
2595
4144
445
2883
5267
7536
7722
704
2852
1463
8031
1256
3727
554
682
58
4336
7470
811
43
10
2081
589
7820
1855
510
2912
7251
295
2994
1379
873
62
484
1655
2211
774
3885
2891
4147
5071
4070
4401
12
1657
1911
1110
84
8684
4543
102
437
31
4598
758
1518
4787
737
2829
5518
7363
420
4949
639
920
507
4323
457
197
1187
74
1908
6752
1646
1878
2661
1621
923
2824
674
438
7626
812
454
100
4505
237
1442
2947
107
94
182
520
434
106
703
613
575
42
1572
1063
699
281
7174
1251
1102
170
3134
627
5651
840
327
83
664
127
3819
1631
2711
3349
840
2606
3538
3834
1555
1065
2409
303
2583
3102
2824
1080
1471
110
5103
3352
3713
1195
2512
1108
1611
5017
88
840
1047
501
242
132
687
1313
2572
399
902
3124
1989
362
85
185
19
726
4784
356
54
3817
676
5925
792
377
2857
3163
5856
3809
179
771
2415
1336
787
79
7372
81
350
3563
2539
99
2910
617
543
3900
6634
395
269
1925
2092
7880
516
1002
83
485
1764
2969
1104
273
1093
130
4381
1035
6265
3119
2432
4013
3025
5647
295
3264
2761
3335
3813
6799
329
5094
8056
2747
1871
286
66
2060
2229
917
3685
871
1116
8654
498
496
630
5408
2012
30
1697
209
17
2216
2856
8396
7235
1625
50
1979
72
3706
1900
6948
1634
2734
1807
239
598
1733
1124
3346
874
109
717
2426
444
4647
2170
529
1843
1636
1080
6916
2207
1239
785
4782
2426
1841
10770
3355
253
5149
328
3387
4832
1647
223
7630
35
14367
2931
5814
255
3839
429
66
729
436
140
289
484
227
1175
3143
987
2168
479
2541
897
916
1849
412
2177
2414
2608
913
5436
4184
133
64
3261
563
4365
2877
3797
207
8493
1930
2513
783
2507
1908
201
372
179
1975
126
1601
8981
2274
1256
3002
6226
4620
4223
2825
1094
3383
1431
1337
98
1806
3452
6537
4349
7758
304
5344
2033
871
95
133
4109
170
3270
1562
3099
495
703
1303
120
3904
2196
173
5774
4930
1072
208
1076
212
1059
3973
1564
1648
105
106
6294
583
46
1880
3565
479
738
5084
6069
1542
674
1923
957
656
374
3837
4965
365
9718
55
3812
937
3004
1405
112
257
34
483
6426
220
7839
137
288
3095
424
55
2756
96
2030
895
10579
1325
4148
2222
3766
6363
7291
14105
