real_Parameters :  erfcc 	 failrate:  25	 Fm:  823.3146	 且最后的Fart/Frt:  0.4725825804		   Time :  68.9446

404
525
519
833
1109
939
578
161
1080
1039
645
1201
358
1310
1369
182
889
1674
365
563
1710
237
32
385
116
1267
623
140
915
391
1658
603
1768
1021
493
1
1125
926
264
316
523
1276
456
482
1214
1100
666
1357
792
597
1215
511
225
65
565
1444
1333
509
431
794
1228
1040
1665
1014
625
1231
585
931
174
309
1765
564
290
817
862
1106
204
864
189
27
104
1602
1621
1095
2394
1237
396
623
353
962
417
736
430
345
884
1214
229
207
1580
464
1508
2224
232
1290
448
393
529
427
1369
565
1086
1474
690
79
790
278
1141
295
791
1594
517
896
384
369
737
827
554
1755
106
1417
1250
845
2564
1941
1734
871
667
1903
546
837
743
249
780
1220
205
699
337
888
68
126
2286
1386
238
624
514
240
344
855
2070
1557
386
720
479
1365
142
675
718
535
1510
1573
1169
808
169
312
758
251
418
700
747
70
247
1022
1593
264
523
108
457
466
502
183
574
219
100
962
498
255
1417
616
102
1382
1728
180
544
618
853
103
2444
248
497
55
1598
793
108
641
1367
1693
987
519
1127
205
685
829
589
973
323
193
593
260
677
1604
538
140
793
2129
375
130
118
1494
14
808
1161
654
295
385
849
63
320
680
1346
663
42
979
133
816
36
26
1433
26
1119
835
705
75
1365
2247
708
1170
1552
61
792
750
59
2777
213
208
95
1314
98
832
199
1051
1461
176
820
81
883
395
1508
584
470
1015
394
27
314
769
359
1418
1464
222
578
1435
481
1896
1160
1029
581
1348
395
1027
1639
332
369
202
714
1454
1565
1205
622
327
822
2422
941
611
855
617
1052
695
198
1637
539
2200
1237
263
488
868
1765
1055
545
559
186
514
629
257
386
961
396
371
350
85
1286
2036
503
133
2206
20
2279
1161
84
1729
665
485
1848
785
5
163
33
554
652
166
162
1193
1448
520
1373
432
469
725
89
1169
581
917
72
1314
326
919
1603
363
701
785
1859
1112
919
992
515
421
1538
852
1026
260
887
2211
271
400
717
828
165
516
92
60
1241
481
22
589
579
856
434
1109
302
1592
22
1713
1055
352
1455
471
10
643
1593
1775
198
1287
271
848
428
1403
1069
99
1791
1408
475
916
39
548
1137
1164
815
1224
1224
351
368
1097
130
1134
813
163
1366
646
621
1907
1325
1860
1820
626
740
505
792
291
222
949
837
1035
1222
525
795
815
1155
510
53
659
513
919
608
552
1318
1206
518
1041
325
1714
1276
1071
302
772
2416
1278
1443
1079
1022
2877
640
1022
945
1220
1024
187
1081
495
1873
181
1286
478
22
768
1176
1014
193
38
447
345
996
904
1889
2490
200
125
134
2018
1200
1117
314
2251
1500
968
802
769
1372
861
936
481
848
703
768
283
952
233
234
236
184
1427
185
176
654
798
522
1425
122
1711
2112
1509
786
2342
901
1575
1975
728
250
849
188
1090
689
819
677
1243
439
500
329
1653
1392
264
326
936
288
1298
446
1036
1112
773
320
1246
1145
927
308
808
11
1644
1930
40
82
801
877
671
53
1251
471
1591
305
46
667
735
1609
1043
1134
914
547
1149
275
159
545
625
1356
305
561
999
23
1282
414
14
2076
630
1319
1084
1509
241
299
609
576
106
1004
610
193
777
791
91
475
1799
1590
862
2033
208
362
534
1273
52
221
1273
639
1942
398
445
184
223
369
354
28
72
910
1087
785
324
741
771
1178
157
1603
848
127
334
178
522
620
202
86
1004
562
576
1809
524
1039
463
250
674
1073
484
791
978
687
648
1656
87
1803
441
510
1126
730
481
1536
1090
1625
496
596
601
1060
320
1372
736
259
1602
932
598
36
95
499
1504
1134
213
1564
1481
733
1399
732
1661
185
984
828
1198
1387
771
505
1517
542
1817
365
1132
759
712
627
1432
1638
750
80
686
2164
1518
503
1398
766
367
1022
1331
550
1204
758
190
1144
36
1589
846
117
977
60
722
697
792
1141
1092
982
666
792
1523
422
966
1887
1377
711
1240
552
1208
887
577
1075
1328
1291
248
840
123
378
1271
994
991
586
402
13
546
1314
600
1250
542
719
1661
904
182
261
1009
1529
325
753
1097
256
504
1270
597
926
1018
53
1940
843
554
1618
899
1049
732
248
491
1502
1373
424
495
872
245
369
419
895
2007
1190
119
395
1915
418
370
301
421
442
214
1521
223
26
147
947
890
447
1265
660
39
292
257
1033
864
224
241
268
1082
1345
1245
827
672
611
842
1397
186
834
270
1418
682
414
742
1543
574
733
83
966
1157
122
1458
346
1045
51
77
764
1145
1548
130
266
555
5
1207
71
756
1917
552
1389
699
132
226
704
325
447
684
450
1063
533
391
349
1670
34
545
1442
304
260
1120
2148
1081
109
271
118
765
818
83
728
532
440
2204
86
497
509
1162
910
471
617
4
552
1108
467
408
466
1369
1066
1219
558
200
2049
690
517
571
84
10
113
750
818
1692
133
455
834
870
1197
1095
851
768
689
548
1270
8
698
185
293
819
140
405
2001
432
1665
1082
496
1084
495
2438
1335
966
1418
349
1041
1514
311
1288
628
913
963
804
732
1385
15
986
473
871
1074
1679
1385
450
488
692
640
324
2215
1353
290
875
537
1022
883
408
869
782
1071
1055
947
1077
470
1477
565
2357
765
288
685
1768
1700
523
1046
1564
1686
1280
1132
238
865
401
61
352
77
697
1070
50
876
91
1109
462
825
156
39
670
1790
1097
864
241
342
830
431
1954
1458
431
1915
1142
466
1673
1190
232
652
832
387
717
637
1266
1679
77
2039
1008
667
140
407
964
1743
345
875
1791
25
1731
212
297
1095
555
790
626
386
343
1621
1716
1431
851
758
348
1784
738
1450
1662
553
1177
724
693
1278
596
263
1221
1313
819
211
530
589
1527
661
433
664
959
835
223
2108
596
1110
191
117
452
975
1013
216
802
2470
831
312
1279
479
1156
495
262
881
471
683
109
8
2224
1986
1132
397
298
196
902
1758
2202
662
860
467
665
1815
465
467
1253
150
501
16
443
676
120
354
1467
1113
1172
492
192
643
2157
1813
542
421
1370
130
685
682
584
596
1265
672
884
557
1255
78
163
1570
840
751
888
675
258
180
435
2518
883
1490
1071
437
668
206
580
1248
601
594
7
829
79
1286
1363
730
125
859
243
966
914
197
833
1278
566
134
81
443
237
467
700
182
1483
888
1566
32
1090
2106
1054
971
789
523
193
417
574
944
1299
1137
1303
624
1299
1305
2063
198
621
227
1197
860
1460
879
1757
1234
857
62
175
194
431
115
1305
723
1136
216
712
866
1375
203
957
656
855
438
494
976
1214
263
640
111
44
452
657
469
1911
1771
802
121
662
1485
1608
279
719
540
334
483
1920
164
233
537
728
492
816
744
75
802
641
562
1113
1629
316
127
2228
82
156
866
169
1989
410
499
399
107
1632
2115
1736
177
143
151
360
1658
387
287
1246
1212
233
763
964
503
1390
130
1020
1324
1028
111
874
766
1296
94
585
239
118
183
377
1863
802
1056
909
582
764
1356
1149
342
1035
1626
1016
416
1369
851
287
1439
1311
7
407
1290
1204
620
1407
383
408
345
87
992
1702
107
270
1255
421
321
1141
179
1985
995
1011
464
287
275
1442
1011
803
389
63
132
530
272
167
241
310
1082
698
1046
791
1687
1293
993
651
742
635
567
647
317
1428
1580
383
28
483
838
734
1013
553
1067
753
400
724
358
1695
1205
1302
1038
727
347
454
2010
845
434
905
1137
366
687
1637
209
72
51
1763
522
109
1050
165
1140
1463
1009
1023
1891
69
230
685
442
627
1350
497
2776
673
442
797
708
751
2034
1193
1900
323
542
566
435
845
372
760
466
987
278
232
215
154
303
579
1619
1893
705
781
517
708
257
142
185
625
350
898
183
857
955
920
453
252
733
234
2213
340
2110
1686
2210
778
626
827
776
953
1342
1319
376
614
2541
694
522
314
694
686
1671
1055
765
1825
435
825
1190
1576
663
322
879
458
49
135
972
314
1119
698
87
598
1211
946
1687
2142
1111
823
1360
1426
528
432
1308
730
550
2120
305
217
27
208
636
680
951
689
817
715
600
249
108
1276
750
607
743
2023
1574
632
315
917
900
140
18
1280
1225
73
562
779
236
475
577
717
269
1288
549
1342
882
1234
68
98
2161
265
177
262
578
583
890
957
1348
2052
1258
1311
1036
304
769
2046
8
686
1261
2082
191
3315
1904
2325
1347
953
736
773
96
314
557
104
240
652
511
183
1238
1544
876
605
1571
1140
1462
1131
1308
623
223
410
587
1140
1759
884
557
1889
2675
955
605
227
78
771
815
1699
302
85
382
937
1649
906
657
1216
513
664
662
263
862
607
1126
1467
590
217
291
491
182
759
743
1052
1117
113
166
569
2163
431
523
1524
444
338
51
1316
1232
1309
1267
1570
753
609
803
1170
948
1119
1429
74
127
1329
601
769
499
557
2178
1003
1689
852
958
481
93
1996
54
2423
1779
1584
973
1008
382
1434
683
3170
259
1544
2294
818
821
957
310
308
692
947
1833
290
1188
85
169
275
581
909
266
2404
85
290
291
106
138
236
515
2538
779
104
765
308
191
1215
1141
1443
351
203
118
307
1134
572
2229
1338
1662
675
317
1926
1100
2464
1112
699
270
1313
319
459
1231
1076
1018
32
1052
608
849
228
338
413
124
671
860
1130
407
909
576
41
1392
292
306
299
1362
621
521
1735
473
959
1425
227
149
62
822
650
279
1195
766
1056
457
1305
2309
1004
6
252
1371
551
563
11
1937
1765
1477
1285
154
266
1148
385
1033
1918
922
488
17
743
1018
1155
171
896
104
380
1316
824
1371
1050
244
782
211
893
849
783
255
53
1558
832
1172
635
1546
626
817
411
1143
380
358
1852
127
502
203
889
119
1380
948
1229
1517
1213
306
1246
1152
653
1454
634
1534
400
538
374
1128
1359
857
115
1486
749
236
433
1614
1549
329
1312
89
865
741
281
101
146
138
837
236
24
2413
177
1972
564
554
635
812
669
1239
555
964
485
1124
1397
2283
1028
881
572
704
55
1617
1166
431
1739
360
1447
2290
18
48
72
785
30
292
142
474
519
314
1366
149
243
106
1302
95
101
171
783
900
3106
774
1160
324
315
159
45
550
1804
96
1218
1538
54
519
1649
919
2109
2186
74
1157
1393
922
477
451
1271
571
371
1001
554
1460
956
1533
481
793
484
1406
1380
1963
1069
659
739
1149
540
1101
432
1107
326
156
293
14
132
462
630
542
74
455
1306
950
872
589
10
2208
2199
155
638
287
800
461
1141
963
446
1639
399
629
47
61
1372
530
444
345
627
814
219
204
636
118
682
14
637
978
969
287
648
695
722
912
698
494
1772
132
1875
137
669
323
8
1053
1253
1524
248
1125
57
458
104
407
54
282
1707
1399
618
297
485
1089
241
377
23
13
237
1340
2057
718
637
1520
109
1416
1630
326
375
452
140
119
955
65
1666
1405
923
1080
46
506
102
92
235
144
2091
725
122
698
537
67
1291
2450
332
556
1794
1639
442
1036
153
750
34
1995
314
947
1026
1320
895
704
1161
1284
538
1050
917
1063
2589
93
1243
1153
173
736
1489
1171
884
2073
247
569
161
28
1845
195
1741
1176
268
961
1753
649
848
761
1495
302
1029
910
332
106
1851
1572
366
820
886
390
923
974
880
883
745
810
252
143
555
558
476
199
55
1200
114
1556
1698
700
594
1539
901
1116
375
2688
206
546
265
830
132
1231
413
75
724
760
695
1344
380
409
1137
1721
1297
579
471
285
420
1239
327
5
1060
1129
352
1561
576
384
1275
316
30
1015
1009
253
1031
1515
807
791
95
528
1168
623
587
1184
707
743
446
395
1508
1468
909
675
1149
1028
1707
327
593
247
218
172
315
1348
1034
764
739
1576
563
1199
1000
1412
234
993
1407
783
1577
1168
645
165
1131
1761
1088
767
1515
503
556
47
273
521
339
90
2488
534
233
583
464
382
265
1655
701
211
107
705
874
1557
984
501
697
1247
1031
235
1115
461
1006
426
623
202
1844
659
898
1417
172
343
502
631
536
2464
21
252
791
157
1257
1907
90
411
1186
1
478
1073
487
1447
215
353
708
863
1517
1852
703
1415
315
201
578
693
581
1459
113
1119
1292
197
924
821
619
932
864
858
844
902
1691
987
1111
363
437
453
982
39
1251
665
1065
461
2132
732
389
770
2655
287
505
535
1750
192
1144
789
3
71
2802
587
1077
53
925
334
1298
1831
277
1249
86
1693
211
201
1488
653
133
1384
255
17
609
1238
45
1392
566
275
586
983
953
733
622
1239
72
1519
1212
2474
947
1966
1372
2512
185
858
1262
897
1072
791
47
693
1115
486
1086
430
626
52
767
111
1738
764
1109
950
34
1817
504
617
826
6
645
483
2381
864
50
1256
427
908
395
807
440
1569
151
759
612
604
1032
620
806
110
111
678
194
139
911
814
594
893
204
262
231
2263
1063
1227
440
715
161
1301
1930
1036
770
71
1414
60
2062
677
1112
505
662
837
575
127
495
894
97
744
1858
504
953
403
1304
1823
814
384
243
948
34
57
565
117
908
1415
907
1062
952
551
56
912
885
767
1435
896
1506
1214
943
1804
2195
2111
132
956
2034
841
40
581
568
1398
160
1344
2312
2042
1510
802
916
625
1249
113
1219
910
568
468
690
1508
894
1084
909
858
3029
1023
1152
517
1354
1509
1475
1083
431
604
1092
1744
1296
1178
738
1520
818
350
243
1066
1191
1013
1958
431
1254
421
140
2146
633
685
1025
635
1302
1230
358
174
888
1007
606
424
216
58
1612
978
119
273
1086
915
472
361
744
799
116
1403
730
462
1688
1132
1452
612
38
451
1105
497
843
976
1243
2338
564
56
1382
1094
1011
827
122
94
956
984
361
201
1137
686
1082
189
1756
614
1089
197
2080
501
839
563
1444
1191
1347
1738
772
830
818
259
1951
411
414
964
673
1736
174
922
1376
1311
354
853
739
239
2172
456
390
924
1241
651
237
737
145
520
303
497
323
1021
961
967
147
149
874
937
1386
876
8
630
1255
564
308
266
758
645
1503
1444
33
1133
1529
1947
2723
999
1977
703
688
1590
753
1494
1878
2526
2150
1140
1449
1085
360
1578
201
586
335
1232
728
1209
1249
46
720
1524
479
734
1069
456
1057
559
1182
1864
519
247
1094
1874
1122
480
845
521
906
793
746
246
1152
331
1618
2447
1359
165
357
1515
424
440
455
1545
258
255
1611
199
1756
586
237
272
222
463
384
629
1035
635
655
901
669
616
227
112
78
865
387
666
789
525
1998
794
1288
1337
460
1383
606
179
1511
718
873
1125
14
383
853
580
198
335
1497
1409
741
684
154
1189
2427
12
167
1029
1416
2719
443
510
1194
565
2297
408
1457
178
77
750
1180
389
860
853
820
2136
964
1898
1019
401
68
550
152
441
547
701
666
2021
1389
1082
1047
974
360
736
744
1388
225
765
563
1186
63
985
877
166
962
537
300
1708
1022
2431
660
802
596
1152
1807
909
488
128
672
1790
1685
805
1026
654
1116
904
418
94
1526
2449
525
1555
1732
580
1765
128
135
901
841
585
955
1759
470
482
130
80
762
186
1337
365
1719
944
31
229
986
200
499
1312
867
880
249
1923
471
132
1789
1876
1722
1
957
156
2297
2492
561
564
1040
304
939
308
502
1991
525
1578
753
410
111
1400
7
1040
1108
817
337
230
312
1467
168
773
979
332
27
1097
1124
877
1280
223
230
922
585
1228
1032
1093
110
1316
586
713
593
754
797
1828
1054
593
342
1877
360
1834
1613
398
51
357
376
2046
2058
1978
1931
1613
3
942
69
1132
391
312
207
301
507
2133
1064
1182
815
113
958
1805
476
1591
1928
136
1338
1282
340
368
156
1064
1113
524
1250
1062
491
198
168
422
364
1290
505
1072
1117
672
37
90
713
1029
445
1354
986
69
1859
1398
1265
179
333
1822
141
1022
616
68
1096
1591
565
975
816
573
238
789
558
1435
1760
722
1616
1163
1008
1269
187
1074
1096
620
654
1910
704
1202
2959
1579
655
628
602
1912
444
873
658
1098
2047
1329
1148
673
551
2014
1185
703
584
212
31
1562
443
1157
1345
1398
392
1307
328
639
1632
219
721
237
420
580
1066
880
846
701
1378
804
1381
749
2062
1154
968
288
593
630
1508
910
702
856
771
1000
1143
1601
1163
342
253
466
479
939
653
522
252
1804
1829
474
867
824
934
483
60
303
865
638
1568
432
1256
1257
624
1052
538
1105
819
276
397
1399
1346
479
309
1381
1692
1267
1326
480
233
547
1240
643
1119
1155
407
57
672
491
678
71
799
1584
1700
479
1951
735
1121
1503
1634
1356
131
547
159
2372
1131
550
765
812
901
224
1124
420
1618
22
667
336
1088
19
1119
800
429
431
1974
1007
203
545
1800
1590
1635
171
1096
787
224
1247
547
275
48
597
498
641
1043
1004
271
1944
1333
938
1047
669
541
17
824
813
601
396
100
954
1955
361
302
709
1065
272
39
439
752
702
1237
1295
339
722
633
337
1442
1793
291
487
141
775
2192
746
2166
313
1055
162
1088
495
437
124
1371
1056
727
102
1965
1353
1317
1404
1340
118
1602
17
658
564
1180
1719
191
993
127
431
323
1690
301
1736
1056
1380
1113
2077
461
56
2288
2596
866
424
688
294
1448
1132
1844
339
1375
413
837
888
2085
396
1327
1075
433
989
911
888
103
977
167
211
1280
287
454
208
1239
820
1512
400
75
2413
491
865
958
99
1758
878
162
1555
528
551
272
411
609
530
628
174
657
638
755
279
1515
2180
2454
328
329
594
370
964
118
865
788
1056
1153
1678
1584
419
673
578
5
1601
672
909
355
131
1186
646
1297
492
316
1578
274
784
489
345
3141
1039
166
916
169
1643
82
2089
231
852
803
700
612
132
1368
434
829
1405
293
923
1141
952
1071
1210
442
586
250
786
805
1130
1177
876
1634
1161
774
1574
475
433
1595
165
184
1499
149
1024
1313
365
1223
985
1588
862
321
60
379
158
1158
1458
71
596
709
30
722
994
738
1303
350
504
86
1208
48
527
1743
508
884
345
335
1542
1308
529
2312
1177
1447
441
837
1298
1925
2347
1077
1920
242
1628
529
673
438
1009
551
280
761
775
1695
598
2731
728
759
2497
461
74
1628
361
1466
801
2530
1570
853
1516
333
16
1574
1371
197
359
498
2661
356
1478
939
819
409
1173
446
1719
1406
1850
845
1011
1355
589
99
888
1343
1706
144
385
1203
1056
1033
1232
1189
724
957
236
540
323
1058
557
891
1641
507
1400
134
1798
1251
964
1234
789
15
1206
870
58
904
927
1412
763
820
1039
1401
893
575
1401
2360
770
797
171
786
1918
388
288
252
911
1482
1432
756
1584
565
369
41
1226
344
932
1268
342
1175
1293
193
461
233
1482
425
566
904
555
313
579
1039
223
1082
1018
181
373
774
1154
96
1440
541
879
125
224
815
752
652
233
120
352
336
2264
2827
1315
786
1146
723
425
348
482
999
1616
1061
282
111
1996
95
1357
2029
455
790
370
340
2027
839
495
670
1407
973
717
6
1312
456
6
843
1207
1879
1093
193
131
1149
919
1671
1826
185
56
1374
362
1646
167
520
1197
638
450
1766
1858
402
267
259
758
27
1069
163
808
1922
112
736
1844
8
1512
937
972
919
742
291
957
432
365
674
768
302
420
1891
1371
817
73
498
270
646
398
994
1656
388
1431
485
1163
1005
1011
1257
479
124
373
881
1556
1457
836
1256
790
751
378
495
1168
930
127
279
777
708
912
1018
1217
213
247
181
324
1399
1091
182
750
688
595
2075
603
1729
661
1378
814
1764
990
1619
48
976
898
1301
1695
1176
501
632
1496
2135
372
564
527
662
1304
1218
613
784
358
1200
500
278
77
566
888
845
1054
438
816
765
486
1303
1275
501
84
1393
1414
119
1051
146
472
1353
107
65
545
57
197
77
436
1220
870
293
1177
228
520
43
250
580
489
518
740
514
260
1360
1234
481
880
346
955
1783
2201
1249
901
185
837
1593
825
133
647
653
1738
176
1690
1452
842
1275
1234
455
87
1226
135
717
532
700
318
418
482
831
396
918
145
479
727
475
930
1562
416
234
1412
1447
1631
1336
842
940
405
80
1227
834
321
807
667
360
828
1306
800
994
909
1996
132
1919
1536
884
55
615
928
1224
633
212
1348
198
546
220
2738
408
878
187
320
1554
1008
117
694
2186
1200
925
1630
1768
394
1111
1690
902
429
594
807
534
822
516
1067
239
1212
2059
570
2361
979
401
214
1187
2200
1005
1438
911
2661
1463
189
489
267
499
1371
2325
644
937
948
1055
1733
1453
422
711
2581
1134
618
931
10
430
2127
641
1443
262
1085
151
796
1280
683
345
1676
3049
483
592
597
1798
116
223
1484
320
1004
1293
403
931
109
1861
790
823
409
476
1391
195
959
358
1399
372
243
466
262
759
194
77
549
144
1097
901
343
331
1076
451
562
2205
1274
432
756
552
1473
982
1723
1610
1233
980
11
324
843
819
1516
695
1142
644
70
1412
127
671
1563
410
1526
1006
483
771
797
538
2297
1703
1087
818
719
429
694
222
237
544
1534
559
926
142
2175
1275
1459
1186
1392
1401
532
1308
322
1665
573
648
1070
1271
1017
753
1144
1186
1206
419
977
778
57
200
926
1347
116
659
1033
102
149
184
88
450
1245
414
1317
1279
569
1195
821
707
898
1543
395
271
104
600
1512
1834
1409
1786
1861
1641
390
1201
1127
268
394
179
502
150
742
931
690
531
135
25
1649
312
1420
1876
237
807
70
1304
1157
228
335
351
734
1030
1252
1817
967
1058
470
1175
687
575
593
756
1104
575
1253
438
1197
530
821
214
1611
681
135
179
409
749
693
808
1057
464
1499
83
267
948
1488
863
1068
28
811
314
509
253
583
921
826
1724
668
38
320
1795
609
847
793
1073
280
770
88
1062
913
1424
768
1388
1483
706
814
681
532
1559
41
1074
316
115
772
902
215
712
639
1491
168
280
1428
123
656
71
727
1053
215
1482
2455
1823
1236
1105
1439
355
580
153
200
986
1000
585
1498
2685
775
860
397
877
44
2424
217
85
819
1215
937
617
2230
301
557
2897
120
430
18
2502
942
506
984
1574
675
15
1365
1378
1020
655
1109
559
408
1125
2288
1284
856
27
160
662
572
411
539
1331
1346
419
952
1128
51
144
162
817
100
327
1021
587
171
1299
3
389
1527
373
339
721
779
651
151
57
706
2526
622
183
162
1737
747
900
1350
133
141
413
559
113
315
1296
2620
2827
1704
1369
267
3
2092
446
972
704
316
5
585
207
379
763
589
579
286
1082
1240
419
1000
742
1078
1082
287
1744
1161
398
1571
1305
640
1107
182
292
845
925
676
1528
286
96
382
1484
503
73
467
118
494
1520
579
631
742
5
805
486
196
10
506
544
395
1438
474
435
575
1092
458
1442
1251
1320
1024
1848
2817
642
203
890
1724
113
168
754
1441
461
1192
1548
417
880
505
724
1385
267
451
103
428
1209
689
1399
830
865
700
324
1461
261
1477
595
364
538
530
359
424
214
702
759
1063
568
7
610
1585
902
783
114
52
941
953
1906
1000
337
203
848
262
1333
55
1335
994
1087
696
914
1086
891
536
1557
391
1305
1381
977
122
1304
912
1138
705
464
296
982
1496
476
278
1108
621
850
897
1002
893
278
588
1340
1897
563
946
1344
1501
1327
1231
60
319
1255
710
163
1100
229
758
1043
1532
1221
561
451
576
32
1533
308
2084
638
19
258
1477
896
1248
469
334
761
620
1063
674
496
860
783
924
660
451
638
127
480
1350
791
887
1636
1073
1332
874
308
2023
372
898
267
387
145
565
840
228
1165
1087
662
629
236
1559
1189
1387
911
473
836
1059
633
227
642
1644
626
700
1454
1450
207
459
258
1107
390
2040
385
260
516
217
1306
919
1088
671
1595
1280
1025
905
1201
530
232
1132
861
1086
1051
456
1497
558
995
234
1396
802
734
64
1123
984
125
343
582
1077
656
790
1892
713
73
470
77
346
1164
687
407
1324
68
873
1874
1236
3568
1433
400
552
390
809
1743
2134
683
539
626
409
1799
629
1608
116
1216
511
1067
2213
319
215
391
546
1544
870
1172
789
1570
1320
1262
316
356
1095
686
1743
495
504
970
712
471
74
933
303
241
295
855
1748
2080
537
130
84
135
1362
2070
547
197
1017
586
1495
1037
1309
1390
166
836
1606
245
53
1616
1409
610
2044
22
26
1370
526
334
333
513
334
583
234
976
1035
787
979
3
430
720
131
583
263
351
694
1245
2634
945
285
459
693
820
597
1299
408
610
1884
295
93
115
831
1638
169
1431
626
124
79
731
695
1142
698
357
461
280
2082
2254
442
290
103
603
326
166
296
246
231
105
612
824
1400
355
1765
977
1312
1249
309
542
1666
339
98
700
1357
2256
393
428
366
355
759
892
682
833
873
449
1272
24
802
513
873
579
731
1746
928
162
567
57
889
339
1419
1166
1797
287
40
698
72
1133
758
401
530
179
37
562
67
1342
1210
1588
660
755
1671
1710
281
261
2633
1400
275
920
1347
1158
592
409
1422
1507
718
1023
746
1538
616
143
176
1356
969
163
930
422
1432
749
606
554
262
198
608
787
254
580
1584
1191
1275
1731
145
1051
840
195
1396
960
251
262
622
13
758
1069
1451
929
779
749
121
1695
690
771
690
795
291
1634
1435
179
757
1295
736
236
1262
213
1605
1101
185
258
867
523
1804
180
949
2336
1321
923
1136
2877
69
1470
913
978
396
1356
1526
1516
1658
1865
