real_Parameters :  erfcc 	 failrate:  25	 Fm:  1053.5614	 且最后的Fart/Frt:  0.6047442436		   Time :  80.1344

322
739
891
859
265
256
952
1425
29
1512
1630
786
64
1455
1252
1006
908
886
299
288
734
422
1953
505
2219
1133
1380
1017
503
1436
2444
1813
1174
434
827
302
1764
1446
690
1469
1574
907
1663
480
1553
341
1427
477
654
945
82
1737
234
40
652
462
708
121
181
2273
335
893
647
1230
1045
125
2071
324
742
469
2167
2863
1263
2208
389
1029
3237
1473
476
1922
1443
2536
1586
2376
1553
1810
1094
1818
805
1170
1144
980
1904
1835
1524
2669
230
1175
2060
1384
1849
598
717
1043
583
1179
425
225
3209
540
177
9
1094
549
1485
529
314
135
2740
531
615
1567
1560
683
483
682
1018
520
667
846
1407
24
1244
1887
1270
1016
417
2430
220
1215
1823
924
30
291
266
539
271
1057
2863
1361
475
1142
176
332
998
1115
1657
2044
487
1681
389
1264
1400
473
586
1143
89
20
1575
1173
1144
436
789
257
1228
1267
1841
317
1758
534
1261
2505
771
1368
1842
799
1753
1494
1425
1569
392
2243
1384
431
1046
875
1151
1454
375
1798
1669
666
411
227
1394
526
956
208
814
363
590
1270
1654
722
250
268
518
187
1771
473
178
1807
519
1381
1288
2051
1751
1979
324
2581
843
1316
2349
1133
1148
1730
1183
456
1668
575
53
332
2754
1620
2881
1049
415
1446
1518
793
444
609
2015
262
70
1615
1556
1799
1069
930
309
942
1634
8
2569
748
954
104
865
619
1310
373
2012
2732
293
2524
2783
1412
1290
46
1023
2571
1272
106
2252
708
33
797
2492
1692
43
869
2087
425
1628
2326
201
1534
607
1421
1290
335
156
1767
1333
2594
1542
1963
502
461
1613
986
736
1309
1543
16
581
1019
1577
126
126
813
812
404
1101
504
3152
58
79
454
1770
1162
1457
2569
1081
2055
1164
595
231
628
969
1510
1734
630
1029
931
1184
880
955
382
946
365
931
1761
356
1180
1129
3
187
1216
1203
2381
348
640
1385
424
1164
159
1969
1177
370
506
511
16
637
1044
1092
1964
2023
970
650
898
272
1419
186
1679
1315
687
1236
1672
194
1698
1598
1695
803
844
660
773
2310
2062
734
2026
1630
686
1221
1883
643
2149
1185
978
1256
1382
677
350
994
1489
2199
258
614
1515
801
3224
19
1370
1868
1163
1451
912
1085
612
645
2730
2217
869
1972
81
1918
2129
1197
363
880
686
334
1694
148
1471
476
776
3152
45
1513
859
1266
774
325
2863
2014
1719
3761
1492
946
1064
646
1677
591
1830
911
2058
899
995
1518
51
245
1241
276
120
655
1058
1451
157
346
1865
1155
777
902
463
1271
1017
463
370
2411
957
934
2221
345
32
1141
43
747
824
148
1585
1323
1920
706
1170
1198
2404
1398
521
1730
2603
1509
12
355
265
1253
619
328
104
437
680
632
415
1113
2163
1129
1959
717
1746
478
453
727
690
1208
315
101
547
508
1348
1325
31
2222
157
1197
448
118
423
460
78
1190
494
380
389
1328
1603
2251
1521
468
1165
426
1003
543
819
1084
1399
811
810
45
2491
2169
2444
1049
1051
2780
881
634
2958
476
1178
2862
523
1225
1022
187
813
1599
409
39
346
163
354
2284
518
32
557
1531
2726
65
2000
903
117
684
2093
533
991
1501
706
1661
1042
2450
1834
207
234
1772
558
1711
664
852
57
659
1206
1219
462
1883
82
1044
1378
2354
664
134
324
1646
999
1653
1907
1074
318
1289
2820
1112
73
703
698
443
209
1057
1698
307
619
1101
13
1024
3088
645
1398
1455
294
1876
578
29
570
305
317
2647
495
1530
543
1292
463
1508
154
8
868
302
2455
450
122
1618
2632
2740
2564
390
229
1727
1146
68
2401
1252
3302
187
1378
1436
298
1485
89
267
1849
457
606
205
2124
22
132
828
2153
1248
1772
1279
1316
1462
680
1708
150
1439
472
722
1089
1296
372
11
976
161
420
557
1381
1330
1405
2620
314
1857
1342
3172
1095
945
856
577
2323
185
1423
1527
185
1433
2372
1227
1462
2112
707
886
2184
183
2229
54
219
1016
1453
520
2125
1844
1501
358
2075
458
1074
2123
615
533
833
485
107
854
218
199
1146
873
817
1311
268
1044
1707
1525
317
1516
283
1634
1854
2190
716
986
1405
1015
612
121
509
631
1476
472
1054
1424
1658
1364
1052
1334
477
1855
147
344
1034
1398
17
1287
957
2675
401
1264
78
202
1097
1245
39
119
1276
2396
496
292
2357
1684
1282
651
1054
445
678
1181
209
447
2123
281
552
469
841
756
1412
1290
2172
2382
550
1608
405
1411
1639
295
991
31
2579
214
807
1818
2513
219
262
521
480
1561
1605
1224
1403
1478
1255
2932
3101
91
1974
318
1257
866
895
322
109
1376
1143
103
1890
2711
538
1960
893
276
688
363
1317
1128
527
1218
595
703
1268
862
1928
139
437
736
1589
1006
89
892
1014
35
1291
472
150
1512
1591
702
6
258
1544
631
1701
686
2929
1797
1359
1672
1264
996
2354
1250
293
319
93
2039
1672
2238
668
71
1714
1452
817
316
1350
635
905
769
752
857
1716
1274
1024
1724
1727
870
693
768
1051
1740
1493
732
238
1382
2174
584
284
1754
1994
1243
1192
820
9
975
401
1520
1886
700
78
1146
766
25
1179
1425
573
922
757
1495
2279
498
694
2537
811
798
807
95
298
1905
2236
1237
1164
100
2750
46
1480
478
515
350
742
1570
463
287
1371
740
2563
907
1012
3064
1768
325
335
198
853
1104
1524
624
696
1010
851
815
1228
1445
1223
791
67
356
1135
1537
1481
2953
404
1452
2734
694
1585
221
491
530
143
1895
596
185
723
2152
12
1815
3497
459
415
383
1042
2365
740
2471
1325
595
1178
249
1313
321
72
663
1244
2332
1603
938
1560
1650
105
2543
1265
2600
424
649
1093
582
564
1527
181
1060
154
112
1833
1035
303
2522
641
437
1337
128
2298
1332
236
533
1372
46
419
1862
1455
64
1165
1470
1227
774
734
1352
1857
1956
1585
479
1445
1825
75
1426
82
1464
1820
1720
67
1074
1991
3035
1664
249
454
1198
2577
648
3347
44
1612
245
1737
1015
1124
455
1303
1607
1513
938
259
1751
377
637
1730
1698
208
396
1169
915
2987
2315
1328
1612
817
596
172
253
391
426
1417
54
316
946
1282
743
2214
283
542
537
257
1575
775
1185
336
1629
855
1243
1960
1787
1280
287
34
2015
122
922
977
1141
71
156
91
907
547
1096
1248
239
952
1151
832
1161
1366
364
1363
469
2188
468
54
106
223
2166
1067
1583
535
1714
1889
1919
758
1200
703
398
1797
728
460
1530
227
1182
1341
1085
1192
745
991
2082
476
668
372
462
1270
2331
2665
381
1634
2141
1100
567
1264
798
564
1275
1457
529
853
247
1329
1108
1314
1058
1326
2603
184
1604
432
1466
825
1049
125
1332
195
892
1085
2559
3301
1006
1890
1927
1091
2056
1725
1635
633
464
983
11
914
1259
716
291
1384
335
1477
292
1800
302
438
2261
186
936
751
399
600
1180
934
2121
1179
499
2346
1162
400
1732
1208
1205
245
1050
1085
1655
2318
2193
569
2132
1256
579
2243
522
964
1743
879
564
1924
1150
614
62
1860
1981
709
101
715
1540
1809
187
2097
1820
1907
1583
464
417
162
463
955
100
136
923
711
1050
20
1186
1223
2504
1819
396
1383
335
758
816
1187
2069
1098
996
627
3447
1326
1679
1063
2540
740
1210
1184
2677
1418
1635
1750
910
836
367
393
414
1099
1928
1395
1113
783
1677
960
493
417
276
738
198
47
1407
638
595
637
219
595
1018
1335
1690
938
1494
785
3091
839
558
807
1020
751
529
389
971
1588
1106
1261
346
2022
623
1044
103
3133
850
1951
459
2213
1176
519
576
1462
1023
583
249
760
741
810
2084
1299
673
903
2617
302
609
689
2565
1109
1571
560
391
1902
848
2652
49
716
440
2007
759
57
707
668
1370
97
670
1448
1280
639
499
1702
466
645
1050
71
207
1942
299
288
144
853
1346
980
676
2144
155
549
924
60
1103
1706
804
297
537
1143
1112
1036
800
387
235
939
507
2207
90
724
588
1183
2260
1565
1559
1451
657
2697
1990
703
1302
1758
1012
453
1558
858
249
2517
604
70
2005
1192
965
592
557
236
283
629
1751
1554
815
1262
1293
1472
308
944
2470
889
707
959
985
324
2416
1270
297
1509
859
1223
1381
1122
124
2028
1266
130
333
925
861
1350
1717
99
48
2359
1323
1702
1863
497
1047
2048
692
1305
810
85
1271
868
637
2341
851
2244
2452
108
1245
1492
707
1438
1247
390
2022
761
2324
1751
479
1763
2276
2530
45
360
1503
1436
530
2058
858
985
616
384
1234
233
811
138
334
1421
986
1494
973
1553
973
884
1118
377
283
270
657
1237
306
1338
1405
334
1344
994
1020
1387
879
126
640
1111
1424
695
1367
1196
514
2757
1228
1134
1169
1062
868
423
400
1319
933
553
57
1427
2077
684
288
484
1410
503
455
1856
1667
2003
897
86
1118
290
180
830
261
819
1034
115
578
630
1063
663
286
362
347
1516
2449
973
669
747
1316
1504
2238
1052
1613
1082
1043
635
1207
1812
824
1450
489
919
361
1211
1255
598
490
1752
756
740
1883
497
587
616
2238
2342
15
1535
118
3021
174
290
2149
1126
752
317
383
1935
1899
246
766
3678
367
988
1518
1402
359
178
303
974
384
945
440
409
1197
902
1718
131
1933
1395
1269
21
1844
978
1232
936
355
1847
237
577
673
443
756
1584
1906
361
1616
2315
2501
134
766
1244
516
234
1012
1718
1020
1688
1530
567
1732
1370
409
1389
1284
353
939
240
529
368
559
454
794
30
611
1178
695
1291
1072
530
953
1762
763
1148
127
31
200
1639
371
1300
1491
268
1714
938
825
418
582
540
468
2526
251
858
1465
1951
788
1680
200
721
947
477
453
379
615
44
119
1611
1316
1241
2084
112
1705
1167
2833
468
3072
1227
1133
1624
449
1221
1368
123
704
413
787
1480
594
204
1492
838
113
480
227
2748
852
424
2531
1045
1632
378
638
902
633
1757
434
1147
1413
38
403
2558
2661
942
1266
560
954
1629
822
1678
983
1027
883
1664
1916
675
100
1067
715
1079
697
403
544
211
374
792
344
98
1089
177
796
669
1798
2084
2803
1055
57
1140
2291
3
483
650
1252
464
158
2566
1862
1285
1201
1675
1550
797
1415
2752
1963
1704
1120
982
407
706
773
1579
265
1457
1640
1931
1249
465
2804
610
978
1767
3720
458
376
1660
629
2509
922
1105
2860
1022
172
840
42
1392
362
607
472
2160
2757
1338
1085
241
17
587
1758
862
2439
2304
394
1108
2275
38
2543
1203
245
798
1177
1095
337
2170
1485
2137
1187
754
538
912
1193
1413
185
2337
996
1126
410
1004
238
1398
1103
2899
1719
943
2034
299
1157
474
117
728
752
502
26
245
32
1336
70
2702
1751
1840
1586
1943
336
248
605
186
87
674
2307
947
2806
301
1519
1103
2333
313
364
1350
1090
1475
2236
1341
1676
1250
286
390
1075
235
747
1925
365
1610
1154
682
474
1595
1638
1010
416
1323
1738
1535
1150
1317
313
503
884
621
50
1031
292
534
2557
199
372
809
673
983
23
630
1900
183
1397
1366
1021
2580
96
885
674
514
1566
168
556
2972
71
53
348
445
3575
148
37
1660
79
1357
1736
1856
1758
1062
1528
12
413
1553
631
592
1035
695
763
516
1664
2992
319
1965
376
972
1092
2304
1560
2178
849
395
3019
326
861
657
1808
81
2768
1351
3254
1949
1336
225
1625
1697
831
520
854
193
1427
554
2007
1022
171
697
717
651
1453
51
1772
1104
1687
193
787
1697
1622
796
17
2618
2451
2046
3237
2267
933
415
275
495
294
1617
1293
1477
858
1117
1071
2099
1463
2336
1489
1080
1325
1588
811
589
300
1401
147
1348
1708
1988
1519
1028
747
1612
2270
1056
1169
465
2062
1200
1811
369
1330
138
150
3908
777
2419
1269
713
1077
2427
441
743
905
1203
1817
1845
872
2602
156
223
607
537
1572
1194
139
2205
1450
1993
2122
1424
593
675
3392
963
273
1372
887
1468
158
3432
387
637
6
52
1162
214
584
176
834
1274
1123
937
739
907
560
1508
929
2180
178
363
200
1792
2234
850
1738
1134
1324
1630
89
570
913
1322
330
1817
1921
1314
613
645
1088
222
2123
1128
2688
1184
481
1489
1422
1046
1165
509
767
673
457
438
1237
859
512
2824
1517
191
613
1747
1046
529
1942
2118
1349
1394
289
1745
833
464
985
1413
1711
279
3558
1124
464
1111
1257
593
242
1451
1319
2759
1154
441
636
1691
65
1173
2877
1482
1724
60
349
2244
83
1623
1098
1700
986
1377
1437
860
688
1087
567
1399
1624
913
1915
255
1811
2612
2426
1263
752
485
40
1112
2158
138
578
1343
973
1106
342
1200
534
70
768
1088
1652
1206
2722
309
354
813
1429
440
1728
350
918
1672
609
184
2112
262
681
1666
171
2005
718
800
1223
211
1824
821
1030
417
1065
1054
1605
1711
1497
2473
843
1181
1701
1398
895
545
1514
293
76
69
46
471
1122
270
3149
623
985
172
2845
1797
374
135
565
1002
841
1783
1017
1068
1989
526
1204
1495
303
1141
1575
1354
1434
135
1085
1515
1411
1809
212
641
416
1234
1374
971
1790
601
810
205
359
1935
1838
577
387
691
1369
288
847
1694
817
1901
1547
458
1895
1290
36
87
580
508
200
1176
1663
1460
610
897
459
572
304
834
1460
960
1552
1031
1773
925
782
984
1221
508
811
2358
2213
761
1414
1251
83
2016
1517
1528
192
1343
1402
732
481
779
1166
1762
1123
1145
698
396
784
195
392
1319
2086
1503
1632
1501
2013
518
762
414
904
1462
528
98
1257
1010
1437
1903
11
1255
1518
1611
597
1279
1112
1582
1198
1565
743
1375
685
2015
1404
116
456
782
1704
1981
1034
1274
119
2666
718
2216
159
1672
1213
846
2615
3140
2308
718
1434
1055
148
307
859
172
934
893
1304
647
666
561
48
6
926
1941
2237
461
377
779
2161
817
1210
1095
919
512
214
1805
1168
519
797
726
571
2436
1603
2479
1119
304
946
1230
742
1391
89
307
1042
311
428
1061
529
518
388
118
1444
1683
500
1049
1881
212
766
449
1541
1124
1440
722
1240
661
638
1067
670
1202
502
557
1277
3576
1696
340
697
544
2224
1002
514
1867
325
690
1243
444
690
981
799
1121
1141
570
1164
546
670
696
1222
1035
1148
466
1408
1213
249
752
1355
1457
2999
308
46
1030
398
1549
2012
358
1228
1051
573
1041
1627
1972
1259
1729
1015
94
278
1879
343
127
896
299
1000
172
20
1463
676
1246
1914
88
128
532
2129
2012
345
461
1867
1218
1509
1098
2307
385
369
855
1127
456
1484
811
573
249
222
1720
1230
1402
50
565
693
1467
1692
1032
139
966
1649
637
418
550
608
168
294
1239
1423
1871
26
751
949
242
51
1523
1178
1853
2252
1761
1250
1019
1282
542
1557
1133
422
2024
1112
957
782
413
740
1216
636
257
738
1683
350
143
1389
1840
1115
2367
519
798
850
1875
1514
1156
966
1891
2457
589
1597
382
2014
1022
1015
687
452
514
1095
106
741
1271
1712
275
2073
704
1430
2222
1229
302
1347
1666
1944
303
328
1371
1185
1270
1192
726
1108
2549
536
26
89
1923
777
1088
142
1136
1368
1859
162
1458
790
150
798
2705
2167
1559
153
1417
579
985
3083
301
690
988
588
1000
1652
865
1001
2202
666
844
2225
207
901
1462
1344
1472
476
851
1416
1019
202
860
266
1111
146
179
2232
872
1514
150
43
1649
1284
47
1299
1365
307
438
1389
470
848
388
633
337
786
338
954
1792
1668
390
3608
2808
1172
1380
222
181
423
971
1282
658
349
709
1688
1926
1345
591
1730
1482
876
290
1004
1228
1319
1397
1999
164
928
1255
778
171
669
1010
441
68
454
389
167
594
1032
13
980
473
318
38
699
1039
680
1078
201
467
1101
2070
411
2108
1725
802
659
256
1892
460
713
945
442
416
529
5
428
1042
589
450
1086
1209
1968
2068
1284
1297
743
726
1105
2317
1806
58
2158
840
2120
793
993
1061
275
2111
546
849
755
185
1042
1130
562
634
1877
1250
248
695
774
1791
366
1879
219
1163
612
142
766
1253
2250
182
815
1352
1039
657
283
1246
857
2042
1608
211
754
1393
2001
998
997
465
345
45
847
48
1740
1210
749
559
486
1495
272
1262
1700
802
1154
469
282
818
1326
1468
884
2027
1438
745
1662
339
1161
1621
256
1696
2348
49
195
974
547
2570
980
591
735
1048
693
423
1407
2472
1807
964
1128
2334
643
454
851
1872
1236
779
16
499
1873
1768
1615
1011
1165
124
1124
1469
176
1479
1043
1278
345
26
651
1098
2569
113
1087
960
162
748
2914
725
2023
264
1086
265
260
1824
576
1160
352
1479
279
823
1479
810
676
1279
464
2427
999
2455
595
1158
1542
546
1293
211
690
426
1028
703
1432
411
1039
230
139
2888
163
2270
1162
787
102
819
2818
603
2564
912
979
1712
1624
315
1301
290
536
1425
955
219
119
1726
721
830
1724
1415
458
368
1419
610
1292
1391
1710
471
1298
875
2661
3271
2446
1098
886
28
855
2037
1442
890
1348
194
1351
890
3129
379
1450
174
914
399
1497
254
1721
1782
594
490
1378
1405
771
1460
2237
3053
1114
123
674
1972
656
114
898
1157
1310
158
1983
397
361
1394
764
872
3062
490
1092
288
2267
2237
358
1246
816
2336
1385
871
1609
1128
591
1077
570
534
2424
1860
975
1160
1467
616
2494
1028
1099
518
1199
630
1503
699
1035
324
273
940
120
162
2718
685
1393
1412
422
1583
635
1258
1684
1363
762
1959
269
2487
1635
193
940
474
346
825
347
391
353
3548
592
251
1244
37
509
45
1150
648
905
1742
1006
924
485
26
217
570
6
989
682
1387
423
3411
2312
1899
885
1255
656
1208
2020
1535
1256
528
909
197
1611
1062
27
804
852
1027
214
2037
788
269
435
2227
1661
595
336
749
1329
490
1520
707
1834
21
4511
98
1270
443
1172
50
30
981
15
1506
1435
1539
46
2287
510
1618
1080
105
486
2028
1899
2151
1102
726
120
661
447
1053
1241
1459
1480
605
916
543
443
704
2228
583
1454
461
729
733
1778
1582
299
83
4032
2167
411
734
38
282
171
1843
764
1522
1494
459
1176
1853
1061
593
2294
1182
1762
461
1069
485
1989
2065
93
2536
346
1140
674
1435
1465
2039
957
1037
1130
289
2164
2203
1136
1263
1139
266
1894
88
1255
155
1103
1774
1144
868
303
1158
738
1311
337
1080
1744
1563
58
1092
865
432
2011
931
1809
1489
1887
765
1526
1068
951
133
1110
927
1133
461
1416
889
366
1267
1243
348
687
953
15
1612
429
252
357
251
1878
1252
1099
533
609
773
1687
915
1125
1251
542
998
789
826
1181
370
884
370
1103
533
1171
390
22
1639
1119
985
1726
2441
1822
638
734
707
2482
1152
505
863
1138
2543
148
1745
437
764
1103
914
907
1668
1871
699
438
894
574
530
1296
2313
13
1709
22
1712
110
1450
269
901
1720
194
3321
1162
731
581
1972
2413
1754
2114
2124
262
820
1335
101
396
2019
1938
800
925
2645
39
2560
195
273
1252
1605
994
556
1208
1378
3
778
1249
1668
179
1245
1401
872
220
580
54
886
539
1086
721
235
72
1328
1068
457
1841
381
1504
2510
1287
901
1261
128
1725
38
1519
414
184
420
798
1590
800
1
851
1807
1767
1636
706
859
996
303
48
951
65
2112
1307
843
275
2370
1290
920
1790
129
829
1152
768
1085
588
1162
510
915
2002
1576
660
684
778
579
771
886
557
545
507
975
2160
107
296
1395
916
1054
2881
2548
492
2331
198
997
843
627
1277
1123
200
851
1205
957
46
120
998
1531
1209
1837
305
1387
1359
3044
852
231
1771
1159
658
258
1803
105
2188
456
166
1256
2442
1261
470
804
758
3143
561
1488
1303
323
2530
707
2005
1430
976
1654
1083
505
592
448
1816
2810
633
347
43
1456
128
686
719
55
56
919
483
120
2433
1016
141
512
56
496
1394
386
653
101
681
681
427
452
501
1496
1085
616
1813
2348
1045
251
1599
741
1271
952
662
1150
481
331
450
545
2136
1974
2038
323
116
553
287
428
545
1770
773
737
868
425
1645
566
1677
1061
1626
2375
206
1421
2306
1621
232
2336
95
373
1286
720
2282
457
307
1933
1092
853
172
892
732
445
1791
1136
1575
1183
2309
1761
491
642
1664
292
2999
375
1929
1888
478
780
551
1255
561
52
800
1714
1726
1685
620
384
1078
2529
1305
1790
2493
766
1230
1746
114
987
526
2070
636
1557
186
313
293
1401
2160
1135
2270
1416
1057
1143
1263
218
1841
1959
297
1584
760
621
478
845
796
1927
2762
499
796
655
858
1776
133
1928
1060
1516
759
1236
801
440
1146
1600
1893
1992
1382
1593
416
585
1772
1449
1228
1193
1379
1138
821
1028
1089
1223
2861
561
1482
1075
1710
1486
225
2298
1894
1900
2033
954
3
123
182
1900
1165
614
525
820
472
392
2110
1589
1246
1283
1659
696
2087
1126
1159
3031
1515
179
581
750
1353
1333
491
1726
748
461
230
1364
1836
134
1453
3
2010
517
1014
2599
1429
1481
1737
1521
260
309
884
838
1235
1352
873
1548
1575
1049
1550
331
504
2511
1378
23
1005
1135
866
338
1900
1011
1975
919
820
971
638
2012
284
1989
1210
805
1206
878
964
68
1247
1551
1616
409
1366
1957
584
498
1586
819
563
906
922
823
1801
36
1850
1002
2122
1214
79
534
1694
1935
560
743
1247
1607
898
1338
174
1862
683
415
2102
2151
1191
1554
1575
850
2260
367
577
1349
643
912
1744
1827
754
7
1432
51
763
575
1557
204
12
250
437
1140
2266
1214
1292
224
284
1659
3052
630
994
1278
1568
906
1736
144
1542
1006
1341
214
2914
1101
1307
1995
857
212
1315
1589
1350
693
190
624
854
633
502
1024
2925
712
115
1822
1608
1446
839
100
350
718
1064
477
2063
388
223
178
1367
1323
1425
1756
2263
1260
1780
1903
1351
3207
1634
152
1643
472
804
1257
1032
529
202
2013
841
954
1009
829
1917
1640
506
132
1429
965
608
2921
282
2294
1766
1095
253
1499
2143
1106
1334
195
2344
84
2069
585
1172
723
570
1593
682
1630
1441
1546
1209
885
148
1385
1142
997
5
223
1112
1082
686
1085
1114
515
136
2485
1468
188
1856
889
257
85
274
710
1685
598
380
508
304
1255
613
22
2798
685
16
908
1127
689
2129
1635
67
759
383
460
58
1127
1728
2142
1628
2023
1499
153
72
597
1005
1310
929
1716
988
1319
270
286
1395
3219
589
189
148
209
1999
1894
1427
2542
147
454
1935
843
1527
923
3025
27
515
676
272
2388
877
824
319
107
1224
930
530
522
861
1679
1760
804
2637
1209
802
12
1685
1538
794
1004
1458
2842
465
194
1038
357
1821
1759
775
113
160
1165
1796
304
691
1551
1142
2462
163
769
1412
762
2712
945
2619
2338
2278
1416
735
1557
153
523
1403
2261
1086
1116
1705
3113
956
125
208
361
362
1351
563
588
1438
429
1032
799
2261
1143
934
1933
2539
645
463
73
970
164
2051
689
805
18
188
1359
746
658
1531
976
1933
1713
520
1280
410
433
1326
1688
703
142
2274
1409
639
174
198
1104
2225
1530
219
37
1962
1720
1262
141
2295
485
32
1282
22
200
334
858
1086
2261
677
625
1593
1878
805
1032
1208
66
583
280
435
783
2026
749
433
444
374
464
281
1372
159
106
405
1350
684
737
184
146
874
1234
1289
1603
1027
998
1220
1694
436
2227
779
380
465
1074
645
1658
2548
836
402
2249
902
1124
180
466
432
511
1026
702
1892
394
336
1553
1319
2125
1007
381
174
1739
1467
1247
1057
100
786
24
760
401
520
812
190
361
353
1378
131
2148
1146
1243
1442
260
1777
899
597
1796
380
1422
1094
343
293
2780
1310
127
383
1527
260
1056
452
1621
1111
1108
68
125
2750
1930
2000
1078
1486
590
756
2495
515
2550
1536
7
482
2521
1045
485
975
312
1156
1395
2036
258
2598
776
113
527
141
1882
449
1311
1397
939
206
634
23
840
1494
1446
175
1301
302
766
1276
25
1295
938
335
1342
397
577
3463
617
1757
564
837
171
961
551
80
912
770
401
1388
2357
225
160
262
1531
1539
751
202
834
1019
1881
14
3316
891
730
1424
271
1452
664
2200
961
959
675
1980
1171
1937
2786
2736
1172
445
201
1679
1412
554
580
820
1280
641
414
904
990
2550
2339
945
1044
1116
1334
574
34
27
2275
1203
1384
1023
2082
1685
265
176
1870
1066
1180
1760
1723
492
905
575
1687
1910
2465
1133
832
688
1073
961
1004
1306
486
1539
171
246
2160
1440
2141
1404
1431
1859
998
1678
1864
2369
1468
324
1725
26
798
101
1709
78
247
1261
771
1408
1373
159
1657
3100
2117
726
1329
1353
85
849
330
742
1832
1677
3228
596
417
436
894
773
1986
591
652
37
1153
1383
341
1165
279
1820
1308
674
1457
865
1167
527
280
682
1422
2325
2024
402
150
748
3731
323
57
1020
1002
1029
1171
1152
1658
1212
72
1575
1101
1679
1217
583
997
655
1587
1219
1289
76
458
1815
2176
1121
42
652
365
1493
3096
1523
2517
1645
188
1190
872
82
620
46
1840
1980
1049
1585
131
1567
1274
2041
1193
2026
202
499
778
1432
1486
64
12
501
1789
779
1744
451
167
826
801
1929
485
613
212
364
1359
1707
1597
1034
2295
561
409
309
1229
71
903
1354
2181
27
18
1605
1189
757
1694
967
2263
379
1896
167
1812
488
183
143
974
993
694
859
205
842
511
22
1381
40
899
1553
1208
149
482
2031
1364
255
711
216
2294
1040
349
227
1270
34
64
136
566
43
2538
185
334
623
521
623
781
796
1469
254
962
269
1238
1425
1056
1638
268
1621
526
184
2313
1027
760
148
2450
2051
766
1137
661
1234
1103
898
528
1275
340
207
1614
89
1211
389
513
1986
1126
373
1161
789
1741
1101
1136
765
1505
1776
374
1499
76
2185
952
2786
1212
840
242
786
934
1761
975
85
653
829
641
68
166
1053
358
920
1678
987
1187
262
194
551
1490
2621
1146
1501
719
1286
2450
245
2610
483
1484
5
1974
1404
74
2261
1346
1617
450
687
36
1076
902
1414
538
1018
665
722
881
2037
2176
2163
568
1292
1004
2198
303
883
938
267
1686
766
2181
2389
1841
229
715
358
523
710
685
362
1075
2111
785
174
743
280
2271
957
956
513
255
331
2158
1151
1696
1705
1883
1710
858
1240
570
1704
1226
881
1374
1299
1678
1547
2590
2105
2068
2855
