real_Parameters :  el2 	 failrate:  25	 Fm:  722.6986	 且最后的Fart/Frt:  0.49866203400000003		   Time :  35.2628

98
173
444
108
620
530
755
147
181
92
800
898
494
1016
99
59
142
1271
229
1053
559
230
695
61
509
209
147
678
1110
362
234
347
151
863
401
27
680
720
1692
190
261
1186
2003
948
2418
233
528
353
120
1056
1133
363
217
1542
1031
1108
1061
55
514
1370
485
2295
1
249
686
93
375
473
1255
600
35
1129
952
87
1061
244
54
344
54
833
2902
172
946
70
338
365
87
303
226
1008
251
1494
147
421
771
315
1853
1547
1446
305
189
1193
1438
978
3453
498
611
363
244
281
72
295
968
1320
932
1483
581
27
164
301
1065
1305
240
1985
1699
351
550
258
2510
4761
771
1335
3864
70
1347
361
659
13
2609
1206
1949
322
561
2714
116
555
426
1597
1266
48
909
1183
2094
2
50
455
374
166
593
1004
338
160
637
787
269
1151
780
3
329
88
8
1048
400
470
214
621
1211
3055
677
1050
1267
617
1799
1307
859
121
1646
530
472
316
255
4245
885
138
303
836
243
699
13
192
1455
727
1058
227
29
2554
1548
1950
142
144
1336
2729
854
83
667
1250
143
1032
4743
507
45
435
1454
115
92
330
688
1953
429
212
306
1204
123
371
725
70
741
413
187
799
3165
733
369
470
526
42
620
151
546
208
653
1126
376
439
2304
227
37
451
746
529
90
595
1260
1290
930
803
275
2169
227
2797
299
153
261
238
569
1439
3708
1689
369
1269
56
645
123
1558
118
300
3357
976
975
868
294
844
418
1901
1082
1320
885
996
1377
252
266
174
3688
113
527
1374
119
1204
201
1369
992
403
481
1898
609
4
2662
1571
553
545
651
640
468
375
47
183
761
24
1266
745
1160
53
192
245
10
384
125
1
1877
80
153
1985
1018
1390
179
1512
302
149
459
364
423
1775
2206
243
4
434
311
704
168
271
1215
51
1866
400
248
691
347
178
227
119
167
397
910
181
621
166
633
131
963
1023
111
39
792
1107
578
1119
38
442
2370
49
1152
2245
148
715
37
32
261
1924
339
429
242
232
639
1252
129
983
1
1857
180
1502
2574
99
999
279
95
948
1022
1963
252
1965
46
251
1100
190
347
132
510
179
2193
330
52
438
392
451
1362
333
229
16
801
564
774
381
441
760
525
141
377
567
97
172
1230
1686
780
555
2297
393
527
294
3908
1148
486
820
288
3201
83
661
372
1697
834
141
320
5
404
2176
954
123
376
1255
932
1548
559
273
221
297
151
1096
765
78
153
552
1118
395
436
141
61
2071
371
494
698
3343
1169
129
39
1872
718
433
266
546
140
5060
353
2342
835
562
312
1452
1514
235
1076
3311
35
573
219
340
187
308
157
1698
296
2213
1365
151
975
515
287
319
342
164
364
1890
100
568
1617
2084
2058
732
385
1355
2628
973
529
3827
494
126
768
673
554
924
30
1277
79
335
425
3308
2297
439
181
1075
9
143
323
496
1373
177
68
1194
372
481
322
94
1499
200
653
427
793
191
1514
572
117
256
660
267
1073
156
504
721
912
215
164
792
492
802
62
52
2446
278
140
204
371
728
157
413
75
133
375
76
946
538
1226
18
441
1371
1137
7
40
70
47
218
214
67
256
28
988
55
442
1929
553
449
812
985
939
2112
98
739
1118
1108
40
1361
753
1648
40
1215
675
1635
114
129
436
1319
504
496
119
651
859
127
193
618
1654
120
389
42
358
2198
163
627
815
92
270
414
1056
564
31
2630
907
199
524
42
827
260
521
591
115
1134
1127
408
472
1308
710
955
150
113
350
92
1912
56
828
108
1465
860
144
219
2620
198
224
1258
791
384
158
250
1557
512
371
228
514
1922
781
1229
212
76
1538
511
21
224
382
285
262
3836
54
1541
50
447
1251
887
454
340
148
619
1135
122
1151
216
532
1864
187
908
773
852
393
313
126
109
264
82
680
62
18
13
595
281
733
753
2920
77
829
115
88
415
40
782
761
117
22
512
784
193
1964
141
601
207
1132
1032
1834
1641
668
550
805
32
517
898
1744
1067
1100
1380
156
474
164
80
425
581
1629
440
170
418
104
2099
1629
281
992
346
3431
62
1054
93
195
19
1211
570
321
1747
31
267
54
693
888
52
1071
611
1706
348
170
270
438
1881
375
453
441
301
2491
189
1275
119
2448
1255
786
178
166
61
618
426
108
431
1907
42
35
704
124
307
806
104
628
457
219
67
540
1493
228
1304
403
269
669
388
1340
77
1439
909
877
1702
374
1490
523
115
1611
300
737
173
191
159
288
580
815
986
1271
722
697
158
619
1201
92
919
548
67
231
215
531
749
730
394
539
1450
1367
1253
1341
2100
249
2037
252
210
337
1953
153
294
3
102
17
224
1057
1752
956
1322
686
63
2919
1064
1423
337
117
1052
641
114
101
84
452
326
150
246
1165
22
435
1818
1241
245
1057
391
1084
12
4
1025
24
147
19
1697
666
933
1915
167
256
3
599
15
1225
365
10
667
255
398
1021
479
780
19
328
314
5
895
207
477
602
18
861
23
74
2159
1026
229
552
2348
1560
446
98
1650
1936
555
803
430
381
561
2078
84
213
38
426
660
2393
1926
522
1090
892
765
680
221
368
270
749
859
127
691
2182
156
1376
493
203
1057
242
906
1205
310
376
117
168
65
114
895
1675
252
185
121
1181
93
50
50
919
882
795
46
1418
201
52
357
69
879
52
236
3150
2474
582
71
372
205
169
1840
418
693
354
121
531
1250
653
21
365
403
262
1030
234
460
265
543
261
79
982
373
181
112
1507
230
979
109
476
90
251
233
2922
883
1063
386
302
41
470
1998
800
817
791
1542
1819
163
525
558
318
5
387
73
244
37
2471
11
1116
65
1349
405
173
2018
1361
284
717
66
198
199
405
585
1500
108
3946
564
207
149
130
537
348
89
92
2301
253
287
2428
306
759
111
2231
791
265
420
2238
98
18
1458
1101
20
195
113
4119
1871
565
142
3615
213
453
468
291
570
1613
226
880
75
613
15
1736
48
390
1065
832
1865
1163
345
1656
1550
1324
319
169
97
426
256
389
555
177
8
87
2575
340
366
87
292
128
225
215
1443
10
452
989
1931
722
374
563
1430
18
199
1343
210
1480
224
201
299
1162
1727
1883
419
125
459
765
1066
1029
1150
635
580
59
697
164
62
56
152
656
389
1333
560
1250
998
1806
116
562
455
2421
746
1337
2149
672
491
806
74
11
476
105
1311
632
84
1241
727
517
1589
2773
1148
25
380
197
478
916
561
1152
24
43
1132
519
228
1043
332
432
302
558
431
563
82
269
1775
350
15
44
309
888
736
1060
736
607
778
2105
3058
950
386
777
207
399
130
463
43
532
1863
98
1285
689
503
1264
1629
321
42
411
32
254
273
237
667
267
2624
675
300
414
288
62
744
756
813
3204
92
297
157
946
331
645
535
319
414
945
546
3113
1028
930
1199
175
62
945
651
1889
39
3959
299
113
131
1324
811
561
2686
347
1042
8
841
264
323
543
185
617
82
192
475
314
989
225
522
872
848
1914
442
260
255
950
21
620
2146
1007
61
389
824
305
674
1827
1310
195
610
1188
614
690
165
669
56
602
2439
714
1305
194
800
771
234
778
795
181
285
194
241
1173
1942
541
426
116
91
770
195
249
83
149
1556
183
135
913
787
80
87
600
47
125
1444
363
408
331
593
485
9804
1291
477
1295
541
1366
673
251
246
247
87
1275
347
40
1302
271
441
1193
144
171
761
125
604
54
439
1894
6
162
978
974
595
1492
463
713
944
78
52
1683
59
2032
604
314
18
562
818
588
3281
345
103
413
109
1056
470
320
1630
2
226
994
775
412
54
1560
100
734
83
526
765
1535
2499
890
102
495
540
1373
562
649
624
61
122
12
299
370
85
519
838
25
739
214
1044
399
538
1226
155
1016
19
438
482
1927
577
482
1545
1491
1062
383
370
246
1530
798
75
151
524
228
126
58
2194
1604
187
10
673
984
2745
81
1698
852
367
1945
245
165
100
1147
1558
2236
1034
105
444
1765
226
1438
455
137
1842
343
807
130
106
1140
1191
7
487
2709
1238
2
566
55
323
291
570
72
2066
753
332
315
44
1201
397
1878
785
2
414
1757
3740
673
929
230
217
1216
45
197
3028
1914
154
1895
118
142
182
463
620
885
2004
1143
607
2314
276
604
328
2633
1459
55
1201
1435
432
288
1321
1109
2695
598
495
737
933
373
978
703
139
185
438
2828
594
2375
431
1101
447
1247
367
42
76
409
59
524
2564
613
1823
171
1249
1026
548
26
184
954
345
1129
1797
372
307
583
1152
389
2064
73
865
1175
1087
242
55
86
433
1207
463
1480
2607
25
75
1534
272
443
1014
971
424
32
317
316
531
92
81
140
1381
306
880
1802
957
196
2984
85
854
380
49
799
1166
156
891
1669
358
141
2906
1565
19
942
911
900
192
138
7
156
623
417
142
514
20
2283
901
115
847
672
324
652
295
165
175
1644
240
376
366
2
151
698
870
1390
1061
2211
287
405
1654
614
163
2747
189
215
702
3
1619
230
142
109
818
93
437
147
261
1211
162
618
538
805
8
34
376
647
607
502
2687
628
153
1347
8
102
75
2859
957
228
479
111
537
2991
891
606
13
468
440
107
349
1977
448
491
237
33
418
244
395
103
353
576
696
1321
317
459
998
674
2613
1806
2
936
47
392
658
402
187
183
275
391
85
1803
43
191
288
959
596
380
371
392
581
236
469
398
466
864
60
284
3687
314
2477
907
279
161
166
47
71
2447
159
450
390
268
1859
382
1154
69
48
599
266
531
337
859
146
348
1412
203
6
1634
640
2490
665
148
357
757
251
509
110
19
252
1260
84
2654
1487
132
844
852
280
1048
581
681
553
408
1756
204
265
594
153
80
1662
295
282
1446
585
101
813
42
668
575
206
941
157
2638
933
1909
1035
247
254
3761
1190
497
1273
840
704
968
1876
673
8
312
6
40
1056
1085
1870
765
1211
731
529
362
3313
856
972
2678
212
216
679
1560
507
811
490
1233
487
1360
253
577
3798
658
366
1099
262
1700
304
125
245
140
717
958
4
417
319
1060
1243
225
341
262
3719
47
636
1272
1357
339
725
628
1579
377
231
2176
992
1294
916
104
1109
135
364
472
396
1379
200
528
116
462
1918
1184
1251
4
521
1
665
169
211
1717
136
3
66
472
551
281
76
210
63
786
413
262
1435
767
1542
43
53
143
971
207
594
826
427
2136
135
821
609
1119
145
5
902
157
1520
634
1107
325
88
3108
3
1389
740
175
1005
590
217
379
681
176
833
1321
1307
1612
1041
70
1676
1394
265
1008
118
1660
827
775
847
289
6
156
204
1628
143
812
1489
190
321
545
1156
1554
2072
1147
460
762
346
907
2184
1379
1327
433
300
1445
185
279
236
181
482
437
1659
150
1046
1321
213
547
55
134
18
50
1971
50
236
505
67
414
86
299
310
688
395
969
40
570
361
484
975
240
1838
12
972
1132
1514
147
220
1142
1769
387
46
104
1667
297
338
510
584
138
895
708
618
260
185
194
434
73
67
346
24
662
149
453
1900
306
264
173
404
301
168
442
790
38
379
1173
55
81
1573
1052
60
1935
100
458
1092
1398
1133
917
389
525
59
446
875
1462
218
352
435
693
704
577
663
32
87
239
581
228
277
1186
208
447
1102
2458
140
132
293
629
430
172
1390
124
305
141
578
1408
29
55
374
613
85
421
1992
692
1321
26
147
1629
1102
36
412
1518
213
256
304
1013
1904
378
765
780
702
1069
69
1538
656
784
961
428
253
268
260
1127
28
299
747
284
239
43
320
652
2101
1241
1849
391
1061
2
615
1006
16
1290
13
779
428
5
117
564
203
798
1796
185
2098
312
265
878
580
1168
210
404
378
486
55
168
128
247
433
296
237
653
1528
1178
448
282
2289
4184
2448
1523
1162
535
342
946
1129
3691
1280
567
409
572
1244
1907
644
388
239
1621
736
635
3
405
564
147
128
13
2911
959
1416
417
346
1093
797
440
396
1310
37
51
526
1005
887
1561
70
256
616
80
266
199
43
1182
1823
347
1283
2523
1496
284
362
1112
29
263
1440
786
829
1455
629
105
1241
650
716
80
790
372
794
387
362
303
673
339
1939
1242
276
160
337
70
317
368
201
1909
659
584
485
3010
343
37
88
1043
8
136
687
541
661
499
81
21
57
3731
352
657
516
142
114
3265
1007
461
651
143
756
1593
3083
1108
226
671
614
160
1874
1101
549
79
1251
273
150
507
95
245
1396
65
606
1709
816
534
85
168
429
513
68
831
550
3075
64
174
459
891
784
26
820
1100
445
361
1329
458
1341
605
357
2749
620
701
150
278
86
103
134
362
316
265
221
423
285
975
842
253
66
741
700
1964
1480
300
310
487
393
349
1123
161
455
114
349
586
1070
4510
586
13
160
1350
107
460
768
1157
5
59
729
806
1003
518
1064
1084
553
756
875
35
1398
464
36
73
267
68
315
10
40
830
444
482
227
2279
1286
37
60
108
1410
53
655
1278
453
230
1370
346
1252
69
860
236
2734
672
390
1408
2257
65
680
1050
1222
919
563
195
1669
67
2845
312
652
1666
364
671
2243
424
394
224
232
2131
1097
945
892
3419
104
60
47
608
355
1241
369
313
467
859
725
86
191
218
54
126
1085
1355
143
47
1496
8
1248
805
887
1108
431
978
781
2814
29
327
296
26
756
388
926
326
1998
169
297
534
658
3778
296
676
125
609
712
1621
1504
40
363
263
52
36
435
8
936
1676
1231
478
144
368
359
247
613
278
1605
711
76
1337
1249
600
347
901
960
303
1947
198
194
520
386
811
533
2114
209
7
220
1143
181
1480
873
2
72
402
59
649
109
120
116
930
819
615
400
1146
719
475
2087
76
869
765
23
245
694
372
474
815
320
1111
13
74
209
92
1132
72
689
824
633
204
896
457
356
2410
23
790
378
2111
894
2253
400
75
2049
157
174
458
18
347
1037
71
2175
2173
552
1723
977
624
34
810
979
1615
1096
81
571
3632
41
4
286
528
436
3060
955
24
594
377
174
415
748
1740
137
512
3
37
649
338
499
1242
18
481
812
115
22
335
171
132
11
568
1324
170
111
2814
187
447
3303
477
2397
11
282
1398
636
793
160
1808
2053
1556
1049
18
6
151
374
83
1372
2265
344
108
1
1442
368
1543
523
1766
360
62
813
3
31
943
2822
1462
365
1677
287
733
1400
1079
493
1868
1255
51
888
554
160
646
220
594
1211
398
435
1778
634
153
151
292
1517
171
458
1481
175
629
134
1558
236
555
398
292
893
376
436
2395
69
1604
1033
374
846
1526
776
649
565
758
481
85
412
935
403
109
133
7
2124
1430
661
244
107
94
538
1115
630
2016
186
1491
16
622
1187
1670
323
709
2243
172
429
903
521
989
397
1738
2373
322
30
2062
883
547
216
82
639
1231
1506
712
25
437
440
120
453
265
185
195
1239
567
1305
195
448
181
624
930
272
665
1401
179
7052
242
34
138
561
1649
39
485
30
592
67
677
3
2570
3546
356
1611
424
38
185
282
1087
14
2513
2242
396
296
110
1121
1215
477
108
562
77
265
233
695
345
618
754
2296
580
168
298
296
559
435
83
598
793
67
550
1948
297
379
532
532
891
432
280
28
51
103
1235
1593
2041
325
304
708
25
47
531
6
265
807
8
560
371
741
1314
849
475
1834
176
52
3231
106
737
217
61
382
682
2288
1113
4949
115
763
452
52
105
303
981
837
895
133
30
395
673
2206
326
644
59
161
2594
1087
1705
369
1419
924
42
897
457
438
235
28
709
720
1836
129
399
808
455
191
184
295
39
578
9
281
922
400
176
902
879
154
435
80
2188
984
1138
88
2283
151
414
2118
214
2483
347
557
402
1394
1313
1013
179
2094
1411
1175
105
537
5
692
111
35
1462
186
591
1029
734
443
554
497
886
1479
95
68
255
276
32
825
1204
328
20
386
781
787
110
272
355
1315
1902
8
1021
177
1047
481
406
701
2866
1362
1997
25
645
430
150
1352
1083
636
362
463
551
753
207
326
2737
579
48
719
154
106
1789
1644
234
103
2938
783
31
355
213
536
426
1887
662
608
826
418
1729
546
246
1019
603
604
1528
101
543
930
288
563
884
195
48
1420
64
385
175
1029
1314
676
136
1034
52
1227
1325
10
406
146
2595
1021
1632
931
325
1251
554
717
672
34
798
166
519
592
187
437
8
380
171
851
1119
562
974
150
1062
437
155
940
965
28
1076
1136
362
54
136
418
68
2404
60
70
352
911
78
341
2049
225
821
333
235
77
1531
258
269
227
367
533
397
93
963
380
340
1350
311
2480
828
1883
92
268
342
3217
515
1395
829
294
61
37
704
592
641
1384
236
6278
181
687
802
689
231
1407
125
314
26
150
1620
875
1140
86
2100
134
1056
196
1046
4
552
705
1312
97
151
122
927
1369
227
633
1504
364
101
1107
1966
181
255
476
291
1861
192
744
577
674
693
128
2587
205
358
348
17
1566
1154
964
1134
127
48
40
535
504
119
2969
261
348
239
147
1137
578
1058
969
1322
1686
2519
155
283
758
2645
1934
472
1360
1004
574
1385
50
642
310
76
651
1943
315
953
275
1177
364
187
1235
565
672
932
1823
112
834
66
852
193
866
677
481
77
175
724
528
1634
67
855
88
140
158
322
704
89
1572
119
68
12
770
1204
73
382
225
3650
1266
377
1730
234
2924
342
839
374
55
19
2314
480
243
143
603
518
716
381
271
561
609
1264
1168
175
812
235
57
1406
538
58
392
402
339
739
409
30
424
1479
456
261
535
57
611
802
320
364
130
28
471
625
70
238
117
462
476
493
1693
217
832
964
353
1451
209
903
309
325
120
228
277
3147
1040
844
1223
890
628
283
993
987
237
2001
1748
417
2019
1679
5012
620
929
1059
1196
355
215
1441
305
2392
143
581
1940
215
1257
780
1169
137
273
577
10
46
1449
753
85
98
2313
346
227
129
179
1911
674
501
1138
1152
448
705
203
987
321
432
999
1512
76
435
203
775
94
70
32
502
479
355
171
770
517
206
659
1284
480
1285
538
85
86
1147
1191
223
395
171
286
2847
682
148
1324
94
1121
550
41
274
632
1584
396
37
1575
633
814
111
559
1211
611
1033
1770
36
44
464
763
358
937
79
503
305
2855
406
1658
905
557
891
304
116
168
344
540
1531
465
3
463
1637
395
785
82
851
391
492
748
750
912
1357
364
44
1842
36
64
350
72
172
1673
513
909
346
420
1410
328
65
674
200
1504
340
107
335
863
507
311
549
41
3054
1984
494
1158
11
2180
367
7
287
937
596
824
200
598
1143
945
799
652
732
2615
1280
55
2370
57
310
120
764
1399
445
913
736
89
546
1191
1543
1364
449
852
641
501
1160
761
105
1322
1198
183
996
347
58
714
32
328
330
1278
645
946
1838
64
273
278
55
249
202
334
228
516
1658
844
700
3313
859
589
2316
487
178
626
331
504
473
113
626
1729
372
221
70
907
311
1222
1609
387
128
1634
120
1850
361
303
1390
667
800
405
611
1858
1041
46
349
1683
575
1540
1113
362
109
1053
1439
246
512
736
434
184
349
632
820
94
2641
323
234
45
900
1628
474
16
257
469
1522
138
405
202
276
738
221
46
608
41
102
243
1541
115
1604
187
112
1254
55
400
1355
154
489
540
31
1966
284
1463
883
889
106
952
132
234
477
82
256
1438
18
470
528
3221
24
859
1434
1065
656
48
1106
583
508
1345
812
671
137
597
52
339
207
303
1381
3766
126
2435
443
1273
1011
216
264
598
535
235
163
590
1511
259
40
1238
1043
752
1577
559
1127
2156
1187
553
546
1087
1869
691
631
90
817
1657
85
55
847
6
641
1668
191
43
450
498
753
554
2239
207
354
98
1002
599
1070
293
690
1365
1331
128
6
776
1390
154
713
103
579
775
57
561
966
1745
577
540
930
255
276
397
1065
627
911
757
549
959
512
2271
426
1166
588
1265
37
48
679
226
25
335
1342
5
2270
1418
780
122
1665
165
740
238
60
884
1385
223
1440
67
389
516
823
619
1572
637
324
803
430
361
896
1215
1403
1264
55
7
764
399
1264
753
728
19
1001
2253
1185
758
1331
23
64
657
1333
31
864
106
68
300
164
197
485
16
805
307
491
208
320
1830
157
62
2162
897
16
85
34
716
916
230
1047
247
447
391
2313
364
43
372
1296
966
627
2446
368
226
749
1032
436
518
682
403
635
1083
156
922
2399
583
2755
480
806
1195
866
1384
1009
325
117
2590
1207
297
349
504
11
576
844
5
332
89
110
1290
2556
786
767
1319
24
178
2427
1620
67
26
667
722
1350
1308
547
258
1026
514
69
193
209
1664
502
850
729
432
1161
1307
938
823
379
962
804
662
204
446
1590
1345
287
1197
672
303
1084
2505
539
819
1203
113
1557
40
152
283
1258
53
1829
1243
350
1694
512
17
44
2536
136
988
2207
107
216
66
25
165
1365
69
376
1728
101
1513
148
245
112
1190
894
684
263
258
8
1615
1171
1433
2064
1209
249
150
111
1377
1365
168
44
638
1058
279
927
261
200
821
2525
45
236
1682
235
72
396
1754
931
23
26
64
673
2310
1839
1648
439
187
2215
157
339
2280
637
1281
641
251
737
155
132
459
279
435
661
1165
402
331
1985
790
248
422
264
1401
149
205
745
505
1511
168
600
615
223
390
834
18
1044
770
124
816
104
974
434
787
148
117
211
107
441
200
432
185
661
735
248
1296
1492
3096
153
1252
705
227
2175
1892
294
5751
870
333
297
56
120
598
162
1393
46
1170
185
701
1065
566
282
350
583
235
185
2152
1001
1652
1554
112
217
124
500
14
823
283
907
1088
1061
1226
175
1259
344
2161
2787
320
1732
506
1859
760
228
766
406
630
1470
844
14
760
93
401
33
282
1341
113
1222
100
753
9
1617
40
812
368
447
581
384
1737
122
105
183
811
3294
29
67
337
2276
814
1638
1072
644
665
967
228
1755
229
3066
246
869
437
156
478
692
334
800
351
484
578
60
38
1959
528
367
262
1465
879
617
833
397
793
3954
2011
505
172
147
915
420
1351
420
1256
761
677
52
501
1882
199
30
297
1767
538
204
372
867
253
142
559
574
374
29
276
1618
117
953
89
254
213
790
756
1960
131
210
817
2354
1123
846
428
299
2409
328
106
19
201
337
802
533
98
771
273
518
564
640
421
781
6
1268
607
134
86
307
809
44
323
315
1757
197
1433
574
361
23
663
3479
114
345
30
663
106
1263
795
144
342
2164
298
1549
216
913
563
443
781
23
520
1383
1290
1300
1857
467
829
5143
1057
815
1574
89
962
912
2637
431
521
28
198
756
511
788
837
1424
901
2268
368
318
267
278
4764
1061
1085
2870
639
354
247
844
574
633
488
1689
518
226
358
700
47
1366
72
1255
820
217
9
832
898
29
123
557
309
206
1858
6
988
787
185
748
377
542
258
1571
536
245
816
402
325
83
1565
706
611
2756
3
690
55
245
362
131
1671
999
463
54
415
168
1984
1084
104
287
688
82
1097
1104
1841
66
46
1137
324
225
1508
1076
297
283
145
415
159
867
425
275
1382
677
1532
2670
144
1250
138
314
333
1020
316
535
46
102
358
335
701
1348
429
4900
1211
538
2154
207
252
427
6
12
1692
241
310
1288
959
1086
1950
1522
768
2504
542
767
58
1088
865
162
438
108
289
300
561
1647
385
74
255
153
36
627
181
372
348
346
282
1352
261
822
205
194
843
814
898
689
81
3142
22
1949
712
651
428
1357
57
834
757
213
1123
562
151
853
597
1626
2743
390
208
116
748
558
1069
558
429
80
470
93
1024
865
334
1751
212
3661
698
750
917
176
23
129
276
138
235
1397
1800
247
798
450
1205
214
1028
45
129
424
822
3144
371
828
60
166
2
1538
315
2736
291
132
1952
855
269
550
170
369
229
273
1664
265
1007
2505
1925
653
1559
819
890
473
1104
1426
108
39
60
230
173
55
91
176
175
690
529
1655
1308
984
470
1132
963
215
34
65
179
524
574
2200
323
595
991
341
730
1423
134
709
308
165
205
750
239
857
485
595
859
21
498
380
706
853
574
509
179
369
689
2353
1021
249
787
234
377
968
159
152
621
687
857
134
1461
314
258
458
323
130
1328
2220
2111
2769
61
1145
22
54
989
420
6
793
1424
160
1377
19
1747
1015
806
126
1968
19
1358
706
869
326
27
384
3025
81
8
1514
81
199
501
119
1838
550
2137
242
826
141
610
1571
1667
380
337
665
363
1218
416
55
459
60
579
35
693
1840
47
811
1039
13
161
1270
2140
1058
231
3264
1006
591
139
705
2031
429
275
418
58
843
708
209
136
1514
26
87
705
2076
1865
1535
499
832
3827
317
660
3323
154
238
1113
1286
1032
2016
189
324
1160
106
292
3345
608
111
1364
527
343
2003
91
1116
554
338
1320
181
1905
501
1282
2342
4256
1866
3145
