real_Parameters :  plgndr 	 failrate:  25	 Fm:  1688.0568	 且最后的Fart/Frt:  0.6212049024		   Time :  189.5182

55
125
301
437
679
447
122
62
1633
39
32
349
2381
2449
2560
99
2700
273
285
435
2324
1502
1718
748
1008
2522
2063
1060
1140
11
1629
30
4266
934
1396
676
2295
4819
78
1033
202
1099
2239
536
1802
5254
2252
533
215
4170
347
951
1031
4
4434
250
217
1028
1857
3
737
426
1458
2205
174
1100
3310
264
3302
3712
1304
1627
99
537
4153
602
595
382
3999
306
2770
343
3905
227
6013
7645
492
186
660
159
3196
3488
281
4268
283
1800
6815
641
2292
798
852
3212
5958
299
2382
2581
2183
970
344
344
777
567
2786
1264
452
1945
62
2142
376
426
1697
4035
4011
162
159
1368
2293
3475
114
5504
276
440
4457
168
432
3212
1127
352
1578
76
1292
1718
1197
2910
4375
669
1787
3010
1095
921
82
136
1309
573
1931
3551
614
1878
2750
1235
3800
1044
2230
287
766
667
2637
302
1927
94
705
1505
1984
13
181
220
489
1339
439
4127
502
1336
146
476
303
56
645
49
483
543
4906
5
289
1422
29
3585
3533
5011
165
1130
4805
2063
94
3318
129
5712
3498
1702
238
2546
3558
735
582
3500
55
1633
837
486
329
252
99
189
2881
3169
743
330
2720
7868
162
2009
4905
168
656
718
218
130
877
1145
1853
2783
787
609
124
659
2031
113
2
994
1763
2418
408
4869
168
2294
1241
8347
81
2610
1780
883
2064
3901
326
2931
1339
2098
2317
2594
80
4570
783
55
185
2561
3635
344
1371
2535
5643
867
1788
696
2854
2644
2498
2448
2170
2234
3749
3909
2224
2228
4932
2163
1985
607
1507
73
1094
86
2871
5231
835
1015
23
1599
2789
3644
2168
4710
2029
2209
329
224
307
1242
3273
1205
329
5091
431
2993
3595
674
43
1933
2167
181
533
1494
1010
2308
818
2682
1673
964
1897
3486
1373
594
614
5511
3230
879
509
138
5256
1060
2112
920
1923
4003
2787
1717
2470
285
1249
80
3204
5020
429
5939
327
3772
3087
1012
2025
739
4597
228
593
1307
948
621
3952
2511
162
340
15
2788
302
2911
2045
1958
57
1657
1499
994
485
1854
1966
204
2824
3915
2829
2197
153
2676
803
354
2070
115
3990
2209
4004
444
778
2797
1641
1989
4464
666
2992
1153
200
247
1206
3334
2792
184
2900
5452
1416
1093
13
572
606
923
2014
818
95
1588
4089
3078
140
511
1885
322
365
2342
2
765
1266
5117
270
1416
1491
4023
1571
2146
2202
1907
316
915
2170
267
1015
3036
2676
230
1767
1429
1149
411
911
3217
196
1388
1503
194
2632
3629
1042
1671
2718
594
341
4
4124
3764
1888
5519
1693
1046
3592
3326
643
4853
1044
1761
1475
3252
1550
2402
3601
4210
2744
749
965
1083
3002
33
55
4975
3394
337
802
34
1896
735
2970
69
127
355
3045
1570
6312
288
356
1864
254
1710
552
2631
1282
2448
1467
2411
2024
710
5671
3007
3046
3739
238
2575
108
2056
4749
387
3074
2711
387
127
2251
2882
241
895
2756
393
778
1468
2410
1871
2457
356
11302
398
141
2419
1565
1812
1878
1456
440
2673
1556
5413
554
2069
396
3232
3954
862
617
65
464
2200
721
694
175
2505
4138
19
3457
258
1640
115
738
613
242
1305
768
5748
2655
320
715
728
1102
4002
134
118
2124
922
376
2598
3764
1302
2729
43
263
492
2660
191
2473
1563
2091
20
1937
244
47
664
2823
85
81
478
5372
58
121
545
5040
2024
195
1152
2235
3392
691
119
332
4671
2481
1125
4406
1566
2584
1781
91
883
1251
853
1249
2412
188
79
5549
151
764
2342
4478
2185
247
983
103
4413
1785
3263
7677
148
2735
2947
3578
228
2246
891
201
99
695
3118
2144
3370
939
1183
2691
4882
41
1179
2024
372
899
721
59
680
9
1812
117
2265
1889
3622
298
3211
1873
2951
526
1748
995
3207
70
3386
2767
49
4827
4248
1459
659
2488
4217
3721
1098
4297
328
197
2137
5088
106
228
2693
399
1588
1950
385
6526
1783
1266
3315
55
4302
10122
3671
245
214
2048
2423
815
1047
2314
7114
1444
1908
1964
3675
2690
3287
4169
1288
1724
384
3735
2699
2926
3408
1575
1062
1183
227
676
5377
813
724
1593
4281
2710
2544
585
1428
63
949
2312
90
2268
415
2891
330
1549
1584
691
1521
4665
4506
2407
5543
571
3250
55
173
3198
509
65
79
2335
1426
85
1512
1251
5464
16
165
953
1734
3313
5855
4572
3043
760
726
1768
2390
84
1104
3790
4719
2138
1491
221
2251
225
154
3126
929
3048
3269
109
449
1038
5796
963
374
295
58
4343
494
680
748
2638
20
1310
1366
3504
1151
1669
16
1536
2110
1609
379
1252
1932
962
89
2117
93
846
462
1049
1743
389
1305
1130
1338
158
193
424
2130
1304
2987
5957
588
1825
1977
427
2085
1854
772
2152
3909
389
236
1566
2349
1353
830
244
2386
4203
2834
685
1032
82
1253
1483
2026
3671
64
2619
875
1491
535
526
510
582
2319
23
1064
107
105
1472
3515
351
247
13
641
1563
1690
3749
1071
4302
1088
3451
1336
63
2246
1897
160
593
2688
107
730
48
865
3436
686
2007
850
677
3245
225
1884
793
2104
901
2849
1797
445
2674
2449
476
222
3591
2434
1882
2264
3313
1196
1312
352
2213
5870
2263
104
1961
172
2911
1032
2518
2098
799
1254
690
2693
2960
4940
82
738
2126
3420
806
4510
577
515
2818
11
1055
4201
636
1356
3516
285
201
72
1908
2321
1201
1636
1545
1015
2249
560
2657
282
448
3124
368
706
1275
1905
730
7762
3146
2188
63
3295
1184
1007
600
4266
1262
505
1921
5382
3825
11
150
1663
2505
888
4030
2731
909
5527
1983
1026
363
449
4395
1502
2659
365
3583
1271
1558
1435
2576
380
484
1778
2511
2126
86
2661
598
2847
41
1373
4032
1748
1746
279
88
412
206
5290
3630
3521
2418
2252
151
1128
2903
685
3063
890
2206
3921
4043
1625
1261
1682
114
4497
360
3827
313
351
368
701
3858
2403
365
2974
1295
153
1690
99
483
1207
992
2006
432
3005
10
2993
1378
2552
2258
54
1981
1868
1614
1991
1859
3736
196
2997
2849
1250
4991
635
260
204
198
1108
599
2612
124
518
4468
1258
977
267
5
227
3094
4830
2832
193
2908
958
269
1593
1327
3854
2283
502
612
1950
900
1710
1248
1922
409
201
945
107
1696
1868
1902
639
1457
3692
675
1281
1659
2942
190
4843
134
462
764
1230
263
4354
987
374
152
5811
198
2861
5561
14
594
133
828
1598
2277
1771
1742
2354
408
3938
4830
1546
1627
1708
6916
5435
101
4577
2132
81
3402
3389
35
834
3897
3377
2498
1792
2618
1951
2723
366
1148
2365
251
485
2868
325
3375
1059
5532
3433
340
3423
2765
465
253
324
1263
2414
1871
2557
682
318
2690
1077
1661
3454
2140
678
725
1706
672
1097
2299
738
2022
1617
318
636
2625
4746
122
1922
1867
836
3213
29
81
333
54
558
1552
5145
2149
636
1442
1272
2577
10
2003
1388
404
2845
4027
3001
1457
3154
1804
328
1481
5633
121
1135
1957
2206
1156
3353
2657
4465
620
263
1925
165
2603
1482
642
889
2543
5422
1726
41
914
1324
1276
1312
849
236
1321
56
4961
292
996
47
430
1840
199
1002
12
2396
1849
2563
334
336
1052
3184
96
616
594
4072
124
1375
2593
82
420
78
1038
667
79
1008
918
1334
2028
1345
1214
1707
861
756
1111
804
577
2413
234
4448
242
365
1215
1528
98
2753
2205
1645
577
601
4174
2174
121
275
1579
428
6574
2357
5215
4050
101
263
127
3185
292
125
2401
2320
257
3605
1151
3690
4580
143
142
3046
1458
2129
315
1724
587
1086
4461
3607
577
248
150
38
402
71
29
1942
525
624
998
398
2153
4062
220
2033
2622
1519
1701
3709
190
4691
75
3822
2018
652
1007
1085
187
920
2393
3191
2333
376
3315
3057
982
95
2931
2757
1106
3128
1898
2853
555
608
5938
309
92
625
5319
2739
3175
3063
135
349
1620
4311
2791
3041
1435
2639
4426
2610
650
2724
1388
232
95
7911
20
635
2710
810
42
2108
312
1154
102
1162
3115
2392
1695
864
3321
1818
124
1856
27
71
691
1994
469
119
73
3457
3009
1210
4016
215
1803
2311
933
1123
2575
2176
233
382
2089
672
8963
1863
209
216
231
921
1102
2841
827
353
6050
23
941
2867
1370
216
1644
860
64
1853
5239
2750
264
2338
61
2262
85
4299
589
1160
329
37
6521
3002
3468
2393
1886
1806
2513
166
379
2
602
183
1371
547
1659
635
1285
1778
3770
715
448
1637
1806
3277
1972
458
351
3975
509
6283
90
1822
315
1070
925
7929
196
3734
4137
4132
3588
1945
3149
438
4046
237
988
556
1572
477
44
4891
1627
336
40
408
2557
6449
2908
67
1938
3660
1832
587
2670
663
6270
599
107
916
373
1671
3597
128
3014
703
1254
110
3143
891
2049
622
48
3402
5890
3200
3390
9927
595
489
3809
101
2400
2925
1545
597
874
4361
225
1527
2035
1899
1457
4050
2133
759
38
4558
838
117
975
346
363
250
2591
1458
16
2345
2636
310
27
611
1633
6
3466
3616
2202
136
142
1504
4016
2640
665
3470
1940
2775
62
369
1315
5913
3031
127
2760
104
325
4190
3204
1704
108
673
1015
105
753
409
2475
1868
630
907
4
6525
1971
2375
4215
375
3911
2390
73
482
631
349
2822
733
467
4639
2492
2396
5992
3947
1974
1053
130
471
287
991
985
124
590
137
806
1770
1967
437
1068
340
108
1347
2523
608
2356
2621
4858
495
3449
464
4636
549
4282
325
3666
2034
3326
3266
785
571
558
2799
3123
560
924
2906
2038
436
542
37
850
3692
877
3945
2349
86
69
707
1928
515
718
2326
1340
1805
263
2675
3763
976
2079
2189
47
1719
1865
464
1127
167
841
602
2955
473
292
4878
4570
332
1213
3814
1363
408
494
86
1975
1023
1563
397
5128
2668
211
2157
702
1990
4414
1427
2196
321
1251
3561
1839
1444
1082
314
126
262
1509
5595
2516
2740
603
312
2267
571
97
3264
290
505
3986
23
4681
3032
2404
193
3328
6890
349
2365
617
2521
2113
23
286
991
1514
753
2422
242
776
829
1835
3931
4798
223
90
1879
3301
6593
2442
459
41
2055
199
905
2982
2298
2155
2866
50
1380
5093
3640
313
1610
421
415
24
1543
3272
312
1009
1146
1507
1503
800
812
984
1447
75
3388
505
2714
5473
2021
3494
2384
1802
1988
2676
1766
3785
975
2000
2225
3711
4277
1091
3801
3062
174
329
3024
100
1610
943
356
2231
206
567
2060
1029
1082
1520
659
3522
680
725
4879
967
880
1380
1067
1167
616
1066
447
1187
1663
4453
988
301
1131
92
5375
4585
4694
3124
1152
769
1729
509
661
2133
1611
525
3014
82
150
3154
916
27
269
3037
176
200
651
1381
381
1948
91
157
3032
290
142
1910
3575
3994
4191
208
1956
2209
1544
674
440
3949
1951
1207
4300
1020
3219
5366
1369
131
5874
6124
284
785
1381
221
290
4997
331
118
4
484
1912
2018
3572
1980
1891
933
1221
676
1245
1599
2005
4366
44
783
4608
131
1865
1715
27
160
1614
1353
1168
242
3025
691
552
3255
57
113
639
22
2186
1593
568
4650
556
417
141
2185
1649
3203
2707
1222
2543
2086
2258
1956
1217
218
871
2004
2719
358
205
1061
1844
2256
184
338
405
42
1883
1227
1017
46
3401
87
1473
1353
3530
5023
4315
2567
2854
4783
672
826
4690
7608
1415
1115
3250
909
969
787
2
787
10
351
1599
5065
34
102
162
1478
1097
6510
896
562
3210
5359
7850
915
260
289
1868
1514
345
327
322
707
2194
2716
1345
722
389
4000
151
3550
2018
1086
951
4849
3664
1126
963
2844
3901
136
614
375
1618
1331
834
3129
971
1915
896
3804
960
104
84
1152
1904
748
716
2936
336
2955
2385
208
785
119
78
120
2204
1549
2478
2123
264
366
990
599
3905
1934
2077
4361
4368
549
1534
1754
1667
5192
15
38
1611
29
2503
1151
2516
875
1404
490
1467
154
1337
4166
310
355
366
4072
2513
219
1576
446
4008
2243
451
27
270
152
611
3441
67
2371
878
677
231
532
808
5279
301
5561
4121
2124
30
84
5837
2777
10608
187
4063
3738
1392
288
934
65
445
2952
360
4995
455
960
1429
362
709
3453
962
2307
1052
5051
638
253
2834
240
2619
3787
2533
1698
1501
5481
886
1677
24
909
2743
1549
2710
867
4071
743
892
4036
1283
257
4830
568
70
8225
568
4955
1223
158
212
3574
414
1996
409
266
1441
2922
124
2549
839
239
1229
98
858
828
3879
1526
1003
58
805
172
74
1569
2673
855
1462
3245
403
1827
2687
373
3442
329
832
2139
3515
306
4248
5045
11
1709
4884
82
961
1119
772
5765
1402
2454
185
1541
3951
3662
3137
1034
5564
914
3006
3754
1005
391
9108
873
759
64
35
4913
3534
5513
214
2584
4722
1496
1807
909
3185
2429
614
782
1602
4639
2777
11
3017
3831
513
2286
2874
4096
2680
3376
33
66
274
1090
1973
1448
4275
1845
204
8053
51
309
2779
342
2772
2496
338
1465
840
7846
588
466
165
456
577
96
272
1012
4257
4263
1969
578
222
463
3052
3162
309
406
1540
106
5470
1133
71
2150
62
3567
117
116
1328
1224
2706
2398
3180
3341
1009
3576
1061
3737
1389
3635
2064
336
828
2061
184
591
79
98
717
1796
2236
1985
7368
2691
34
69
273
1335
2113
2492
827
3037
1968
2693
1013
2514
469
3296
3659
956
1283
524
2175
2920
1948
2050
2564
1907
1093
1479
3231
374
4001
741
90
2188
97
647
2793
178
2720
1343
600
475
711
2374
2374
101
2993
209
206
265
3217
2702
2267
3477
632
1433
3276
76
470
1904
1659
66
1298
2217
4869
2597
2037
5465
1054
3503
1987
1588
2269
214
4454
1293
188
3213
986
2623
554
2735
6009
639
2518
1584
1030
1413
2715
2120
2061
1266
31
1034
411
1170
1929
563
3287
3655
872
2055
432
783
1131
1259
1096
654
1916
116
79
734
957
1059
219
661
102
3768
788
5527
2605
208
421
694
2544
438
89
1124
131
2285
941
122
710
922
1389
330
3096
1920
2575
28
1380
346
1366
2258
3981
183
1307
1320
3327
103
300
4820
1738
2738
1976
397
1651
3802
3597
495
349
1898
4727
523
209
1866
1046
1557
824
638
4220
298
894
3368
604
5430
3484
1310
1932
83
1642
1237
1379
134
170
1215
95
1881
800
1890
525
1297
1494
421
3254
4139
4808
2193
771
4018
3044
3945
560
2496
4789
4351
1407
111
2413
1740
1673
32
833
298
369
1658
1859
616
4125
2418
104
389
588
908
2900
330
2147
53
2232
6
2893
408
417
117
2225
251
1439
2407
1053
223
563
101
2208
45
2762
3897
632
1048
1623
886
1051
1081
3408
259
613
260
2923
20
928
144
11
194
1413
1437
1386
878
1638
225
1858
2703
2817
41
2455
468
1891
26
727
2987
363
3775
2838
6566
3781
2765
3352
1031
4830
2013
1033
6815
956
784
133
67
3308
4256
5670
2922
40
2557
185
587
453
1847
2602
2274
3198
789
16
4463
1000
1861
65
1522
232
238
3354
3278
3489
493
557
6422
733
2726
130
2404
1994
3178
2447
2207
77
1585
2420
1922
1730
1244
4056
407
989
222
1871
49
2163
73
259
591
138
2976
3535
3277
630
2431
3663
202
3548
325
2151
616
39
1634
130
487
2378
4165
2192
2281
149
2024
2425
126
1699
1545
2773
86
2618
1821
2543
600
1233
3767
975
1547
1112
1623
3521
1224
50
2286
1286
1664
6119
2241
499
4251
3102
3737
24
5586
1976
290
1048
602
258
1259
2557
3607
4211
6
1226
2563
2568
5264
5509
418
6614
854
1416
2513
4071
1981
237
293
2874
2014
1295
2415
82
3322
2866
3353
359
2257
309
3150
207
3415
292
1732
103
1
2189
995
1261
415
2015
1464
1423
1558
2726
546
2118
2451
3433
32
98
791
28
324
213
629
623
629
125
1319
1476
488
2200
1789
2297
963
1534
3436
2259
381
2989
3239
869
12
2896
834
1659
92
900
8508
1763
2991
104
4428
165
278
726
4053
1455
1544
3543
8
503
398
44
753
142
2185
483
720
658
1712
1019
374
1316
29
1748
173
2394
421
2122
6167
2129
593
1590
849
637
817
2693
7062
1497
1681
1285
2469
1004
137
3184
2340
1784
2736
1116
1472
3138
3134
4576
76
383
4868
79
424
360
2823
2302
657
1297
680
976
447
1577
1984
3121
418
684
3130
2238
49
1847
716
3078
5720
429
786
306
3231
76
1544
951
3726
4079
1395
30
2852
169
1183
1152
645
145
579
290
1219
1550
46
838
64
189
119
3630
376
944
5293
521
2348
99
46
757
2155
621
4917
2320
64
2769
19
2986
136
329
2125
3717
386
8073
403
1622
727
1384
2014
1107
2354
2878
3931
1186
2114
601
1351
184
1310
1493
2075
5221
5233
2893
76
2586
5918
1156
380
4621
1225
8278
2277
252
1865
1210
1304
756
32
1631
1282
155
973
1100
662
804
451
1870
1688
75
1612
756
249
298
3209
2731
2661
150
1475
235
261
1709
1376
125
936
783
253
3105
801
2009
3
262
3192
2439
1005
2508
211
5251
376
1616
2307
2566
2
64
72
430
921
4116
105
1663
73
488
2034
1330
3158
2884
2021
2121
104
531
1492
1712
459
1450
57
546
1485
419
1602
1235
1497
2302
4063
2278
2130
197
4016
4815
948
324
1602
3342
1475
1158
219
194
1649
1246
476
984
200
3142
3326
1295
1927
1536
814
2009
3773
792
3271
2450
1466
1305
146
1443
2125
350
3462
2045
3605
2393
900
1291
809
1067
5016
700
2881
6067
2174
2292
4711
1094
683
504
265
2465
169
4848
503
65
661
950
3396
3460
220
3837
167
571
254
2070
71
120
2929
95
1287
1089
178
2046
2911
6063
1021
282
434
1074
1980
914
406
173
222
84
2602
661
3050
342
1658
697
2012
106
354
264
937
3242
405
3721
2448
99
3569
162
1044
504
3703
3099
5940
67
219
292
37
2552
2213
1794
983
1287
2
3322
964
3911
1828
90
1903
498
2782
1383
545
2086
2307
2867
4948
301
47
1122
2051
722
800
1016
350
741
156
31
1981
1721
2024
2578
4488
2994
1932
948
1902
2104
560
5047
3664
2847
1262
2
233
842
1575
2
2354
7982
23
636
2544
1489
785
4719
414
378
238
3013
834
1145
1298
4913
253
1701
719
1448
1481
486
827
298
3006
2369
61
169
1738
2394
187
1576
1404
4236
3511
1511
3462
30
1042
1575
39
3850
3
3850
894
2569
2732
231
4706
993
168
2341
351
834
3689
1201
2813
1592
3739
1067
3870
469
2959
1474
863
1193
1065
1410
3807
3799
2648
2937
1298
2812
140
1366
1584
2384
864
2415
1976
2048
3543
283
131
3970
281
3305
1928
1565
2324
1715
66
1037
155
1426
1843
279
1445
668
3212
2954
841
1502
905
283
52
1602
64
3835
883
356
1916
399
563
6357
4458
806
1644
1721
2389
926
420
258
526
898
64
2199
1772
2755
1101
2061
365
2140
1626
3584
49
164
2743
1669
931
1227
747
5214
356
2444
321
709
224
118
129
2577
2744
475
1663
172
3043
1955
4894
6015
3211
5567
2719
892
2388
1465
1085
3628
248
2803
557
1083
182
3391
2859
1010
205
2380
4457
246
835
120
4221
1248
2539
1484
2017
2636
4478
5219
1223
115
3526
172
1800
1957
355
72
2146
2360
1661
1873
2339
971
2260
1540
2517
1816
1136
4045
2315
93
2327
4260
1930
1702
4071
2284
2553
1198
143
2186
484
3378
3627
2604
247
2471
15
678
2761
201
3410
66
116
3779
584
3005
501
628
221
176
667
936
1305
4844
306
564
840
3222
3022
3647
6420
141
81
1520
269
4844
2899
1903
674
243
632
302
1090
275
2083
2639
554
2358
567
1362
5946
1767
432
654
3293
1939
2230
1407
1054
2516
1413
3809
933
151
6211
230
752
368
1491
2607
1921
356
191
148
4690
745
505
2518
1704
55
8356
2201
2619
89
938
2889
870
1555
208
90
1063
3145
106
3350
157
3073
128
1552
1070
331
974
1664
1893
1171
1611
722
1879
2355
1838
734
3411
289
815
291
872
208
2078
1398
531
794
514
105
3594
1401
1105
12
2662
201
2051
917
1230
172
317
1388
718
3768
2493
4171
2097
4038
122
648
683
9179
72
3220
3100
128
668
786
402
4799
209
2012
9
111
432
483
969
51
38
284
4845
625
1177
2214
1670
4314
1310
262
1122
626
2503
4006
514
3045
454
654
1412
767
3511
45
605
2323
2762
3640
439
22
347
2244
2657
196
1182
2
4891
1319
2983
1647
279
586
2878
454
1426
284
1389
771
2568
412
1767
336
2344
300
2069
3584
919
2305
141
742
91
1408
212
298
3599
261
324
2330
5247
3861
195
380
1678
1095
6673
231
2300
752
247
2419
96
956
3087
53
1562
252
674
2785
2187
1352
3313
1927
1472
1065
782
378
325
903
51
3146
3268
761
30
101
1474
38
4003
742
524
2357
433
566
1733
4632
2820
514
5824
90
243
2532
57
961
233
1069
2270
2097
653
3082
158
1548
4340
2207
592
2925
2140
425
3109
2243
3878
1657
3842
8742
936
3168
64
2937
201
2125
1206
922
1074
37
2
3912
2025
733
1960
2058
83
2164
1716
377
2087
652
3478
1479
411
1449
1984
125
4142
1612
5508
2087
95
747
560
1077
1068
1544
345
719
1710
4626
1293
2389
2050
1537
3434
3784
1922
146
3970
4692
2382
1293
446
3104
1760
17
1414
1432
2117
1259
1018
770
3478
159
2763
1457
5697
3132
2258
343
277
2468
657
6352
2876
2919
257
3204
1216
2703
1196
665
624
3017
1458
449
1394
159
715
392
3870
897
1711
365
395
1680
515
115
73
488
66
2759
140
162
848
38
1133
3768
5726
3120
5651
1010
7519
3020
3890
810
3727
2246
4115
1163
1467
1429
3008
6447
35
2103
1155
291
479
46
292
3907
4606
710
1053
308
230
2632
4069
120
3936
1182
1100
30
701
3064
4845
70
1116
2504
22
1416
8624
1629
574
160
6289
2653
236
178
2678
2201
5218
2581
5597
112
6006
6
2229
467
5738
1868
4322
1782
2460
1805
1151
601
3220
4011
3878
280
339
1378
4441
775
6356
499
3235
105
4176
1056
166
498
7242
75
5202
3661
2236
1807
23
2729
613
2611
3359
1289
798
71
1437
779
495
2060
531
2058
1015
250
275
3408
3784
878
255
104
266
1726
1592
1197
1660
4474
3704
517
5156
1425
1232
3273
3100
2619
1723
38
2321
4112
269
276
2935
2005
1232
36
457
515
340
544
172
3119
2433
523
593
2202
19
241
453
609
2434
2132
4009
2006
2345
3603
489
1028
481
4886
3251
987
181
2243
3447
1343
2816
32
285
3097
126
1017
343
95
272
1107
2539
1298
2721
619
1627
50
1814
1858
1811
2706
1949
126
2756
3
169
1159
1111
1038
32
5784
1066
917
1879
119
300
225
92
2812
45
1359
312
2023
237
626
6725
4165
3628
1297
1005
601
1277
321
222
846
2929
259
2839
619
2002
1168
286
205
280
1104
420
2454
1481
6
3501
1783
393
1543
231
278
1973
100
1267
102
922
4685
6157
2473
4095
96
208
2730
3443
404
11
254
47
1852
2
380
1788
3760
619
1110
453
598
1133
2579
222
972
61
398
3079
650
13
64
1663
1406
1171
1862
790
62
81
3214
2031
615
682
970
522
919
1731
6248
182
442
1557
1522
5180
993
2547
1037
243
3021
465
1895
854
478
1466
2064
5195
4097
3181
565
6630
1393
5025
2500
3266
6247
2728
81
254
1265
1240
1381
225
1810
32
116
274
4561
2652
2546
165
3561
395
218
4520
1190
1170
111
2942
89
1209
1179
1118
264
709
2754
895
4531
98
64
1792
112
2460
858
2738
2075
4617
826
5785
3589
23
1335
2841
3536
627
3117
3318
353
4151
4789
571
2199
69
28
765
1110
1540
293
135
234
424
2419
2304
7
46
78
2319
1325
1372
2468
3568
1062
61
1735
1015
544
270
45
5819
4969
2553
757
8607
1504
675
1150
34
1488
1178
674
3700
590
195
62
2
2150
4478
4036
519
368
3478
2450
735
1929
241
2752
321
1002
2240
991
299
647
163
598
1018
2180
66
5824
2318
3796
14
4330
826
1202
978
5267
171
1706
1597
45
1564
80
2181
1127
8359
682
1086
1645
131
5803
211
339
642
108
30
2544
994
3192
946
1768
1890
1805
1346
528
1556
84
571
1773
305
608
518
3425
2513
2042
1602
428
2902
86
2448
1154
142
103
3260
2043
6003
1126
530
168
4473
3132
1182
346
478
3824
946
1850
3764
947
584
677
319
3526
781
49
3312
1930
947
2580
1891
10
212
825
786
5486
280
1735
578
2223
2015
2402
2190
13
806
1178
702
1077
600
122
1823
2316
103
683
695
1466
70
1080
627
435
1640
88
1983
791
1233
2095
2945
152
2986
5365
1675
182
835
2321
623
915
1580
1529
2401
341
173
415
201
2006
410
839
182
875
307
1213
912
1029
1427
4281
2251
2783
2553
1415
2185
165
183
218
2096
787
2743
390
356
3795
421
679
623
1154
593
2121
3004
1577
45
3285
6503
384
3278
1166
64
2920
3595
2765
3060
204
547
634
562
170
5034
311
35
133
3262
2780
1292
705
2019
1030
573
54
1332
611
2478
948
670
2909
131
2533
3833
57
3477
28
5444
111
79
1840
820
306
43
2225
1265
7507
1133
272
318
175
3207
195
1291
1177
587
2197
2056
1185
2576
941
2726
2065
730
2261
47
3064
2135
2993
2383
3291
1441
1683
3046
739
3660
391
295
3776
3321
611
1528
3738
3189
1463
427
1541
3577
796
565
527
409
3270
3954
2917
4942
483
251
2029
1037
3132
178
76
2406
63
733
643
710
219
1727
634
711
433
1014
1077
40
1423
319
316
897
2235
911
6834
1449
2219
3404
6839
1107
1767
423
737
713
266
1405
1601
53
5
2622
362
1365
3899
540
3783
125
2886
1231
2363
2423
1517
2712
1247
1420
3719
2667
933
216
264
339
1312
374
2086
689
431
3858
8129
1222
3671
17
1656
2346
1401
1358
1650
3442
3533
1312
4452
1720
4945
992
1018
172
1902
164
529
226
1226
588
2071
1977
3557
4354
74
2263
460
2373
619
114
446
1545
1790
4598
1922
1049
673
1782
1379
2740
32
2741
2092
270
1280
34
7623
689
3387
1422
1213
37
216
2736
651
144
229
1638
1859
1950
1996
1074
110
4160
117
2152
3608
30
2043
1394
785
164
151
554
191
100
559
1774
978
220
2205
554
883
646
116
1719
832
182
92
345
4141
2645
2311
1897
1507
1314
631
3073
613
339
4335
2006
1581
2279
3947
110
926
210
1204
700
7605
144
1075
1945
3954
213
1209
3574
4315
2347
35
3041
777
1627
419
2632
8120
758
121
119
1076
317
2731
2981
5
2648
1982
690
2
139
4127
412
1519
368
263
669
133
187
947
1436
254
2862
4464
1015
1152
319
156
981
1493
12
2048
966
148
2462
598
1596
2188
509
3980
51
1727
2373
458
25
681
372
550
2605
12
965
1884
486
236
2713
2424
2228
340
3240
738
695
4264
282
2167
137
1374
2102
534
171
2146
222
1338
263
103
4495
587
504
669
654
2418
728
1406
1722
551
377
3112
5214
1286
565
2786
79
899
245
1779
3517
505
426
2747
104
393
1490
116
514
2644
2310
1006
3419
4560
5404
8135
