real_Parameters :  tanh 	 failrate:  25	 Fm:  309.9466	 且最后的Fart/Frt:  0.5631729722		   Time :  6.6846

3
86
223
247
241
9
184
17
250
377
459
406
391
393
134
422
214
375
6
409
3
376
426
151
273
456
418
429
432
24
155
404
74
494
415
584
19
79
157
567
791
359
787
362
663
93
220
181
387
635
17
905
63
277
848
508
276
359
279
189
403
464
451
32
146
419
148
378
120
912
869
367
399
136
217
245
61
291
209
21
16
1
357
94
248
309
576
370
15
194
58
273
650
335
245
154
222
38
31
390
385
153
284
112
161
309
425
453
451
112
351
524
60
28
355
477
49
253
243
118
192
533
217
626
288
391
1106
275
302
568
551
28
378
115
416
249
415
810
567
837
858
327
258
336
209
637
508
172
927
361
180
277
270
73
741
479
204
330
61
254
137
100
339
394
508
436
188
323
115
264
9
425
602
129
48
45
214
707
394
7
489
467
244
148
380
98
236
172
234
43
338
361
325
66
55
15
252
588
135
165
333
327
245
107
507
232
443
511
292
178
341
744
269
163
56
86
287
286
288
354
217
176
270
467
715
443
374
22
91
189
400
63
43
415
106
70
88
102
510
442
415
134
229
84
363
615
531
294
803
198
509
189
136
102
259
173
138
344
242
282
22
549
272
368
355
122
598
275
258
47
686
172
514
349
309
212
479
197
287
297
3
171
126
89
178
133
202
45
317
229
531
1011
168
123
615
613
592
685
107
474
335
425
293
278
563
102
312
59
444
191
438
574
280
369
287
67
205
443
264
70
349
302
163
596
45
240
458
473
512
418
212
365
71
187
181
457
85
93
229
284
254
177
532
131
377
106
107
440
527
362
183
9
505
187
324
135
335
148
469
438
276
260
154
653
296
657
248
141
508
563
751
224
314
39
684
457
148
215
20
592
212
325
518
420
356
273
389
455
425
200
274
203
508
256
447
238
236
941
416
123
80
459
200
472
342
393
186
69
507
117
461
926
512
778
188
402
400
41
675
290
453
344
409
825
95
452
78
157
77
790
400
492
263
47
316
442
197
158
498
222
144
131
479
422
477
306
713
228
425
361
341
634
232
381
536
575
131
176
384
26
451
11
241
359
483
761
482
550
484
59
1047
168
120
360
155
503
190
490
451
283
861
59
69
176
235
366
345
324
182
474
261
937
374
456
311
757
790
226
127
180
115
824
483
50
176
129
105
339
333
187
473
587
190
503
133
175
5
135
123
233
218
453
250
216
172
149
272
373
530
358
128
115
378
348
195
645
373
15
306
75
90
374
656
404
137
39
41
268
163
451
479
168
329
50
316
438
30
3
187
97
103
110
162
223
120
708
144
142
561
331
486
28
632
611
238
414
461
49
143
436
133
221
27
250
419
386
155
87
128
128
24
145
227
373
79
220
220
439
188
502
517
44
557
265
362
536
390
500
15
264
668
261
155
49
263
394
389
425
140
100
8
353
11
118
643
129
202
114
83
193
65
540
70
196
405
220
67
461
103
396
242
247
409
76
312
541
72
127
102
89
42
298
490
177
97
178
402
422
133
266
309
63
471
250
265
41
29
619
125
330
472
869
434
572
426
135
118
371
455
438
406
733
671
255
519
245
671
489
503
407
296
18
202
391
399
261
34
320
161
83
501
399
297
447
241
235
136
261
352
307
78
494
141
77
158
362
237
68
512
255
24
92
534
352
88
546
382
303
383
157
514
183
242
235
597
372
92
326
94
362
157
421
506
34
63
347
339
471
344
154
279
147
160
8
404
220
247
512
601
510
289
584
381
154
29
456
40
769
611
359
363
837
348
242
603
493
323
294
620
148
541
368
80
619
128
325
335
425
326
391
31
388
289
161
664
520
207
633
486
271
808
136
628
154
41
708
452
427
46
174
177
112
286
467
417
615
8
425
96
105
448
448
159
167
225
320
219
285
446
63
179
139
41
255
271
143
130
15
146
22
215
691
396
756
282
302
250
473
280
804
67
154
30
127
174
352
329
472
595
195
77
459
257
185
295
480
653
635
276
445
201
420
273
28
465
287
85
263
530
200
312
91
186
258
251
54
151
262
25
215
434
365
99
122
310
297
38
323
384
358
255
347
340
232
74
414
36
702
403
284
128
355
594
389
236
622
231
74
231
202
161
674
826
101
72
834
425
36
74
530
159
261
240
288
243
239
459
295
603
236
37
99
203
421
398
230
30
234
685
232
377
308
601
20
209
433
434
671
390
457
169
45
239
193
121
485
171
346
351
504
628
414
188
118
84
624
759
397
235
420
629
440
918
266
592
54
214
79
495
142
270
479
804
113
115
67
412
506
453
338
137
582
331
280
256
515
342
83
431
563
296
691
50
309
188
230
349
236
296
316
62
158
210
525
218
387
210
449
85
510
254
264
611
682
48
404
339
128
682
520
317
1000
891
459
22
958
626
193
192
267
134
467
305
90
54
713
210
304
328
64
275
698
254
70
442
610
375
607
155
501
397
120
179
89
227
404
252
432
288
714
217
305
247
659
190
116
248
306
634
234
299
228
442
9
126
447
59
266
147
381
462
183
458
31
131
238
257
88
291
569
178
406
108
756
26
104
490
52
301
447
31
377
317
398
12
38
260
386
349
361
273
48
11
315
223
276
459
576
135
218
101
518
309
276
122
342
571
48
212
544
328
112
112
678
602
279
303
225
364
60
423
631
804
426
409
104
422
679
513
386
230
385
708
84
56
441
95
536
157
145
507
346
496
106
507
46
489
290
578
354
431
230
508
6
478
135
105
533
414
340
621
335
151
3
266
32
719
324
558
158
171
380
106
206
557
84
501
412
88
249
337
302
859
409
115
276
203
123
292
247
77
319
118
144
334
48
302
83
258
24
608
663
207
274
200
347
324
223
180
761
28
386
30
144
35
11
718
58
45
506
567
42
529
589
197
124
37
53
19
261
434
366
271
337
472
351
55
299
184
74
142
110
193
39
338
235
362
573
413
204
132
154
83
408
124
262
218
640
562
272
804
281
70
22
29
148
166
39
288
217
201
869
296
12
410
510
417
253
413
326
47
436
273
145
296
453
486
31
791
75
206
368
265
503
554
502
396
135
320
349
473
346
114
370
323
306
795
484
303
19
705
352
86
360
645
95
171
165
305
651
33
362
182
119
117
660
183
279
249
305
476
80
597
547
517
3
149
234
582
181
385
531
626
488
135
155
135
387
15
370
445
212
302
379
85
28
281
523
1160
482
473
41
463
252
142
174
241
139
450
219
144
169
650
216
225
284
54
226
337
248
199
588
397
491
560
310
306
169
458
137
68
35
7
40
606
673
27
674
206
358
88
686
102
177
472
348
13
215
97
185
8
351
79
394
101
349
140
52
256
642
539
344
466
175
409
227
92
138
237
334
139
885
700
282
177
367
234
652
259
108
268
48
417
535
105
37
363
113
376
146
43
716
434
508
248
199
290
581
652
170
93
288
452
460
558
123
214
277
454
240
557
268
154
378
224
47
6
127
164
488
480
27
130
139
543
537
170
386
159
142
191
380
9
501
425
340
119
158
453
740
770
124
372
273
23
76
194
42
673
613
41
132
295
286
290
107
241
536
153
188
20
355
383
184
392
367
326
471
33
318
409
393
401
39
765
35
54
216
1057
334
352
42
303
158
103
362
623
381
508
131
80
602
417
376
456
426
275
585
598
274
327
621
185
198
135
208
1
369
272
3
688
158
469
286
107
625
308
440
54
176
373
545
109
426
267
303
330
277
264
134
139
176
193
192
329
309
511
148
312
427
81
56
16
24
381
13
641
198
88
128
739
167
448
566
271
440
242
521
292
85
166
273
226
189
305
45
214
340
702
176
97
305
191
536
555
191
19
211
337
291
253
998
243
227
14
152
250
56
295
332
356
414
159
649
390
233
1
282
396
305
265
694
866
274
60
324
81
515
92
266
312
298
626
19
286
173
535
375
26
81
494
151
364
227
274
435
54
52
453
273
28
99
190
139
377
252
454
521
337
433
222
195
156
236
269
257
718
592
193
278
117
82
80
561
758
123
73
687
119
663
640
324
65
278
76
601
126
144
431
199
429
140
350
180
369
653
190
50
131
429
132
336
14
428
249
93
49
300
286
690
302
31
149
40
123
223
247
522
192
28
12
20
504
309
199
128
146
490
690
392
446
278
263
245
292
358
565
21
392
98
140
47
36
364
158
188
403
414
96
449
264
23
42
89
521
154
66
457
106
288
40
289
790
150
261
350
352
324
881
414
594
1054
570
85
374
356
251
92
201
326
124
258
40
219
280
136
359
223
180
17
257
341
208
193
861
213
714
689
434
129
463
117
532
483
290
345
35
607
684
275
770
513
658
307
334
148
203
129
46
199
24
431
261
55
465
583
21
460
212
711
137
312
132
621
71
394
15
41
383
320
501
300
1168
493
123
391
135
228
81
395
229
188
42
175
530
153
155
165
411
76
387
232
216
406
327
343
164
49
73
256
112
253
354
326
530
401
283
445
299
216
192
346
113
173
135
349
427
506
42
111
761
294
264
330
167
82
16
1055
512
748
990
472
1
90
305
211
484
281
278
25
654
214
96
619
39
92
534
509
158
53
412
104
202
425
444
133
317
116
174
464
364
60
263
192
339
245
456
639
374
44
397
676
82
140
175
726
280
819
248
99
124
90
403
160
281
13
364
231
302
688
237
454
545
312
181
424
584
437
437
361
460
3
164
295
406
243
414
35
269
452
283
21
28
219
546
469
22
421
48
105
545
714
152
86
380
426
413
763
37
228
75
604
127
145
420
429
354
62
532
281
471
103
425
718
316
642
194
145
389
235
47
521
396
12
344
468
28
369
609
417
865
232
341
157
208
17
562
54
135
217
142
102
731
244
363
287
358
210
559
292
371
299
529
441
254
393
53
456
69
385
126
196
585
76
275
248
355
56
235
74
720
234
136
504
383
34
203
430
123
173
903
576
452
487
116
420
291
562
190
233
416
281
365
139
106
143
95
342
128
31
298
311
555
571
202
325
92
132
358
250
237
687
246
301
468
223
762
369
301
318
303
276
298
295
326
21
71
469
47
652
140
343
482
205
23
167
140
327
128
313
319
418
407
309
388
301
339
504
94
282
330
368
232
630
456
308
40
194
187
283
114
167
223
170
219
842
660
69
115
32
336
371
36
516
280
342
126
452
560
419
472
478
322
352
272
423
463
517
592
441
580
301
261
209
495
989
11
292
282
141
543
102
22
86
289
206
47
63
100
468
360
329
549
118
81
360
478
705
321
566
538
348
368
122
332
154
621
305
471
37
343
188
252
88
87
169
555
214
32
223
108
229
79
235
17
527
40
729
80
554
46
304
621
288
916
7
192
14
141
116
89
406
352
470
652
555
673
153
114
223
317
219
41
348
67
456
89
354
47
302
306
644
209
589
85
60
434
367
81
394
799
78
424
209
253
548
102
108
411
317
517
411
321
853
183
156
9
274
383
177
497
191
1016
42
271
437
209
296
38
405
54
348
135
913
237
28
61
413
508
272
631
300
67
53
498
84
69
291
518
830
252
607
572
354
190
214
75
104
258
201
29
44
582
123
495
903
324
340
458
540
191
614
123
53
97
997
535
460
375
89
439
708
518
307
664
462
721
227
12
173
65
319
729
482
96
166
213
306
254
436
275
33
766
338
365
247
547
335
449
7
500
291
34
698
291
146
378
345
239
635
459
427
93
84
444
699
68
84
3
231
32
224
304
441
295
337
233
724
196
238
363
44
217
711
391
43
221
114
355
87
654
465
462
220
56
375
383
111
213
338
470
666
625
259
347
87
404
691
990
189
435
460
530
45
538
375
402
259
537
239
7
162
22
869
162
791
64
317
524
549
128
150
562
1170
58
557
179
1
310
95
32
396
412
310
46
336
277
1
56
15
244
606
377
222
439
71
364
403
198
650
363
168
118
63
735
501
310
683
1093
176
106
121
352
97
704
130
66
668
561
126
3
27
279
189
87
528
507
297
190
231
391
63
70
259
920
282
457
505
262
483
844
460
310
673
117
79
406
229
727
314
1189
163
640
501
534
403
134
114
81
173
92
87
440
215
268
245
1
638
152
252
142
575
73
497
219
143
607
35
228
182
203
730
228
130
120
900
432
414
356
418
489
379
423
455
155
124
365
385
1
526
232
290
461
230
381
501
78
449
240
294
135
411
186
502
47
222
549
54
203
21
291
624
25
290
113
380
394
562
385
25
171
92
143
468
205
601
56
392
368
381
231
247
69
597
176
179
807
278
574
150
566
366
371
175
374
330
330
270
353
300
307
208
79
20
490
155
9
320
36
778
824
33
574
366
289
583
31
737
436
272
209
903
165
178
67
437
324
427
296
360
482
475
78
304
545
371
117
8
243
88
44
521
627
154
175
192
340
30
247
139
30
708
124
795
69
371
221
93
211
445
345
480
327
345
57
376
744
264
458
91
423
512
244
222
201
195
674
256
28
598
76
374
471
420
495
269
262
114
133
329
166
454
496
237
61
365
176
492
294
147
222
104
527
34
146
21
237
197
350
21
163
374
127
412
110
50
182
624
251
54
127
310
106
106
19
341
605
237
33
362
95
280
363
5
362
118
589
425
299
171
78
59
504
318
344
150
341
65
276
262
45
82
659
50
194
401
49
194
201
483
243
13
57
161
467
365
645
265
219
291
281
504
292
272
171
416
291
349
32
10
487
88
409
64
494
580
371
204
161
527
510
248
543
328
726
249
207
530
498
55
48
167
666
618
235
180
230
421
59
401
459
217
142
378
214
94
196
595
257
93
396
430
32
65
64
254
118
219
459
198
848
480
135
443
84
240
557
236
190
677
255
105
471
284
277
382
984
465
721
342
53
390
130
97
267
279
454
12
306
145
418
508
307
564
630
406
929
110
180
201
253
84
209
837
286
250
234
430
150
352
491
357
189
842
192
283
340
285
463
139
124
35
902
277
18
220
53
412
386
381
339
38
48
101
110
171
539
225
172
184
53
313
129
397
226
224
139
315
278
194
549
162
587
391
139
138
250
285
212
94
542
113
404
620
617
544
264
142
442
711
38
276
332
386
407
358
518
452
209
130
473
195
290
667
366
657
115
191
390
44
194
483
578
143
33
472
336
551
66
421
117
73
606
94
202
424
56
533
728
1
431
209
495
150
378
152
119
701
186
371
656
607
462
409
208
574
758
448
65
523
222
210
365
85
101
46
614
396
357
86
354
347
407
163
32
54
70
378
358
215
656
63
31
208
269
273
156
190
664
12
88
82
71
910
431
23
246
294
262
322
382
58
173
19
80
590
62
574
113
207
850
216
656
173
786
624
103
314
150
287
304
485
226
293
141
537
642
146
64
155
317
584
156
11
80
172
12
226
126
423
284
33
596
260
303
258
144
786
322
435
280
372
192
367
446
659
184
699
61
188
544
408
370
9
597
123
83
47
742
518
91
435
174
349
331
310
340
562
181
543
33
473
449
576
271
115
16
286
515
32
490
323
295
589
123
60
441
278
910
206
248
833
186
495
304
388
149
120
524
157
342
316
59
403
632
65
350
21
215
213
55
300
298
161
136
61
439
387
72
39
223
282
475
369
336
373
638
264
3
309
199
364
290
66
264
431
552
142
83
228
197
341
490
193
23
459
530
176
276
599
91
7
477
268
209
670
62
510
601
264
451
265
236
96
505
185
215
682
62
201
180
172
177
318
132
392
262
123
447
530
222
365
300
800
216
339
195
229
388
37
196
25
367
461
632
464
375
119
541
756
430
569
736
300
601
458
82
240
414
122
179
180
364
56
230
327
384
313
652
180
118
522
960
238
310
240
473
108
165
187
171
105
237
18
704
602
394
38
136
358
558
178
74
143
398
288
353
152
449
525
232
128
67
76
371
810
519
149
35
526
60
748
679
62
60
233
243
187
145
959
30
300
84
216
124
11
275
683
210
400
368
93
416
333
342
277
336
775
663
121
44
588
64
298
560
40
480
233
461
85
215
294
591
732
93
207
71
526
348
359
428
648
179
112
449
80
42
38
231
183
109
88
683
217
786
187
539
477
110
548
94
94
416
48
140
169
435
71
3
488
69
417
503
55
124
388
322
440
245
556
510
238
289
132
200
245
148
307
300
71
935
113
210
198
832
127
647
222
114
145
162
101
319
195
88
425
504
178
425
179
247
333
46
440
295
513
372
55
177
591
237
567
436
72
363
496
299
266
583
216
88
20
336
451
369
113
481
231
140
416
472
351
542
268
433
407
246
430
134
174
533
201
565
630
148
176
657
166
204
483
244
127
585
123
276
429
25
18
74
734
466
156
18
233
454
373
499
258
698
374
390
626
569
53
338
419
798
143
77
223
184
422
474
114
116
30
498
209
246
302
175
248
439
106
305
402
386
276
328
621
277
493
578
194
664
709
68
271
193
133
86
329
280
439
259
280
385
294
110
477
350
482
87
221
1032
259
59
194
312
566
36
99
180
335
141
12
83
161
103
269
339
107
497
443
507
659
290
129
402
238
344
790
217
408
133
572
59
217
272
119
548
248
451
247
512
108
34
321
363
150
117
104
90
151
174
3
102
474
354
94
368
125
605
178
723
64
474
243
30
154
1005
315
97
411
405
262
64
575
33
293
159
95
311
405
246
360
384
3
225
66
863
69
178
484
209
727
217
246
83
233
17
273
208
293
7
293
458
500
403
197
827
696
232
98
657
349
232
596
254
87
309
128
24
238
696
67
10
138
916
80
522
412
387
118
264
75
442
549
459
141
158
110
96
94
596
196
140
192
31
126
188
579
311
215
98
84
293
381
160
806
120
418
307
232
266
28
348
97
40
126
1
217
172
243
149
298
190
326
783
589
409
44
432
375
270
99
240
729
185
327
290
50
202
115
178
116
235
49
558
47
422
874
287
322
113
18
439
463
873
643
388
589
358
398
586
103
464
527
17
192
160
381
752
143
106
116
35
261
440
591
39
365
228
495
608
298
155
24
485
763
120
639
178
424
355
50
253
285
302
401
453
366
81
200
390
718
800
276
59
616
278
62
219
741
529
208
482
6
271
434
480
67
21
264
314
18
292
102
258
228
429
67
274
336
944
502
49
186
26
422
249
448
105
709
430
182
355
25
730
268
431
22
191
145
601
512
177
80
335
422
380
504
271
274
985
221
202
401
704
200
382
109
526
363
70
24
114
116
149
338
633
101
684
35
328
423
100
333
325
194
349
336
77
45
263
293
462
133
237
30
273
335
342
658
236
334
94
564
190
560
536
73
355
554
539
300
198
335
280
455
48
215
608
166
15
354
245
466
81
363
30
224
519
182
218
960
443
197
96
300
534
352
268
74
152
664
86
216
129
286
35
235
360
405
114
52
693
545
208
455
116
99
268
234
191
299
788
819
28
317
81
261
84
480
622
182
664
20
243
206
59
297
570
452
494
53
147
168
137
829
826
165
99
452
416
763
179
393
292
337
445
640
394
458
194
350
442
497
3
336
101
348
267
91
519
567
286
532
301
592
142
398
408
175
226
66
869
417
388
329
256
388
258
349
30
102
744
180
121
239
261
331
227
635
1462
536
126
276
846
494
153
319
344
155
85
127
471
422
148
215
506
294
302
257
148
575
634
350
241
206
18
509
146
404
141
177
184
161
537
443
108
1086
389
405
144
261
297
665
186
559
129
204
491
429
43
578
974
320
325
289
297
66
42
370
93
115
165
275
419
322
182
482
24
319
190
291
44
273
24
31
672
156
146
394
178
232
42
541
236
288
200
621
285
54
989
176
35
1281
86
347
412
138
828
444
142
61
14
403
405
132
423
699
75
42
407
486
502
324
353
100
466
133
281
721
101
182
5
27
315
419
53
32
254
22
305
540
65
349
297
149
251
245
331
27
503
113
313
458
198
271
77
15
538
165
539
136
28
175
665
263
423
290
605
438
549
51
101
478
605
71
117
482
673
881
6
395
60
69
89
203
296
676
456
527
52
629
655
325
395
707
124
781
139
404
209
149
404
141
172
118
464
147
531
356
198
470
772
13
73
203
64
210
293
5
306
168
20
273
91
347
227
13
594
391
360
115
291
49
36
27
755
739
290
496
441
220
95
187
580
542
332
148
266
598
221
547
151
985
729
297
287
775
327
96
512
405
237
325
296
214
271
407
138
694
347
346
216
34
987
525
380
100
543
629
65
232
45
228
347
202
68
238
145
1073
429
419
548
61
527
121
507
352
223
355
442
313
436
347
113
281
395
167
186
305
319
428
280
388
403
376
204
49
320
666
1077
272
536
511
15
45
215
80
243
420
703
247
558
380
625
247
109
639
187
381
996
727
356
462
146
200
473
332
194
282
32
341
268
728
1028
864
560
353
303
462
238
422
441
480
94
357
222
127
503
742
378
19
291
426
15
814
407
966
646
165
250
239
440
409
223
141
346
525
600
65
199
255
148
454
226
277
634
37
163
556
616
174
196
663
411
304
233
168
10
309
343
289
285
105
266
190
202
78
315
84
285
43
567
245
243
633
506
434
501
528
144
579
592
48
449
93
163
226
409
313
55
256
258
600
224
115
334
541
6
158
607
421
197
1191
44
377
344
377
78
438
348
66
755
172
564
104
391
429
355
112
297
622
166
785
75
99
345
442
470
8
423
573
134
128
339
804
117
45
37
554
504
582
238
3
102
474
138
317
268
513
272
440
72
176
270
172
124
112
72
234
529
272
51
84
374
605
643
156
395
56
582
447
286
255
339
451
272
331
324
56
134
829
120
97
318
421
228
8
90
724
478
24
107
9
310
377
348
225
135
437
495
213
833
19
418
141
522
371
345
254
82
42
238
399
192
554
143
706
67
428
197
89
265
580
337
112
421
377
387
202
180
335
279
180
206
589
345
692
487
144
544
498
404
172
125
113
634
506
222
123
222
179
66
63
392
522
104
89
89
552
206
199
76
650
41
112
563
38
624
764
642
319
185
481
505
46
29
106
266
70
394
248
109
89
337
304
150
240
265
270
697
3
355
196
127
346
120
579
378
51
233
503
437
82
231
270
328
372
128
239
236
244
313
140
341
183
103
393
297
279
495
335
67
412
339
394
263
475
544
448
492
536
314
472
664
94
527
376
249
73
291
725
298
66
349
453
630
49
85
87
399
531
29
774
239
367
63
596
311
194
81
140
455
825
1
567
392
162
517
394
448
394
429
107
483
36
308
239
644
201
253
231
849
92
108
81
329
69
143
55
251
84
585
361
256
584
137
351
316
130
369
324
685
569
382
919
411
10
335
44
565
106
156
369
105
27
830
241
314
273
45
346
69
481
628
539
124
151
25
80
310
661
573
344
589
173
472
687
256
522
374
145
69
731
412
272
111
243
503
234
758
55
169
1052
1
13
422
101
55
525
429
702
473
562
872
1036
