real_Parameters :  sncndn 	 failrate:  25	 Fm:  644.2314	 且最后的Fart/Frt:  1.0455875622000002		   Time :  32.0196

94
301
358
190
398
423
605
94
358
655
172
76
106
871
794
274
223
107
854
775
474
3
230
673
296
1035
506
181
577
68
256
519
511
108
167
1255
121
388
359
234
913
470
1175
1105
539
1061
182
275
356
34
27
514
145
77
9
379
1067
1211
110
784
198
550
618
4
62
152
2055
161
825
266
78
1658
314
63
225
1369
411
1384
198
441
473
1413
208
660
569
149
1120
1528
218
119
802
25
109
397
128
414
233
159
1167
406
371
95
597
2155
246
774
1102
36
401
2088
325
785
154
828
221
996
117
261
111
618
1251
200
153
83
1243
29
476
108
174
232
235
1684
1314
765
1885
308
576
117
2469
71
14
1045
249
217
219
2547
328
518
800
481
682
35
722
292
199
309
577
752
104
1599
1186
45
271
1693
554
482
1434
8
472
208
9
337
395
2305
632
84
823
611
167
882
358
2284
619
570
939
2536
523
329
86
666
404
561
97
268
655
120
436
1584
114
277
32
131
1214
14
37
64
417
623
1177
2969
896
174
1088
1462
811
1901
107
718
633
894
123
688
2490
162
1673
1170
462
413
203
518
403
578
485
382
370
523
474
910
33
133
1321
979
600
1418
285
156
140
347
310
684
2187
116
2531
386
611
625
370
239
308
76
807
1479
126
991
1045
662
89
237
567
427
70
710
859
721
154
879
243
123
78
1330
797
788
160
302
761
287
145
116
919
204
2694
116
523
624
113
873
320
64
298
67
190
101
774
171
1954
1074
545
3909
720
799
354
43
1280
231
888
104
90
1032
335
838
471
720
445
1934
1370
110
184
353
157
704
142
271
585
652
1839
347
945
120
149
314
193
735
105
2610
360
636
1989
278
1793
155
177
887
503
1310
1335
855
510
126
823
348
126
120
426
1460
622
250
1176
28
298
390
62
582
1636
420
359
1300
293
4
1680
2314
29
9
1427
44
601
259
113
1478
112
949
867
101
195
26
55
684
203
179
1303
329
44
393
1266
983
118
388
704
704
345
545
541
1053
222
179
168
12
15
839
361
253
1362
430
317
105
348
555
1596
468
992
316
811
30
716
368
234
131
2468
421
155
81
89
553
447
1254
1024
315
138
856
495
424
753
748
755
565
683
7
1294
151
401
503
2114
568
737
556
250
694
424
1633
109
565
1016
1579
240
89
7
236
517
1080
8
242
807
83
818
780
2623
356
753
692
849
496
4
653
1809
11
468
89
467
311
281
2339
3100
299
1295
457
17
1511
503
164
133
133
2236
913
1021
869
98
863
696
27
253
1113
220
864
292
261
2492
328
112
415
174
1768
1839
771
1151
303
54
1405
206
632
194
1168
573
1403
634
204
311
154
3
1182
130
756
1791
127
1444
2169
64
359
1272
1445
926
630
154
100
5
228
2043
765
820
366
2239
71
166
1389
19
184
28
150
204
214
99
836
589
580
638
620
479
1094
422
134
645
59
437
1026
70
427
1470
349
789
641
284
10
240
60
339
81
736
373
154
320
93
591
795
367
870
1125
840
28
5091
661
466
434
63
972
847
485
1373
1363
297
1363
779
182
29
115
232
194
1568
864
2925
208
436
389
957
369
317
961
586
66
48
940
639
382
114
262
218
370
802
684
1594
350
807
6
621
1201
312
62
189
1174
243
248
147
631
280
29
1710
237
449
993
305
568
354
517
332
96
957
465
618
903
611
487
189
579
340
20
126
1122
250
394
453
379
372
209
159
981
1782
471
1300
109
78
819
409
1352
1407
317
1034
42
267
261
1389
537
516
856
679
392
700
371
149
633
90
391
906
704
481
794
271
604
162
958
131
675
108
612
76
2977
81
40
1482
519
587
224
42
367
2520
999
268
459
1360
162
684
76
144
741
304
4001
968
261
2111
4
1073
1402
917
847
1146
214
2090
601
486
28
1055
623
864
903
306
577
924
589
187
496
70
496
687
143
382
343
552
1183
203
956
1073
207
555
898
1349
1001
746
466
5300
1298
222
124
1960
690
1055
160
622
981
565
1318
270
766
895
184
473
333
30
1076
504
302
1454
208
192
263
395
160
343
390
432
1219
158
109
1079
4012
817
62
32
736
648
779
112
174
1813
241
138
1312
23
1733
1137
568
485
947
1624
3
41
682
289
20
231
409
1447
1423
520
510
169
1155
740
113
83
18
789
810
141
1014
126
78
331
2931
27
1641
619
441
2129
275
820
1644
2412
502
1368
643
436
10
2042
412
239
96
82
826
95
373
314
1367
22
612
843
567
484
252
1074
214
2419
350
3039
644
24
572
704
1369
1611
709
1829
526
1127
1980
161
786
121
384
10
569
127
20
216
3083
91
435
319
221
124
570
77
715
407
268
582
180
217
768
608
965
184
142
117
903
560
196
1541
169
1231
122
1574
3019
2953
7
154
188
721
57
724
155
279
1046
1461
1284
179
1603
21
638
1953
190
602
1810
606
404
550
437
2026
425
899
185
1357
906
1231
1074
68
283
267
848
233
1006
270
928
32
413
1068
592
595
363
1404
1594
533
270
148
617
62
144
280
350
987
178
148
434
1068
1064
290
392
48
568
943
274
1442
124
32
474
50
1165
393
1035
314
592
977
1129
900
91
2139
270
400
104
194
622
373
393
619
332
921
413
564
115
369
119
25
1980
197
217
102
596
178
1170
772
152
308
25
586
128
268
568
159
96
138
320
487
150
288
78
186
172
113
8
709
47
575
206
56
384
370
5
123
17
904
15
783
1370
67
1183
268
511
380
912
253
420
730
1056
153
208
1056
474
1299
1487
1073
905
693
1373
235
84
330
625
825
19
422
581
710
740
416
1087
1394
1222
1498
73
91
74
32
1046
393
121
554
304
388
192
51
1233
1573
302
323
473
343
14
104
483
263
627
80
412
664
422
127
311
211
51
1700
11
1108
1996
1081
1489
1644
464
12
625
898
1079
744
1061
43
76
553
527
1019
283
2031
42
294
473
486
1271
1520
627
672
962
1728
547
340
230
84
360
1380
1387
777
615
1421
464
1042
3187
1544
191
139
71
388
615
385
148
31
244
339
462
1316
116
592
184
932
882
853
788
512
667
1166
1887
118
751
317
1441
42
333
371
858
740
295
1514
539
102
1597
146
362
72
283
190
627
1046
82
583
99
313
409
17
71
304
56
742
1053
595
565
1185
274
1279
162
393
2284
2091
482
383
1261
2057
466
159
228
1058
1110
549
1716
523
389
1751
1023
33
603
393
229
198
43
973
1288
215
1799
549
134
227
321
628
848
47
901
140
42
163
894
438
176
124
543
268
3302
1596
164
100
854
158
86
806
2720
1040
802
292
51
30
21
105
1039
27
656
2143
347
38
168
519
816
505
141
1873
732
78
766
189
646
65
208
965
222
1179
138
877
1092
37
225
690
2491
3217
27
209
473
998
2588
75
465
977
409
267
952
788
772
518
301
290
1227
750
36
671
66
303
463
204
363
94
125
395
1782
511
831
640
389
376
214
400
418
382
7
1551
200
993
111
1555
91
1704
69
55
452
1724
353
913
177
141
354
1138
108
837
1026
402
285
285
464
1401
718
253
661
705
7
796
87
1010
224
3398
837
933
248
449
598
788
116
1066
235
556
501
383
867
1598
68
161
236
10
520
1253
761
291
399
1304
827
913
120
706
818
2086
671
24
1398
1176
19
1251
207
62
34
293
329
554
1119
668
1088
91
1138
147
581
1698
1059
75
155
544
1562
206
449
57
2307
75
63
486
1068
296
33
866
7
1811
70
748
179
124
2632
121
477
356
187
371
89
1288
3631
222
301
7
258
1207
196
930
604
268
2712
625
672
722
68
70
1128
40
1428
437
104
131
141
773
1610
549
460
910
491
455
205
1465
713
2867
323
1417
631
120
92
133
123
1086
1071
415
338
1031
247
513
1048
348
771
1350
2441
619
675
197
805
1324
448
554
2285
546
329
282
845
1142
13
212
668
293
247
1016
63
1020
1137
513
292
495
71
134
1568
1096
26
391
408
1126
952
374
655
496
1556
313
833
360
147
64
38
257
316
24
1389
902
268
2157
245
224
31
166
1991
880
319
573
110
1204
455
93
708
1140
394
203
797
488
1020
61
350
792
150
627
625
90
364
28
48
1717
1128
55
213
556
530
195
643
477
83
1416
598
1101
150
352
250
1414
289
336
1166
358
1062
1255
1343
1235
1093
133
138
1485
1401
1204
1207
36
674
2500
1235
281
456
772
643
870
1247
588
573
283
593
743
142
1871
279
206
1132
160
1206
37
1624
2565
117
2918
877
1530
424
544
117
390
100
361
105
105
601
836
3305
3
13
579
234
566
71
185
2454
2229
35
1166
434
254
499
7
855
105
2712
1749
213
152
2467
2165
235
538
382
263
810
651
1060
1275
516
572
810
802
1969
38
162
463
337
673
438
335
693
425
1034
288
1800
47
520
227
551
1043
1275
10
570
729
109
18
385
442
31
8
12
1363
308
35
141
1106
719
55
768
91
308
471
1144
146
1665
48
164
683
41
3653
176
128
1007
29
540
1417
1361
209
523
87
71
1350
212
574
53
117
2
859
227
161
219
97
1547
304
1478
101
11
1360
1
436
54
419
269
19
558
1880
38
27
328
50
67
1318
1154
1343
74
2696
717
294
138
275
92
7
258
491
1490
874
72
179
701
168
156
908
645
501
1193
1901
775
334
62
547
261
820
109
63
967
327
1077
417
138
446
198
177
200
26
1391
324
347
444
892
506
24
374
411
1220
246
3068
849
72
23
365
1399
1050
3132
516
57
135
111
952
241
779
487
152
2961
519
1330
920
528
644
676
646
334
220
1240
211
1425
32
11
1463
718
816
964
7
244
407
1090
179
1071
412
25
34
443
693
1634
443
866
164
2573
434
10
511
25
1759
1357
1174
12
543
2118
754
65
35
53
744
291
151
18
928
448
1236
950
3688
595
76
700
792
377
406
453
1816
217
675
1091
385
173
604
338
906
768
528
384
883
271
16
1126
1784
219
51
2243
1104
449
418
382
909
36
1615
3288
1036
414
304
1050
1784
636
6
65
107
568
1116
154
265
121
2
1363
1913
939
693
1151
69
880
237
704
527
736
1463
201
152
243
531
232
411
488
1969
118
1077
1697
2932
45
1259
115
582
218
527
1
112
232
896
141
203
1323
4658
310
259
224
1186
147
1628
341
10
242
83
878
1287
1799
685
328
1330
929
821
1766
636
2048
1218
13
497
612
790
581
1701
282
201
823
1107
415
138
1245
663
177
524
623
760
271
683
63
1181
851
52
235
1774
782
262
117
425
221
1575
241
441
1583
291
195
852
1045
251
540
924
1261
92
235
2070
26
747
932
1343
933
68
330
22
1190
1553
1697
1717
347
982
427
232
178
172
2719
418
994
4
125
1307
384
1323
6
705
604
1040
396
336
3599
681
826
1772
146
583
520
520
1177
191
67
1859
1527
34
69
767
344
480
1284
911
429
522
1208
297
90
1281
904
291
165
126
191
1718
450
285
1307
228
417
113
374
3712
877
105
357
347
320
1642
2237
291
961
412
1199
3680
412
321
574
421
404
464
266
617
49
143
307
70
97
338
889
856
66
1152
908
382
1717
1566
426
412
367
538
912
891
1956
267
299
232
295
474
1185
37
27
260
522
341
991
931
686
1570
2729
405
175
303
84
86
1266
914
182
550
350
413
223
277
306
63
1279
702
556
697
1709
286
266
1028
373
1562
214
86
1546
331
77
107
991
450
135
242
1193
776
581
294
833
75
88
1025
1090
302
602
151
424
315
439
550
844
577
134
1271
1348
585
48
49
4
271
113
23
409
615
820
208
86
705
531
198
287
98
164
734
15
12
1346
583
262
515
935
588
1069
415
421
16
653
685
1438
1182
59
215
445
345
330
28
478
237
165
216
358
1177
399
283
885
1543
177
738
2894
1145
3145
803
413
624
1094
19
137
161
808
127
1701
833
238
805
660
384
505
233
272
896
148
33
239
289
482
93
24
74
166
1532
508
83
1401
134
513
1970
302
760
835
206
436
251
12
1929
340
8
832
164
3163
3167
1607
866
191
151
206
928
144
832
92
209
191
802
30
668
895
688
238
31
1034
1175
302
615
746
165
2183
1249
1276
61
706
655
524
1403
179
2068
405
85
1244
37
197
59
20
1979
1431
417
955
1365
1018
655
57
824
21
9
225
201
6
825
779
1149
695
33
140
1027
585
1171
1017
2238
175
302
55
160
247
1402
728
1365
82
75
208
280
781
44
1368
1402
185
67
45
689
734
812
167
225
49
523
168
752
81
185
750
896
1367
898
412
127
550
743
162
291
330
97
421
746
297
938
747
176
335
633
999
625
313
40
1058
325
27
523
155
171
564
13
168
251
616
63
191
466
721
565
515
796
46
720
130
343
631
888
219
242
104
224
1140
518
1174
479
395
8
888
269
1351
91
1633
603
659
545
131
157
736
54
4
1414
762
1633
439
138
994
1516
319
714
66
677
321
725
518
237
586
230
376
970
290
396
591
1196
626
647
678
935
2026
329
154
497
318
991
110
320
203
58
256
418
538
217
1586
280
135
7
560
159
858
1391
48
150
329
383
444
377
472
149
30
963
722
1483
753
204
9
123
385
16
404
2453
698
415
1837
1966
21
933
742
687
299
213
1552
1266
507
285
124
990
97
180
412
660
675
653
227
70
35
196
1020
1456
2145
11
179
609
999
1918
1400
285
727
649
1891
101
199
122
250
1136
59
121
659
124
292
197
60
285
240
1247
51
33
279
360
255
29
1276
19
763
1514
331
630
113
324
447
158
249
192
117
645
557
1881
571
902
4360
147
1336
903
677
258
486
1275
120
377
463
29
928
771
992
660
937
486
501
20
63
2
40
395
904
457
578
449
430
387
3382
1629
769
205
1411
552
357
602
1971
207
55
68
65
867
72
89
85
234
3
1025
1175
389
734
268
214
55
114
2239
1016
403
807
359
821
1979
574
458
689
2315
120
1557
416
628
152
757
2461
162
1016
287
422
743
22
408
578
561
3399
65
615
2426
971
24
883
1213
171
764
2927
558
57
379
27
79
455
441
105
7
484
1066
897
1604
378
656
397
188
310
58
2434
265
137
1497
887
165
871
53
263
27
427
362
498
110
769
1261
205
1095
771
103
401
248
226
369
249
1210
659
1235
1439
312
1299
276
283
769
214
644
589
1047
1416
414
461
397
182
726
271
420
167
838
62
1237
368
292
344
156
1427
164
2029
714
721
670
302
696
272
536
807
297
660
2278
124
172
360
1578
181
1121
796
370
61
1309
329
1657
145
144
547
164
20
206
780
1545
1278
203
774
1002
1095
32
696
715
33
782
138
914
991
607
889
913
425
168
856
18
65
924
2551
1778
566
610
602
285
41
870
587
823
103
1189
126
254
362
48
418
353
181
1304
269
93
379
161
2471
1100
122
8
74
89
1481
71
117
244
749
348
613
70
501
751
512
312
123
1287
95
755
287
202
1001
898
534
221
352
31
1315
1522
250
41
78
328
606
636
343
1872
610
865
1241
82
1109
81
745
1971
32
339
565
471
608
507
246
499
234
326
141
215
470
11
89
138
134
293
718
483
252
190
277
93
543
136
821
425
1130
692
114
814
215
518
153
3495
966
265
206
359
477
3249
260
398
100
47
215
134
341
1323
217
2
2046
186
112
438
450
263
868
210
454
1195
15
174
860
150
339
1919
1515
25
295
1195
152
360
157
545
206
107
148
123
474
369
887
354
1900
77
1362
496
159
315
1910
315
205
743
301
1009
61
348
277
158
101
677
336
12
461
1300
863
919
317
323
723
746
39
1336
349
1472
326
566
854
115
273
620
352
84
291
1286
760
19
769
3052
250
278
275
153
420
375
253
223
67
548
170
111
534
291
98
121
543
71
132
225
333
916
772
1401
97
900
660
394
457
58
1473
38
1161
538
647
640
245
830
206
160
1211
223
173
122
117
1372
93
831
143
577
152
196
1606
691
1473
195
676
1548
718
105
347
369
1000
759
80
9
938
893
347
548
448
511
1827
269
1434
1151
297
753
120
153
18
2723
324
1119
875
584
274
189
1680
410
754
365
345
515
931
2146
901
374
675
615
758
404
1175
2506
436
1338
601
140
885
656
49
2794
212
491
903
1854
252
39
453
440
3037
243
121
415
284
153
15
875
157
417
1429
898
96
93
1505
66
884
655
1090
347
340
402
785
256
443
1054
343
1431
874
64
738
32
730
1505
792
600
4120
247
1618
1055
679
264
605
112
1591
370
157
1701
923
147
414
429
598
117
1172
254
813
2424
238
912
1920
597
320
3152
949
146
532
47
328
178
1053
138
541
412
609
459
1182
2506
427
429
80
111
428
177
99
1182
86
893
222
569
161
613
302
184
140
98
407
137
1228
305
541
1761
1226
1538
672
311
662
255
571
418
568
677
576
771
85
1259
2552
701
1330
1366
398
140
18
1338
680
1054
463
41
733
514
2583
544
2599
370
475
204
486
313
796
3408
144
2587
715
1688
94
287
52
1813
290
371
33
2276
1408
847
982
134
103
160
22
2544
599
597
210
350
755
257
341
517
973
71
287
2429
236
556
163
482
3002
232
533
788
573
417
203
1286
155
110
156
2078
232
132
805
1558
418
113
311
152
1075
459
84
3011
17
757
382
436
477
171
57
65
24
3701
486
233
322
867
86
236
412
151
2028
481
185
1022
720
32
186
1114
445
977
137
1095
180
313
376
166
229
90
155
107
334
1442
1183
70
769
4
365
54
298
425
389
691
272
782
157
1489
293
259
540
1194
837
1368
436
974
210
1145
1208
255
1297
68
148
2
300
377
82
136
134
132
1298
572
898
864
1137
346
249
1164
419
568
332
1004
136
657
1001
1582
45
1442
284
594
384
107
83
701
1952
1393
278
412
209
579
151
107
800
27
223
2528
412
937
1167
9
145
428
1324
1800
711
597
453
145
476
97
1526
321
587
119
639
664
1272
884
1455
1198
701
273
957
834
409
60
47
258
3
590
633
445
1542
2050
374
77
61
396
324
561
174
51
614
370
1017
1875
938
540
330
16
1388
192
904
794
2108
385
443
580
1774
148
868
389
540
1112
116
1168
152
158
1432
1043
163
946
469
832
1686
1056
939
137
423
10
192
460
259
611
597
598
131
239
1074
16
355
707
123
349
796
1156
114
1362
766
12
61
3382
132
3718
415
1857
107
1540
68
226
715
98
89
13
2004
809
376
148
328
87
171
105
1538
1097
12
451
196
156
196
809
700
620
749
9
529
1346
189
1779
505
954
346
396
639
50
126
110
760
895
34
346
1846
644
56
3560
368
440
483
99
389
1104
1089
1170
801
947
325
1369
1219
827
350
2000
787
163
1256
294
180
723
1500
1019
65
1259
47
211
184
957
206
427
11
172
739
290
155
1317
284
523
164
644
165
728
182
2287
656
32
268
106
2062
603
313
343
407
798
605
888
359
1253
101
93
288
80
1508
1264
280
2556
611
1358
565
87
337
314
1210
789
830
30
407
1792
1071
704
1133
38
845
1563
13
238
667
484
197
180
437
445
583
1661
981
388
66
278
420
271
59
637
503
145
306
19
21
470
1224
10
364
417
1488
126
41
197
94
105
129
34
587
84
66
213
140
452
374
564
1239
561
443
410
206
1444
1000
638
627
551
1037
593
864
750
809
2488
1144
222
600
710
55
189
84
524
294
641
103
653
1003
799
121
972
581
1715
362
1162
925
824
2082
1400
247
736
37
591
458
40
169
171
387
893
275
821
277
341
169
984
327
789
284
462
433
1297
505
174
838
55
531
270
3915
412
263
519
44
586
140
518
306
1090
2375
811
990
53
271
271
338
403
727
18
585
804
72
600
1973
103
29
108
910
527
290
94
529
20
437
377
366
416
160
2101
90
191
349
732
1143
662
138
648
85
690
643
906
354
665
105
216
86
10
168
1200
748
169
895
86
3
562
1870
1069
1049
716
891
273
2275
1401
295
353
80
1453
1755
231
3598
66
554
144
439
562
46
343
141
5157
529
886
1334
1530
906
735
3420
1159
1169
529
1010
331
1331
3721
230
435
2843
578
254
155
10
45
915
39
295
932
56
796
72
324
92
112
855
151
154
266
7
821
921
1836
101
1415
1684
454
48
494
768
403
1160
102
942
705
816
1408
1033
1333
869
329
872
255
1238
1021
110
553
634
591
1246
879
1452
698
75
918
144
242
2
414
687
1129
627
909
66
790
259
40
202
3422
280
769
1364
138
219
98
818
115
13
457
433
818
126
300
101
3090
1117
269
412
739
75
245
200
1597
1134
167
1913
162
1011
270
451
592
2795
500
1280
1760
857
400
965
54
568
768
300
907
135
2755
106
837
779
648
1210
1291
1254
1507
550
171
600
761
257
144
1147
276
1998
1012
550
1111
117
1326
2883
106
103
164
666
1199
852
1310
150
1025
2131
272
1020
479
998
1
738
158
868
679
2195
196
1773
160
139
1520
474
63
1134
712
861
354
24
257
522
299
288
81
257
341
904
2286
934
65
130
308
152
203
532
204
289
695
494
763
68
169
695
2025
1304
573
106
534
484
138
233
270
761
91
282
800
464
622
550
406
120
266
289
260
571
116
1548
1925
504
549
908
375
647
460
577
833
247
48
2216
794
117
208
14
1880
192
592
702
1624
574
562
935
2461
21
185
252
94
678
680
73
1297
370
609
249
87
124
243
644
2
768
270
551
733
106
1105
1553
3694
1250
530
1028
1133
216
229
1623
230
2406
618
933
2126
407
184
679
288
349
2122
1280
208
560
815
377
1499
45
405
836
435
296
1461
74
2417
322
689
155
170
1189
16
6
916
237
301
267
495
185
656
1728
2402
504
146
167
242
151
559
83
2933
846
935
529
199
445
1422
1277
229
224
66
471
1029
58
1056
785
213
649
157
1290
543
403
18
256
381
1036
973
626
211
1184
154
1414
2108
1043
401
26
591
167
939
819
572
698
495
794
152
202
230
373
393
561
994
362
15
252
1395
2122
445
21
1010
886
1018
488
66
921
645
857
2316
144
1550
329
535
79
890
1378
1195
751
13
56
426
646
32
1287
3421
1976
61
484
357
1286
1250
1377
177
895
822
1086
303
626
71
281
880
137
1680
197
417
361
521
2302
1346
804
1031
137
84
640
1833
120
800
2156
259
893
415
2025
386
174
1276
745
92
1555
597
6
1104
785
1131
885
27
251
1240
973
553
1615
1135
770
1584
116
651
11
574
727
178
113
894
717
1114
260
112
66
120
8
281
870
1727
403
511
113
392
566
1283
49
257
516
1111
88
1002
1584
3011
113
50
492
243
448
736
1559
345
57
144
2283
680
192
220
1759
371
132
518
133
69
732
2716
106
484
88
117
318
98
1351
785
208
2
42
584
71
117
263
244
354
706
141
1385
880
421
560
739
72
25
234
79
956
212
359
8
478
723
54
7
1052
138
285
1730
1325
253
67
86
1158
629
1773
257
526
403
716
299
825
752
82
961
1430
725
54
1479
557
1898
985
705
467
387
336
548
1358
515
614
88
339
1191
130
925
792
653
71
19
258
268
864
3076
1020
336
605
161
1926
141
788
54
1733
188
516
45
1227
597
1590
57
133
36
1221
110
1530
355
21
118
95
3
312
1189
1007
1166
1404
98
323
77
437
80
678
331
2232
143
135
243
124
142
410
1152
270
1298
347
15
579
2436
2817
1680
138
257
207
859
320
183
534
1739
201
185
129
369
1151
177
194
28
202
420
170
1440
293
347
274
1256
1160
176
2618
391
1564
1413
469
328
300
13
3696
81
697
442
676
454
826
296
47
27
234
375
689
393
12
284
381
755
1149
765
196
382
52
439
33
176
603
255
26
1005
501
674
232
383
261
815
457
459
1235
209
701
399
921
1146
378
843
693
1974
88
276
1300
190
662
905
527
433
10
543
1092
222
260
976
64
2919
842
803
831
1140
1796
805
1202
119
341
656
1690
676
39
876
439
148
702
590
978
155
46
524
585
536
1
1932
548
880
225
250
57
23
1072
403
613
266
790
1491
338
353
1109
358
556
512
479
362
177
133
459
1446
4992
299
712
356
169
1777
2
194
468
656
773
469
1227
23
430
531
163
252
329
28
112
1319
1623
655
936
989
133
1313
344
1061
357
529
244
489
366
531
254
517
49
609
994
862
520
359
167
1022
1250
193
687
261
1102
1751
708
489
1062
1285
207
693
709
85
1534
416
1328
1090
102
3153
559
477
362
531
553
836
75
2164
45
911
18
1086
1295
134
207
1842
518
109
1213
1283
15
675
1704
592
157
752
150
445
127
758
4777
299
572
206
249
1986
670
662
824
526
221
26
326
587
946
15
247
920
256
61
439
871
2644
383
129
116
1001
643
22
296
711
381
1370
1384
1699
4894
3139
