real_Parameters :  golden 	 failrate:  25	 Fm:  1833.1998	 且最后的Fart/Frt:  1.0082598900000002		   Time :  238.8374

241
288
689
740
803
58
620
1262
248
1412
66
401
568
1325
1754
36
2081
1362
415
387
936
2411
135
1120
1366
884
1859
2508
2691
3614
2177
4346
2443
976
742
4887
2153
990
91
30
598
4929
1731
553
1664
2409
520
2082
189
915
1048
794
2175
58
3583
2088
3094
1301
1663
2163
114
2525
352
472
747
150
302
161
667
28
311
5616
2466
6809
954
126
3597
1278
699
4403
3386
589
270
2334
4604
534
547
1772
5622
356
1303
274
1081
187
1813
2874
640
2986
3281
741
2110
3584
621
1842
897
979
1782
603
1632
2601
233
584
76
220
972
2435
998
5000
1566
5514
695
79
2243
269
1433
100
135
1789
2530
7578
89
725
116
739
4486
2661
2410
144
14
3513
1788
5106
4317
136
971
483
1306
566
2811
2701
539
4678
4161
6392
517
2213
1933
4081
5677
2736
550
3037
2934
3288
198
163
3722
2994
65
4000
1032
645
112
2605
1203
2841
7029
476
1027
203
55
614
792
4130
109
470
3730
2696
725
571
2499
1510
1357
434
4737
792
3693
3030
2
2314
762
1545
57
1668
2913
2188
679
1134
346
7204
670
2634
163
943
1960
225
3454
2376
2725
644
4921
611
96
4693
7983
1674
2352
962
2168
1381
397
625
1797
813
506
533
184
6593
2063
1747
3201
504
1070
38
4865
186
5298
1507
2762
1010
1022
4572
1821
233
201
270
1404
1014
1230
707
2635
8
94
2854
2792
92
850
1581
2823
1233
1940
3764
669
3344
1677
12280
378
2211
1609
352
764
3725
561
834
1152
970
1473
1843
3
602
986
828
1050
382
732
2285
827
142
139
118
5620
3405
1184
569
1490
203
627
506
6002
1479
1923
241
9990
410
1169
575
2407
1400
3434
4236
1068
775
1615
2068
986
631
591
6816
509
1605
1311
79
1633
1050
730
6092
1829
920
1073
426
699
247
402
1007
1628
336
1895
1003
147
430
5581
164
1376
594
3395
77
7566
560
18
1817
1020
468
4408
680
3480
3025
275
7994
1272
2729
1529
1855
3083
531
3057
7822
222
497
21
2043
5303
2459
146
1675
4485
92
1201
2901
370
19
1388
2198
197
382
3146
1458
115
1223
3418
278
2461
2187
1625
3411
7928
2175
146
922
2072
1349
539
1917
1947
6759
262
2768
95
245
2478
853
125
664
5140
721
944
2145
159
928
554
2802
744
1849
101
557
2196
241
4705
1185
316
741
1175
709
1095
2986
382
96
1793
849
453
66
5679
5683
222
136
3116
1841
1329
1107
3408
261
312
512
1692
1376
4477
1431
1820
3090
11088
40
137
4398
3150
1149
4166
440
705
405
2352
99
5298
1535
2073
6167
4028
490
1409
3139
928
2714
1466
584
115
129
1958
1623
278
4283
1683
985
558
75
585
556
212
1375
5063
437
403
10317
280
3156
958
4836
2193
542
5584
3469
5688
1695
1963
239
377
1839
872
496
791
3193
2774
2572
674
2505
1568
10257
1293
1029
4605
1261
1197
103
5963
431
3805
96
737
90
1254
1318
3545
1669
62
837
2424
863
2144
1093
2290
1145
1227
4414
1533
659
6189
3
737
2642
4592
993
956
3737
2243
92
1760
1711
579
1299
2620
1455
2209
1067
937
524
1342
1957
4196
4092
3507
788
7202
2193
198
4350
4328
3120
1690
273
412
1434
698
1964
1006
980
1091
1074
7227
2543
2127
2380
298
687
2085
1126
2283
1943
286
1569
1202
951
831
2016
3634
1133
141
1603
4141
81
6421
1363
1286
4140
9955
1722
83
2997
575
258
5345
177
5155
1666
1016
1490
2014
279
3925
6056
2196
1305
705
3182
2240
174
3240
893
3724
1627
1942
320
7227
165
293
1311
2691
4088
402
7077
211
91
5052
3211
1374
2352
484
1504
3012
1932
2855
1361
847
879
846
1603
8
240
2453
144
945
749
397
3616
1833
156
3061
4040
507
271
996
231
3338
6039
671
3138
167
804
1256
1932
1182
771
166
1054
936
3933
9
470
2382
2888
424
2013
4993
4663
1181
1694
570
1983
2125
228
5848
480
140
770
3665
943
687
1049
1586
2216
2137
453
6980
2691
134
486
2081
104
1470
209
813
2331
957
659
596
327
2190
6631
1827
406
3616
1113
1978
4218
103
794
2184
4847
52
1411
468
677
4568
595
308
93
1374
2908
813
5231
1541
5302
9168
193
3212
2910
323
639
694
1173
695
223
6768
1264
1959
2620
3397
3520
906
777
1532
1462
1151
74
3075
748
1666
664
2044
487
431
48
480
924
4187
7129
3549
2011
7633
5580
1613
2320
3458
1532
68
1502
122
3250
632
1751
252
349
971
2560
2141
857
2934
37
727
1673
3100
1132
1789
2372
874
974
1228
2406
514
1994
2549
1038
11182
2177
2320
2910
3451
1418
2573
41
789
1614
55
4410
1643
1595
850
514
1170
192
181
721
109
1170
2017
2830
2462
896
277
826
137
1834
4217
902
1736
570
1976
2813
4199
845
1846
67
2164
749
8314
1241
644
26
5605
2662
3781
3541
2777
6657
147
2033
1922
792
2818
732
1384
597
2814
1191
298
1457
4163
780
177
1074
4481
1240
1377
1007
115
592
844
255
3093
91
2023
795
1585
4447
1869
593
7024
3264
263
956
745
822
412
3624
3874
199
2766
4075
433
4558
1067
388
1744
6653
3882
1771
94
1433
2148
403
157
1737
1751
13
4326
86
1278
2939
578
835
1435
3161
4616
6847
316
4908
585
1890
115
3012
452
759
7282
2179
8974
1041
1847
134
7343
2462
505
987
2262
2554
6695
2005
1873
2485
6387
1123
760
899
312
2287
655
1250
997
900
2898
3010
1526
164
627
2764
287
1470
713
111
1233
2308
286
382
5637
1543
1437
1515
2310
1882
2663
652
2845
5465
1610
662
782
92
2587
910
1926
781
20
245
896
435
1884
3083
1580
1518
2662
962
291
2941
2533
13445
26
2196
971
1090
309
2181
955
183
2340
5223
172
1325
850
1853
3654
1585
2038
1611
620
814
5105
2181
1325
1151
5839
97
214
1202
10495
3859
2939
1965
1333
1332
1136
889
2199
687
2114
1940
3512
1174
1248
1126
616
1510
503
1642
510
1808
1977
72
98
24
3109
212
483
91
178
1531
3138
933
267
2095
1433
49
3761
539
5078
1330
641
1619
2703
2212
1860
198
2798
1189
3554
1045
6620
4122
3482
1612
1524
244
3659
1536
521
618
3859
3319
339
84
3809
21
2694
390
4078
4108
1797
2532
2005
3107
3124
660
669
1372
631
666
2779
1065
818
811
87
189
1251
2489
1477
1532
146
921
3418
2372
961
3037
1848
931
214
531
4723
2181
239
1338
1490
3375
5886
1251
2340
1741
2220
506
350
1233
770
5402
653
698
1405
614
2997
667
2514
78
28
2615
4146
1732
367
3553
903
150
564
1802
141
7322
2509
743
1469
3607
1470
86
4163
1057
169
1207
4154
1834
67
1889
1410
368
2284
1712
1087
316
484
3349
750
154
595
1452
1631
596
4035
384
825
377
564
1398
608
1570
3282
3005
4508
4856
3726
4593
282
6249
3425
475
520
4420
2569
774
2175
233
654
404
710
178
497
341
751
4176
21
3313
2188
199
1129
1978
2859
1637
54
653
2046
792
3873
1944
112
956
1678
301
2605
4439
591
236
1703
638
4581
3056
2126
986
1915
245
2746
1977
3985
2409
1844
62
691
1751
1687
259
120
817
7973
5294
229
704
193
3113
786
1964
2256
2261
251
793
273
2312
279
2769
6555
3837
82
8395
248
2008
3386
6465
1718
5005
1330
1393
548
1691
672
3614
939
319
41
1156
753
1775
3366
2921
2339
844
2534
164
1613
1635
117
447
759
6648
595
8858
96
9636
1404
407
357
172
1559
1218
114
847
3228
2165
316
903
152
327
884
177
387
3323
4618
6198
2236
4291
1177
34
3520
2494
3324
1059
856
232
1059
2711
766
1840
432
7900
190
4925
1950
2038
1021
1385
3450
339
3897
2182
4538
167
1036
257
868
5517
820
1316
876
736
2660
938
1223
129
3104
678
63
87
673
2337
406
187
239
3464
1415
6403
798
3492
2133
1286
4671
2726
319
3066
1364
1378
248
250
1880
1220
5455
770
5539
922
1894
600
364
2801
139
630
4500
3938
4021
2538
5115
6204
522
2260
1594
740
1788
137
3518
3412
1274
582
106
5437
417
1699
83
492
1543
101
2596
4685
987
4140
1390
5513
695
1173
36
3875
4568
280
1209
1979
141
3207
2465
1485
87
474
1473
3943
6966
1369
1660
3168
520
288
8414
1552
1006
2659
1481
78
2171
273
442
2157
2776
386
3803
649
139
1179
1479
4657
1688
2067
5916
91
1049
142
2028
1291
594
114
1847
1296
1122
1398
1326
2150
156
19
1153
4376
1149
2193
1642
747
461
4302
79
887
2503
657
424
222
640
70
653
96
66
1661
1671
448
1715
559
224
6034
4062
1644
74
1297
1125
549
1788
1221
835
1491
408
715
2936
3321
3418
3311
489
3053
509
4208
442
1320
2445
5365
332
1418
6088
1367
200
1653
3799
946
2290
213
2651
1858
2270
1078
1232
2382
260
3018
9565
353
1328
4744
1161
424
120
1139
1280
340
538
3224
371
1063
2415
198
4055
3700
174
325
4007
277
2107
529
104
1175
2239
3383
2880
4070
2099
1242
817
5602
1752
670
734
78
4381
1515
304
673
1044
544
442
4931
662
694
5804
1427
560
810
2349
2667
69
747
2085
861
5323
187
7941
443
609
3571
169
597
2054
779
4222
296
925
759
555
1458
662
285
400
3525
10
3633
469
1
3818
1915
5473
891
4817
2958
579
1307
4656
4486
4072
2806
1990
1207
1792
4043
1129
481
1167
1969
222
1263
119
2766
689
2228
1
976
667
650
2293
156
3489
1013
6657
453
509
20
1163
112
890
1431
1412
15
1198
1128
2041
268
5867
1975
16
1893
2856
947
698
2950
493
2603
63
1878
2997
2107
1240
1425
351
1435
1128
654
75
518
2099
2116
4910
305
81
949
6175
822
1418
347
18
727
1578
1965
507
1910
446
5288
600
1673
1276
121
1038
1148
2678
753
1954
1265
2477
25
526
2112
1245
233
2324
1070
967
853
3862
1082
388
2390
26
934
3271
1835
5941
558
2294
2401
308
1489
1455
349
663
3370
1825
1453
1038
690
394
2435
2875
1140
221
322
103
6524
1867
2056
154
3373
2417
1398
99
1770
5156
5055
2323
29
50
890
8
4470
274
753
463
2056
2847
2048
673
1692
2951
2154
85
8547
2472
4061
305
7078
2795
530
1350
975
807
1768
766
2745
618
3036
592
4947
601
1447
11511
1837
213
1079
440
1561
798
3952
2098
4590
1358
54
1103
1309
259
1214
477
173
2424
637
1281
2485
1810
2269
633
909
3415
10762
2039
1410
1450
563
120
5855
825
2061
39
2169
1216
1974
376
1019
8238
191
2257
1578
235
259
3721
1719
1357
4651
3416
1070
2687
120
18511
2194
3051
551
1502
2496
1012
2169
2053
4389
2103
1577
606
1221
1222
165
738
2684
66
2638
1060
1971
148
3743
2381
3911
627
3899
882
1070
4592
572
104
1210
1522
407
186
2884
1338
937
179
2207
3406
1372
445
3154
1056
1249
374
1330
163
952
76
197
595
2071
1077
145
5415
395
711
11
3454
697
2906
4465
172
5530
962
5091
1573
2622
663
799
1586
3188
1200
2975
1479
1900
7035
168
1538
1133
2035
762
270
5444
4861
1865
300
5998
897
354
1085
467
1539
1831
1636
4633
951
351
2205
1933
156
1029
5795
1751
127
1659
813
1635
1162
850
3322
772
148
4502
1265
1171
1363
4251
609
1554
3061
6250
69
1490
1519
538
1431
383
1511
1184
186
811
1809
3450
131
487
1028
703
2015
502
624
3874
3204
1517
3179
205
2993
2393
1808
548
3974
1278
122
1330
716
1030
4122
2229
1821
41
1987
1210
2181
76
1229
292
4955
371
1997
294
1594
1179
2084
2689
1084
1242
1145
2499
3340
1337
636
368
1012
1333
5980
2215
1733
507
442
3886
89
1186
219
1991
1619
1795
1368
927
1075
3423
5
777
2333
2259
39
800
3
363
1443
1292
134
2515
1674
947
583
1977
636
4144
761
243
2549
443
1138
161
86
204
396
4021
727
419
486
771
324
271
699
1296
473
666
266
2115
4108
1607
1352
2933
100
1178
269
5313
290
690
2000
1149
149
3396
138
3030
446
2667
943
368
898
544
1225
3480
1899
1876
3402
418
2927
186
1392
606
1605
6240
627
1764
679
6538
1190
4444
925
942
539
1016
1239
818
1190
18
1358
915
1675
182
201
2324
4187
758
1091
2023
2756
1167
155
562
1633
4468
5215
198
14065
1986
2667
4129
1998
720
2251
2255
412
7309
101
49
2122
191
124
110
396
1811
1631
756
2907
370
708
2127
265
1680
3173
4163
2916
118
63
411
1882
114
123
28
441
4341
3231
66
1394
585
2539
1614
525
124
3287
1008
778
1165
738
460
2192
1571
2339
2251
4100
8548
4085
2778
35
160
2395
2148
14
653
1463
1802
893
1935
898
2677
5347
2834
76
2944
484
330
2777
1066
718
586
1971
1871
368
1643
1426
549
201
1447
2293
428
1819
1943
2724
4065
676
1864
2439
1955
181
1610
347
587
90
3478
351
3337
820
2059
4349
5324
3377
1764
436
878
2111
291
4747
4041
411
1260
2171
2855
880
287
8
4809
1959
4205
542
204
2939
3508
2
2998
2066
1171
1582
937
4307
2146
3929
908
4385
4086
1078
711
3657
243
4982
2491
221
1807
2272
9129
938
9220
3856
545
1333
1644
5816
6363
617
86
6451
6886
221
129
4132
581
291
2527
2545
422
5143
393
384
1214
753
2559
2723
38
6354
1414
1061
1643
5459
635
1807
1678
4218
834
880
1383
1962
668
467
1628
2544
1921
1359
1139
521
4931
1557
4084
2957
1521
1507
575
3256
103
356
1698
1556
859
5883
249
713
354
2286
3194
720
327
16
1133
1301
1677
1064
2826
401
512
2253
1533
2060
2970
149
1323
1796
3003
1396
1888
1871
2408
611
344
651
1822
2916
435
5597
2400
575
1863
1659
342
1619
1174
188
9
1336
4179
1029
3988
200
3356
3737
2487
2850
786
1368
2143
3247
3947
665
3101
2130
140
5706
2684
3078
1103
4379
2429
1059
1191
518
465
1769
601
1017
3548
1539
4431
5615
2221
1553
2142
763
1964
4154
796
3757
3429
2515
303
1110
494
1437
695
724
416
2464
120
617
2315
99
1540
585
1277
821
3205
4913
3106
1589
1682
593
721
1213
3921
182
566
3943
465
513
183
36
366
2668
1034
3252
328
520
378
2569
2708
536
102
845
90
252
984
1144
3562
3271
2612
566
2909
1110
66
5350
1386
696
71
1774
492
3677
795
301
2071
7998
1654
1991
385
220
1426
181
1274
5711
522
1123
608
1680
1008
3143
200
180
1093
664
413
91
673
1019
85
274
3631
678
1901
8056
75
455
853
1211
5323
3550
2847
1884
161
4429
986
400
2291
897
2184
850
76
511
70
875
1944
1111
615
1310
2220
2301
9135
4269
188
730
723
1505
16
3010
213
813
2416
299
3381
1841
2071
5397
444
3174
351
2857
934
746
2368
3996
272
2443
1056
923
2061
2271
2593
277
1161
702
886
302
3514
552
776
2320
3369
7005
10517
2496
1372
329
69
2287
1129
640
1568
594
2245
2478
37
1674
5815
233
2583
3551
1507
640
548
848
1847
618
7835
661
1534
396
723
1981
4127
6406
2297
1908
12490
2005
4399
2167
1702
1242
2123
4570
286
1150
1501
2548
3181
137
1833
1662
1129
1787
2136
8061
1434
2319
114
1291
677
3009
312
257
93
326
7549
4610
7968
402
383
8742
30
651
1405
1170
1946
5043
1322
623
492
2477
1582
856
1423
149
1134
9841
500
3322
5095
243
5991
844
3001
42
1733
6035
2652
2784
184
582
2963
1214
762
234
6578
4479
2418
2006
281
1547
2306
263
1402
1635
1756
818
1059
601
1716
3127
536
2341
500
1352
3521
1925
4436
1407
2568
4630
603
586
9521
3214
57
2124
1559
3977
2250
3854
7473
1914
764
996
413
6504
1874
2665
1757
1943
2958
842
1795
3846
3084
1985
1403
3163
1078
300
3531
11
230
355
25
3332
1355
130
1869
2834
1069
3854
1202
706
7818
2606
4315
1659
1070
2731
3423
2421
1014
26
76
1422
689
433
3977
2148
3951
2512
7
423
542
1354
395
598
11522
3476
2635
2580
2175
572
71
2839
307
1623
2149
2501
333
1480
586
3142
3318
5477
517
3637
3435
2233
3028
5838
3721
1193
1798
136
216
1114
646
318
2362
53
1441
364
632
535
303
636
392
1676
1148
23
736
108
311
1685
363
4077
1458
239
1233
52
1020
226
110
3767
215
1260
399
7306
4008
730
760
730
760
123
1336
1037
2110
431
2809
1237
2528
1599
396
813
6491
4469
5314
1446
161
208
718
3022
1496
83
740
5308
1545
1971
1009
514
3956
292
6020
24
872
3731
1741
201
1458
2380
2120
1173
3712
1388
591
918
107
595
3469
3643
871
5266
2082
1704
439
861
3235
4178
682
6295
3844
367
5380
3008
873
1925
1365
6610
269
85
3946
264
2696
140
4561
1401
575
1341
633
182
1917
3828
1811
3208
53
2975
309
545
567
1566
2861
1317
2675
250
2736
905
6597
2143
206
610
1432
1383
610
493
481
4409
2120
763
3346
218
1003
429
1155
804
3858
1344
2430
5103
682
2954
1643
3574
157
1847
1656
380
1793
944
2084
237
2370
863
1186
978
174
250
2166
826
667
946
877
1624
617
478
650
1622
3443
2365
722
170
1035
2282
988
504
530
29
7844
1599
3896
383
1889
1481
1142
1944
229
1000
3401
2397
1623
204
111
326
946
1000
636
3280
613
2627
2851
117
1364
1646
3600
2065
1676
2494
1808
107
7865
1330
910
1530
1129
641
964
92
7130
52
321
1363
3438
739
292
505
1243
1151
1574
1916
3789
74
255
2125
6995
1869
542
2104
922
1050
207
2395
138
810
45
2711
699
21
4491
1142
756
270
2152
272
5146
735
3412
591
89
573
1158
2338
548
507
1279
1623
4929
150
5148
33
377
2647
1411
435
2214
3246
565
490
1132
1757
1276
2863
6233
691
2783
2254
363
205
1427
2008
2697
1855
4012
3922
1086
1359
560
377
2910
754
1384
593
2309
379
557
5714
241
1407
1352
6098
1658
1117
2408
1416
569
1297
121
2392
984
831
5370
108
1141
660
352
108
1517
8460
1891
7884
3078
3596
4279
159
516
2726
449
1336
971
2756
463
1148
2565
1981
299
2599
4688
853
386
1047
2880
88
662
1402
2708
1911
400
3104
2532
110
285
1333
4378
386
2051
4295
234
121
1335
805
244
517
481
1732
2473
616
757
1838
3184
2803
328
10553
8586
4464
941
3900
1426
17
1116
693
3966
1541
792
1027
46
1933
633
2236
1709
579
1457
3727
1190
473
931
1285
319
3031
256
1420
1371
461
1690
318
3095
548
195
1455
369
346
3443
971
4048
1670
1913
2336
3477
5195
1140
1069
488
190
344
692
4438
1084
2111
43
329
5768
3662
900
1902
2855
523
90
24
1292
800
2052
3868
104
3161
679
784
482
1125
1027
743
1806
1914
3267
463
1773
1363
96
1196
2070
994
2838
179
4722
1792
3114
474
1902
1326
2834
539
476
3730
228
1248
565
714
1680
1619
1471
4529
42
2793
2235
1921
1687
4050
1923
1676
2831
1315
1942
1132
883
205
2193
571
1046
591
2539
300
596
255
807
18
3140
1235
2660
152
882
267
3118
859
376
576
3382
1503
5040
2282
13
627
943
215
1506
2463
1039
412
1754
2282
8926
116
192
850
1563
843
301
740
567
8140
2559
3341
503
2241
4176
533
633
495
364
458
625
930
2803
18
587
56
3078
282
1577
281
277
1383
2408
3564
2234
358
6366
143
1049
67
2646
309
4298
604
3199
138
51
3736
4063
3042
410
1252
1061
8090
4206
655
1246
3380
2475
5759
1594
4778
330
1147
244
2306
382
6880
232
6536
227
186
2177
685
814
2430
3154
1014
410
176
501
411
2803
5167
356
3395
632
592
304
1176
1928
5170
950
1160
485
1525
1867
2925
2137
338
865
685
1912
658
517
3638
465
17
75
1706
7010
133
1493
463
2875
1813
5187
3821
1519
143
1356
4390
5961
3908
137
121
3659
636
4922
1671
909
758
2298
1958
5133
1960
4063
376
1240
3665
1449
3812
2304
203
3235
463
282
307
2101
3445
3721
6425
682
587
3348
1203
2661
922
3087
455
567
1955
4885
5193
1053
1160
1767
4211
2458
1961
1453
672
2587
2531
1500
3614
3891
198
529
3838
488
1155
2204
3775
2716
127
484
3691
1368
251
2711
1275
185
501
3172
1306
299
1971
1447
416
3428
1705
2623
914
2588
2660
1637
1112
2970
4152
2212
7502
1808
6743
708
983
4620
796
1057
1228
517
48
706
530
1128
3596
1389
3398
1721
299
356
26
3889
1322
3451
344
660
1629
2765
90
2724
681
276
1269
534
2137
732
1850
2345
2081
4267
450
1231
1538
2289
439
197
1850
354
1684
421
1642
629
2394
1075
1140
1023
1108
214
426
1749
1100
1609
1756
2143
62
752
1599
1173
654
430
251
2280
870
10167
2011
536
1226
48
498
2287
5617
2047
326
6352
2832
1525
4493
1624
1448
759
1604
6598
5482
4117
5313
540
1725
2632
275
924
1860
140
2137
2620
976
3754
905
1677
547
1145
2273
1575
311
503
276
3245
23
4938
88
1430
1534
1206
453
1639
360
30
1957
2755
1116
350
1164
1029
1410
197
146
508
1802
3673
2865
6964
45
451
2390
514
267
439
1608
903
690
2520
4228
2954
6393
1006
1988
125
787
99
311
9893
5014
2488
3431
853
918
1092
237
1578
1156
2040
4041
1824
11
11806
2743
1308
1963
671
114
1384
9199
674
309
1781
2540
4998
1471
2229
435
2157
33
976
65
228
78
722
1342
1515
143
66
515
2472
7253
2262
518
4722
823
3069
127
1046
465
823
5249
1981
1438
216
7294
5183
2370
170
335
1459
666
5174
894
337
486
1488
3965
149
1451
622
1034
3282
4
159
147
59
5834
2125
886
65
787
3335
1080
874
416
1332
4504
1061
2913
1365
2261
1287
456
179
185
1469
1322
1162
9049
2057
1141
966
118
311
509
1374
1907
2
2351
2942
1966
2723
3804
779
81
815
172
2302
281
1459
1163
795
2303
2731
2978
2507
1645
814
627
1680
2676
406
1249
437
705
1246
506
584
1843
1637
1694
279
508
1694
1801
53
11273
1393
1320
1261
356
237
3730
754
461
54
878
1397
3044
2620
2526
917
215
177
2506
311
1258
1795
2574
1305
1960
2910
3914
3759
753
18
2630
350
2204
514
3688
7345
3035
2010
2861
1537
388
1736
632
8939
6816
1624
1891
580
7363
1113
6486
1843
125
2022
88
3035
5022
1346
960
172
3429
1730
4053
1380
1142
2086
2158
234
4388
2901
2372
890
2925
3742
1942
1967
942
465
581
41
52
7082
3169
528
1514
2370
10802
1118
2221
260
3302
1419
81
2583
268
51
913
2797
26
1866
1015
371
664
1102
2068
12
1949
193
2820
10541
2787
1069
388
1608
169
136
138
757
357
2964
2039
3590
349
2276
1629
2138
565
1668
534
1034
154
6802
1529
920
1166
1056
6158
1434
1067
327
3149
3879
1615
1180
4555
529
2853
922
1837
9
2803
1026
119
304
107
608
4606
1825
530
1096
1085
206
10187
721
50
1903
49
192
2684
2099
58
204
6357
3608
2086
301
7094
280
3167
1454
830
1206
1393
2996
1447
8258
1426
242
7049
3321
1155
3170
4005
3424
10
4722
3259
1227
938
1385
575
1609
2284
1416
2043
5826
223
550
4017
831
584
42
5635
3364
2358
586
1760
285
344
120
1625
887
747
2336
1604
2065
755
2051
4842
3158
1710
217
3083
911
718
1132
7693
562
2699
2114
43
635
1332
2056
1041
1513
553
764
520
7154
46
2168
62
1833
1675
1271
4026
2943
174
2187
573
1178
84
2166
2896
1957
1863
3214
766
3260
5720
1286
2492
552
283
819
3120
965
2116
1385
57
3367
752
743
10510
3244
970
2312
2645
3860
949
6831
1176
503
961
387
71
165
283
3714
2069
316
235
3116
791
935
3240
3045
200
578
2058
863
4736
5052
3122
198
940
406
2087
483
2546
230
1777
2722
7737
1109
1754
2067
127
679
543
239
1280
1440
3314
884
2097
1770
1687
1327
68
326
1002
10626
1568
1340
5842
3023
336
997
1783
2253
37
441
154
344
701
1485
91
1545
5969
972
166
544
2664
890
2744
2475
1035
1289
1004
259
2789
1056
4763
609
1293
8055
1648
3431
690
14
195
922
1196
1737
70
141
256
1432
281
2055
2805
4999
382
2548
1816
1608
428
2174
2645
1384
34
4253
125
629
167
1055
706
264
3273
1820
386
2143
4246
727
2804
2971
1183
1434
475
1980
314
175
571
2710
1426
935
839
2925
1614
54
2193
3963
182
793
5040
817
947
2178
377
500
1062
1027
1670
952
71
675
17
6192
7490
178
5057
457
527
655
7594
487
419
4619
456
620
3276
1702
3234
207
2076
1065
29
3348
1599
7043
1668
5086
77
678
110
1539
2084
2080
2673
2105
2304
1159
122
404
1264
2451
2651
2218
565
177
2637
7771
550
525
120
806
3292
816
3252
2950
305
904
1199
2301
2406
1199
31
468
1885
642
2033
3823
6660
895
1181
102
249
1276
145
1730
1783
515
218
1009
2118
1944
3152
1
2460
322
983
636
130
4875
3531
265
1002
2356
1898
1561
5937
2340
762
3133
651
6
805
2197
2416
401
1938
416
488
1172
63
1982
1589
5651
2241
1724
700
2756
304
239
242
425
4160
1340
109
678
2964
7865
2870
1422
2398
227
2905
198
3290
404
601
1140
655
28
1135
16
324
229
232
482
23
368
643
1841
1886
953
1275
1324
2079
1438
1144
835
1276
1342
544
2462
3531
339
406
815
6257
2216
6590
2125
271
1981
986
4309
450
2352
429
38
590
2213
4475
1808
1319
186
413
6824
3282
1378
1821
5148
801
488
2186
55
3608
3907
7346
4286
1156
1058
1823
6013
49
1305
613
382
765
2201
144
635
1342
2575
269
11396
4175
440
1560
1840
1319
6830
1775
1116
4280
2847
785
4154
4411
2368
4
509
7113
4077
3305
905
212
60
3675
1850
6778
1121
3049
2483
3140
5782
1897
3099
55
6425
594
474
2222
1027
6681
7193
922
40
945
263
3374
61
356
629
3125
2738
1209
2091
2104
1956
657
955
3130
4750
1075
333
1188
659
2206
250
1788
957
62
2776
647
827
576
5308
133
8491
6
421
73
6766
2901
188
239
69
1788
294
929
2387
3301
5512
3304
2053
1333
3821
503
1090
952
4516
41
470
1028
22
602
400
44
2364
1132
2160
2304
1982
1112
1708
3313
935
184
1094
2607
1458
3793
2329
787
2543
173
1510
2774
719
1442
3119
2713
1685
4380
6220
799
86
1771
438
3728
151
1140
1295
4188
1350
101
3613
495
4153
105
1467
2015
185
2736
150
1263
832
2915
984
596
689
868
667
4535
779
1169
151
79
110
3657
829
2326
1076
1256
2066
246
190
1512
1932
3213
278
271
509
534
3545
2198
1171
240
1789
1305
809
962
4550
1663
2942
3009
1351
1560
2642
3703
6599
1193
160
120
259
1035
3278
4468
1122
940
1273
2127
136
1167
3047
1709
3843
3718
2289
4118
266
1293
546
3143
211
398
23
1241
774
928
3514
1330
4637
1917
5283
2552
657
680
5612
640
4489
227
557
1712
5412
1938
1378
3482
123
1114
834
2937
28
1204
2035
1579
1941
5441
1006
6417
714
311
1362
3752
1100
165
711
601
668
930
646
509
1991
5586
54
3079
92
1496
1173
433
744
2042
1619
1579
822
1465
2614
3188
250
594
1609
180
3496
932
859
710
1841
55
1129
42
4754
968
409
1551
1437
852
649
1538
1157
1356
692
984
362
1212
1423
3338
3019
5606
2696
2587
3349
4993
6439
7144
