real_Parameters :  bessj 	 failrate:  25	 Fm:  439.6592	 且最后的Fart/Frt:  0.5706776415999999		   Time :  14.3038

2
75
182
227
167
64
208
303
198
216
213
108
245
506
467
45
22
5
276
61
259
535
659
323
510
176
532
452
218
69
343
518
74
119
728
853
226
32
156
62
305
437
126
625
601
595
76
617
1035
168
913
567
546
317
186
547
206
18
472
1098
101
128
1229
307
17
1030
755
286
649
265
393
79
648
365
305
476
494
930
81
194
872
1048
494
203
535
98
330
161
370
486
257
264
214
20
363
92
807
62
727
1368
548
100
101
7
142
20
455
431
203
46
45
47
67
947
883
38
1047
557
895
586
303
416
279
181
82
20
691
155
734
68
609
269
770
227
242
523
1175
49
218
310
593
130
63
2
186
520
278
1383
261
908
595
51
1449
628
431
39
676
254
751
243
54
1145
391
73
727
14
95
233
2
274
600
1519
401
1143
623
327
15
954
81
630
306
468
177
856
180
32
618
56
486
597
82
446
172
214
1211
118
381
646
275
700
253
171
1239
66
1192
176
917
371
356
300
24
160
139
2823
64
1594
220
154
2509
71
668
165
338
112
416
41
17
788
681
361
21
387
177
62
78
1377
249
238
27
519
288
725
236
78
577
636
34
1028
424
98
136
429
71
383
132
261
1647
194
453
307
145
399
254
68
61
467
546
286
56
125
188
869
142
228
607
164
748
139
2
1148
52
754
457
1058
294
60
6
338
1100
712
332
462
1187
390
505
299
44
243
1221
1097
48
302
451
1296
1497
284
198
282
500
278
232
833
337
300
173
1030
29
360
283
580
18
196
449
200
1425
629
334
41
193
381
61
424
472
524
114
1647
446
67
983
26
55
210
15
285
62
718
451
638
109
178
320
744
110
314
435
492
1268
407
135
74
493
935
212
1074
102
259
293
543
803
673
145
304
239
1474
487
1350
222
494
529
16
297
395
446
151
155
574
10
331
212
115
27
457
609
559
1169
699
185
804
119
1559
263
1491
690
225
585
566
167
542
112
877
233
431
380
157
507
73
536
1231
290
102
690
905
423
681
119
746
550
165
674
63
62
1481
149
344
20
53
372
892
180
387
541
191
527
127
347
162
441
543
50
60
239
576
451
101
34
114
796
60
87
124
230
274
99
443
210
42
111
227
111
176
88
1160
60
48
455
38
648
32
110
590
504
879
212
345
192
325
541
450
230
204
558
48
397
582
288
609
458
819
864
150
427
141
1230
477
408
122
768
485
337
622
295
528
342
337
141
639
43
289
15
545
462
190
971
1462
135
595
518
438
66
334
997
111
69
325
168
758
26
328
93
535
94
30
1
59
1879
98
722
623
707
138
614
213
1297
110
490
540
378
525
597
422
197
30
47
225
376
43
583
90
198
19
190
1435
447
74
27
24
436
106
436
649
759
274
1519
191
739
1347
576
69
253
991
296
201
1031
178
539
654
244
594
179
1722
945
3
58
122
210
1421
666
529
715
56
610
463
585
247
491
72
384
205
113
38
987
592
62
25
98
131
1424
26
148
407
67
453
70
407
33
341
97
535
329
154
382
203
1034
342
61
686
116
34
1249
198
17
416
896
145
291
208
17
119
374
14
64
381
567
720
235
487
103
439
852
1080
218
399
886
1147
267
671
394
1128
90
62
760
137
177
318
466
331
912
652
1060
100
987
184
82
105
478
450
136
131
161
263
90
222
215
1066
264
2033
436
598
1101
627
32
377
91
266
1057
647
420
73
675
1012
175
347
92
43
749
447
514
73
100
74
1191
448
158
481
966
137
395
59
149
6
629
308
71
232
124
213
174
304
478
567
382
3
844
139
873
237
56
567
167
247
197
465
671
80
483
241
748
65
183
122
32
402
641
428
268
838
758
277
4
89
118
287
224
84
149
221
526
99
155
218
195
209
457
2126
623
997
191
248
166
928
89
218
893
229
403
381
452
1127
790
262
323
53
203
191
842
557
326
145
1043
793
235
50
244
102
645
889
355
23
1449
1017
120
234
288
849
681
577
277
161
600
972
497
681
524
215
645
288
36
189
252
945
858
780
969
417
808
97
1237
441
328
481
97
102
91
291
1106
194
463
686
560
164
289
20
102
293
212
70
695
452
1039
130
504
212
401
240
180
433
304
952
327
222
28
81
501
185
363
100
327
1511
1131
46
243
201
75
1369
648
688
443
192
329
161
187
130
98
78
595
1317
513
827
687
38
37
822
572
99
32
342
586
359
32
323
300
1025
644
432
110
278
994
669
65
303
717
1213
430
388
332
837
1002
31
251
845
461
1705
137
240
1063
257
834
150
123
765
371
263
685
733
99
784
211
804
1198
83
679
206
924
342
813
174
1273
324
85
836
362
334
1074
145
285
906
410
406
213
96
947
106
5
102
492
397
841
581
319
332
115
103
1
38
78
56
131
366
547
438
74
73
17
1660
739
485
165
558
65
285
45
475
395
11
1497
1144
175
175
780
392
494
316
296
1104
328
336
706
213
1245
156
826
78
393
928
507
3015
674
338
107
73
46
194
76
296
538
466
248
916
20
888
81
347
156
711
227
400
74
633
315
272
34
467
198
1006
344
17
16
163
720
96
499
127
822
699
60
208
470
486
584
384
129
215
46
1190
408
906
90
472
424
165
113
1070
333
100
52
2
17
117
85
889
478
537
28
235
561
145
317
682
932
63
564
357
447
335
374
391
410
319
53
589
71
2
844
272
89
185
545
407
530
40
651
154
236
48
111
949
519
1056
1138
349
230
252
199
329
129
186
1110
382
597
1193
451
632
33
76
222
725
985
92
763
162
22
138
293
731
210
816
462
1110
250
274
244
61
493
389
506
525
171
124
622
170
362
46
118
238
987
33
952
1480
612
69
1013
673
11
771
1164
248
930
239
254
763
1001
221
909
46
63
722
550
301
436
416
30
1396
21
325
144
79
15
287
18
246
523
641
397
753
530
202
189
349
69
487
202
634
81
228
161
184
41
329
93
1246
911
1100
121
304
473
1027
491
184
1042
173
521
55
850
127
124
34
475
135
1108
924
239
1066
111
192
400
79
880
111
39
33
358
213
346
1006
1323
192
161
346
586
410
33
233
1665
697
1578
426
40
996
502
190
67
284
45
129
80
181
628
631
361
1186
1217
736
36
760
509
870
66
473
127
270
744
794
655
517
400
472
64
448
28
906
346
930
124
1082
565
188
723
823
291
435
12
143
243
202
35
42
993
172
722
548
267
341
472
495
103
78
403
966
4
447
541
79
2
582
520
1401
1190
574
882
54
407
335
163
31
227
53
1427
241
15
1970
417
412
2
604
398
1631
372
5
704
859
137
275
499
586
307
283
758
1127
439
296
114
93
58
10
473
170
663
146
162
889
208
98
996
927
864
911
1138
76
278
15
409
114
473
1065
23
756
1421
912
109
599
712
812
614
797
678
230
252
201
189
233
618
211
101
959
683
750
1056
719
285
325
336
611
657
186
575
276
80
29
62
647
446
554
213
1785
1211
474
316
61
179
384
529
1047
894
414
208
681
435
237
504
81
479
175
1462
659
754
164
390
1183
212
649
980
1545
635
376
143
841
95
18
1065
350
1002
276
22
1416
327
181
48
51
901
1478
219
31
462
177
841
232
496
1130
382
445
69
469
346
417
326
370
311
1362
760
138
111
1080
678
10
459
142
88
238
765
661
994
380
429
308
545
609
811
33
473
39
366
75
519
609
972
347
128
172
150
339
1991
680
102
636
623
397
368
676
19
47
707
323
875
64
298
458
173
135
697
185
1219
832
446
796
138
173
831
124
303
1315
1603
421
4
772
335
20
886
437
540
76
318
89
16
454
166
77
49
150
36
26
514
249
730
1215
688
163
360
150
957
804
167
327
69
8
376
457
172
753
172
665
261
118
316
726
588
467
70
73
224
170
22
786
620
148
43
112
210
630
206
142
174
428
809
47
366
268
54
519
35
471
109
683
70
85
368
334
744
10
59
436
295
381
165
790
69
2
452
255
148
534
68
800
205
100
1013
1537
299
1037
720
563
103
88
1229
132
1330
785
68
16
225
526
1163
576
161
86
52
179
775
322
419
120
582
179
1181
534
368
853
414
652
38
1571
96
345
528
514
90
1
1407
391
19
261
210
575
1155
804
509
618
128
1008
185
227
518
1288
1403
767
548
164
181
1003
256
40
164
155
726
1152
216
76
551
93
166
32
476
460
62
54
306
1971
319
68
597
87
2343
677
795
827
138
158
641
23
385
62
82
1381
58
1235
514
688
778
809
64
188
44
1001
267
167
514
258
59
1118
37
225
112
1078
533
827
426
378
71
382
1680
438
95
364
1052
418
174
477
152
571
570
2
84
643
398
114
703
66
104
471
342
535
621
398
400
129
1008
157
957
439
4
134
76
582
308
110
1328
1183
608
1085
139
205
749
310
642
452
923
261
133
413
103
398
117
907
656
362
406
590
128
1
133
34
821
503
2
107
38
1429
98
4
1132
91
1518
1707
237
218
811
939
518
419
40
502
971
873
169
27
525
283
1826
367
147
773
428
79
628
1136
414
114
333
179
284
384
127
22
294
165
766
191
314
684
676
428
939
652
637
77
458
1118
390
314
390
101
236
12
77
1323
91
138
186
757
716
106
484
54
854
207
70
360
939
128
259
787
97
1006
188
637
104
380
123
58
212
885
194
540
948
1116
1316
2272
181
896
204
1520
140
1766
219
1159
679
554
119
355
312
469
214
620
254
286
509
13
108
706
606
297
43
459
132
823
231
171
366
81
507
487
300
1483
1029
543
279
61
898
570
61
150
423
293
944
75
173
505
74
1051
31
410
350
287
323
253
242
80
441
701
97
179
175
631
1044
328
79
79
771
1434
252
450
256
417
740
10
659
1605
46
261
143
42
283
327
27
106
237
288
101
243
2179
195
323
1356
131
15
360
922
733
228
1443
688
1123
354
112
559
276
183
43
453
1578
66
179
152
104
2
400
748
96
559
968
149
873
530
408
85
1403
1291
1212
149
493
301
1017
304
237
660
827
70
216
194
207
144
573
441
19
327
628
1064
274
1334
90
624
69
849
60
204
96
576
2186
1109
7
799
256
650
283
64
227
1419
337
651
821
420
946
232
645
98
6
310
703
68
111
616
539
295
288
873
172
102
753
206
229
102
1756
278
326
2197
321
255
833
432
1123
362
24
551
462
649
77
153
493
245
11
226
137
299
330
365
112
1640
305
206
31
1012
945
665
492
72
285
1161
885
531
292
61
704
248
172
291
466
92
520
492
856
374
655
128
126
237
36
1032
453
240
184
343
322
329
25
90
28
310
351
592
304
13
40
243
183
52
122
208
275
63
222
576
106
1332
328
180
510
1358
778
154
1114
132
299
331
448
566
78
67
211
838
464
111
668
853
429
368
63
112
329
538
512
486
154
156
138
463
47
772
938
518
95
339
427
768
18
282
48
196
667
303
173
237
26
329
872
523
228
147
529
287
320
529
1530
213
141
599
655
1786
267
1350
158
852
222
13
319
308
845
15
60
128
203
117
43
36
839
133
810
318
324
336
529
1515
232
1102
103
271
343
116
65
1263
20
119
294
623
398
350
251
1115
1202
1239
886
50
381
247
1365
1079
804
828
383
553
336
108
83
679
2
973
933
433
197
891
231
1009
1389
748
14
102
1409
951
1872
284
76
1663
11
340
1848
24
304
63
96
1502
755
57
249
449
61
841
521
313
62
451
628
233
107
554
1453
33
1581
342
590
454
48
404
492
50
193
1242
84
365
1212
555
388
869
46
314
749
90
139
286
301
296
36
501
821
634
431
53
196
1036
285
53
236
771
568
89
295
503
327
24
396
42
536
371
283
243
449
154
539
1663
32
387
1171
969
688
366
54
128
43
439
356
86
196
2
153
306
244
262
394
903
45
356
185
600
2245
381
802
309
216
73
322
88
242
45
28
675
151
227
375
15
187
956
34
1110
433
497
55
1307
793
231
168
1847
1263
807
2
677
588
995
430
310
123
270
121
406
235
1266
202
300
2
785
526
965
825
781
28
201
437
461
132
1067
130
375
251
432
300
54
48
80
432
345
148
350
69
1036
49
1023
796
95
319
38
1185
658
114
223
434
611
1696
388
1054
89
13
425
718
62
180
293
1103
1803
634
672
1000
875
134
257
165
518
449
340
631
1173
1177
65
400
872
393
56
499
131
109
541
305
496
240
354
634
995
109
34
525
885
1068
150
141
583
179
815
567
455
197
373
435
278
239
455
829
152
582
175
1678
168
246
423
56
59
855
378
366
71
128
174
389
208
1356
2
666
70
85
133
359
416
452
80
225
559
465
614
1147
369
537
1294
391
541
623
491
1125
645
88
106
814
197
827
26
197
2
71
49
284
487
654
26
972
724
571
363
192
66
503
789
1452
768
822
46
532
434
164
160
449
262
767
130
948
53
212
578
135
565
407
503
573
1102
493
354
321
773
64
183
164
468
105
1324
49
802
562
105
760
911
930
623
21
277
824
1669
60
273
719
1706
182
128
98
787
182
1386
952
1093
58
1006
168
376
1325
128
563
179
974
43
381
269
45
581
1521
913
53
526
111
495
110
311
1133
145
241
168
1236
587
93
222
718
33
597
17
34
1293
547
534
456
303
63
604
1027
320
1278
70
50
294
43
1073
25
2400
1275
501
740
933
367
348
267
53
50
294
178
398
197
397
49
331
71
77
144
964
252
145
614
144
113
166
653
11
645
90
190
285
1333
194
144
618
79
480
571
108
398
611
881
71
752
90
1696
971
127
62
531
173
73
266
85
265
144
269
519
41
523
51
562
281
162
497
428
21
626
255
96
99
375
2
16
581
573
638
675
167
324
790
522
1713
614
196
72
254
333
296
336
431
284
1627
78
125
249
117
535
461
478
407
811
1058
922
848
224
59
274
779
380
469
969
593
199
1760
634
545
60
527
262
502
1089
512
294
222
878
347
633
343
320
257
458
273
88
63
101
146
235
529
1523
253
1200
403
127
37
367
162
293
768
74
223
874
968
348
92
774
140
82
841
985
480
1295
1426
30
195
94
228
237
759
202
75
198
191
897
183
119
305
230
55
234
138
256
167
62
381
105
1493
114
75
543
679
956
897
780
310
597
429
188
850
1305
174
385
165
997
884
47
91
407
969
33
80
347
69
928
108
458
285
34
155
539
226
294
144
52
191
98
348
440
750
251
658
205
330
47
259
250
206
664
807
506
224
57
306
112
493
843
34
938
558
187
138
51
160
48
418
708
255
155
456
647
46
196
245
267
1021
270
261
54
819
241
1284
407
94
407
185
34
671
473
271
382
1128
448
287
424
507
314
294
494
199
164
118
866
632
200
27
46
466
51
681
519
404
766
574
282
129
37
361
276
479
768
294
281
46
951
47
130
439
692
126
727
311
405
628
490
613
336
402
781
567
119
66
807
96
247
357
24
170
1781
141
926
550
1045
249
985
141
2
189
467
355
254
465
84
155
529
776
118
247
240
1306
270
348
763
223
294
1094
838
376
317
135
594
70
1395
2653
630
797
1482
101
282
915
837
381
511
8
1375
111
1010
361
218
51
117
238
626
1147
113
150
841
15
639
723
187
561
181
379
87
466
3
386
1
975
454
12
575
42
296
111
974
242
64
830
71
38
58
473
24
336
481
76
1002
681
203
74
80
1785
117
277
961
722
473
783
1109
58
525
331
565
596
338
148
405
4
74
506
319
256
1433
29
153
394
781
243
242
47
193
18
116
104
89
227
232
107
749
1063
660
364
135
1010
324
586
123
49
270
903
36
104
75
67
620
357
92
24
174
130
633
19
103
326
427
690
68
88
25
1288
816
24
522
158
387
88
38
580
176
621
108
137
165
1185
253
95
559
519
79
354
300
68
160
93
660
44
758
32
212
36
487
307
492
168
492
146
72
266
1514
235
22
411
94
262
202
32
534
210
297
347
374
432
369
113
478
375
231
384
708
48
908
84
1122
585
386
221
172
4
559
655
49
765
85
1596
93
512
236
137
222
778
501
737
432
920
1037
50
236
179
165
211
366
125
647
55
126
114
58
527
266
62
142
576
299
3
346
448
377
303
275
1784
645
121
523
550
313
595
121
191
284
67
90
333
230
418
86
177
374
934
422
55
417
288
39
421
61
869
320
346
1002
12
80
1300
1011
474
1602
569
230
220
316
446
182
858
265
96
56
663
253
532
45
771
2266
107
673
254
503
217
467
293
973
22
727
439
118
40
34
259
460
1377
605
225
816
597
273
198
956
392
1163
468
123
264
23
237
141
1901
1254
443
1620
544
1193
274
982
779
598
207
699
123
577
220
468
803
76
962
2
720
615
479
56
241
76
138
531
188
745
488
539
325
146
568
74
589
1164
182
725
647
373
660
86
29
283
43
337
465
506
36
650
238
1144
7
142
878
956
166
573
470
558
288
344
684
874
765
331
3
1328
116
86
1143
776
126
701
558
125
214
334
288
23
18
386
60
1089
330
520
567
223
1171
727
584
136
724
1004
775
209
237
554
62
973
945
1018
950
192
518
195
186
60
61
201
663
83
388
384
1026
212
1441
103
642
402
412
32
637
598
94
88
124
512
268
229
284
85
143
485
2
201
444
20
77
142
669
125
258
369
272
174
488
473
1316
185
205
818
1356
746
1021
666
152
59
898
861
44
648
223
66
342
615
1679
27
684
721
57
218
169
168
267
686
152
582
179
656
448
326
223
499
80
595
85
46
1374
144
887
89
466
546
309
839
869
348
354
586
259
991
386
263
540
60
165
171
607
808
196
352
970
694
1510
572
383
1108
616
390
675
20
217
42
295
729
85
504
358
69
404
271
590
436
149
180
229
540
85
266
1416
60
174
223
101
59
464
125
126
264
111
565
855
1456
297
493
331
731
635
150
254
729
786
545
514
437
57
537
710
174
289
76
697
123
757
36
135
1040
435
67
121
224
44
245
218
44
669
128
428
80
1155
233
160
658
574
474
721
51
2508
345
155
132
288
643
88
74
459
336
1039
170
203
672
1235
68
56
693
205
139
320
830
128
45
185
59
159
914
916
1528
19
295
695
65
166
45
108
859
486
372
1167
312
798
174
234
422
1381
405
588
753
983
3
524
81
292
1716
386
141
59
144
388
672
314
103
291
1082
660
239
483
158
1028
966
44
1009
320
60
255
1545
227
354
442
130
299
792
199
730
173
536
7
70
750
87
730
243
163
944
240
705
214
82
953
91
386
234
126
24
517
1343
94
11
15
567
239
19
58
63
179
1324
741
657
105
208
767
265
33
198
733
50
168
177
268
778
135
191
320
1038
405
194
49
310
28
500
1106
316
252
124
17
283
17
127
224
188
334
20
218
103
373
20
114
277
123
679
897
45
63
136
166
25
22
102
43
16
907
146
491
2172
626
582
368
581
315
597
731
327
391
455
440
1441
47
666
386
365
425
573
396
45
153
595
115
167
1375
780
104
269
516
406
662
638
680
548
85
138
54
111
1029
556
332
29
888
555
414
621
157
117
412
926
176
478
612
536
147
589
1217
519
321
253
63
969
230
1079
211
949
344
189
85
12
34
387
613
12
170
139
117
392
438
940
897
323
347
530
603
292
220
1005
578
110
1086
1724
670
287
342
460
379
603
1191
85
83
752
2
561
793
272
734
258
888
67
322
596
88
31
150
849
903
144
569
1183
54
1052
235
255
313
35
98
317
651
42
281
920
487
729
875
1191
443
428
302
315
98
2
631
157
479
96
69
164
224
98
192
307
431
97
219
271
107
59
251
250
643
511
365
1526
432
327
1154
195
616
880
325
889
121
412
62
664
939
293
237
689
478
84
85
1802
320
83
290
888
841
216
842
507
1557
116
519
475
206
109
137
449
318
233
86
235
687
268
287
267
282
480
106
870
1816
1074
324
1388
1213
241
470
138
850
635
258
174
842
2338
85
348
1224
577
1084
310
417
228
70
933
245
343
399
518
3
767
266
384
385
169
317
158
422
428
556
990
255
1075
318
260
186
13
90
287
49
175
628
39
284
82
24
586
855
1068
749
11
234
650
487
177
2
522
125
533
470
119
454
3
2
350
70
526
56
1821
1012
1631
108
335
1044
386
657
482
121
828
1925
289
622
53
832
718
36
117
39
116
243
91
157
264
708
547
215
289
339
1696
489
874
136
103
251
36
921
498
243
50
88
64
701
70
41
490
108
2
540
626
142
471
341
349
896
372
312
662
10
423
268
663
350
438
361
28
524
192
815
307
963
57
557
209
295
272
49
59
220
248
333
1105
640
1181
60
709
50
72
46
510
175
776
55
654
239
232
1262
267
581
277
86
754
822
108
137
330
1116
1284
401
44
380
297
99
386
1031
41
606
71
706
513
35
44
642
8
361
170
198
910
530
846
488
84
132
173
619
137
316
356
378
755
942
90
407
303
164
615
887
205
196
167
542
2086
1332
1138
881
45
708
319
918
166
351
160
69
714
66
162
1279
89
534
213
1239
153
308
817
304
201
443
710
320
25
122
929
605
358
586
767
149
35
492
1095
116
305
619
820
200
613
110
221
670
93
111
48
16
965
656
128
409
1070
453
360
167
371
197
31
1298
55
521
277
928
273
347
236
537
480
283
173
1585
837
77
150
506
318
622
158
335
747
352
592
426
33
926
206
615
369
525
510
494
1459
904
402
60
91
273
194
600
123
543
279
77
414
777
19
55
532
452
523
767
1137
44
513
114
176
1140
496
361
675
202
722
517
701
484
1068
226
237
653
444
397
150
873
166
986
295
771
251
69
36
409
1335
86
429
728
1526
161
304
425
137
14
350
284
275
365
162
197
427
622
1244
267
67
761
783
298
611
1450
453
391
188
125
138
447
1020
520
638
1377
121
347
66
181
188
828
205
178
623
350
1304
84
1006
203
319
1357
203
1463
529
1326
254
282
1631
86
895
617
96
89
1149
130
426
962
290
370
324
1037
214
180
724
1351
1103
294
195
860
425
49
1169
555
431
279
150
11
300
254
647
291
71
195
238
109
1
537
1178
2
210
1304
11
194
430
403
318
621
162
139
1535
289
258
81
206
1062
252
879
151
783
830
931
577
145
411
145
1734
741
404
149
275
1000
857
69
75
74
274
1507
53
236
765
215
78
292
102
192
33
1286
363
867
628
833
576
322
46
88
104
475
1528
630
582
369
1035
166
160
326
309
71
174
336
351
594
497
730
254
642
38
548
114
177
47
452
768
90
22
720
80
709
15
111
248
300
351
565
101
288
468
136
388
1413
679
280
601
220
268
993
358
624
472
675
342
154
24
249
910
186
173
892
33
863
88
61
419
177
211
242
232
130
109
852
6
379
73
37
649
149
268
510
150
102
600
396
85
542
51
1032
383
311
111
551
755
290
222
1065
173
553
228
81
193
860
425
65
412
510
562
180
50
631
84
230
157
510
788
107
71
75
218
434
63
750
449
154
1024
705
203
209
473
91
97
1357
1369
497
114
28
121
143
503
261
1243
397
1129
452
480
18
748
307
937
361
102
14
872
1701
28
272
561
486
533
805
547
93
313
127
775
46
133
107
560
22
218
183
91
659
262
60
490
734
87
44
125
800
1739
272
328
114
483
543
561
1235
706
517
1387
129
411
33
258
189
165
503
222
130
704
286
1551
952
1991
324
120
129
724
647
408
508
409
1471
277
109
142
120
602
436
285
948
485
730
195
327
12
304
98
409
157
698
502
776
458
148
737
1011
93
106
129
534
389
255
142
92
773
25
63
2036
16
201
355
84
259
305
32
1208
71
837
15
531
238
279
950
199
399
678
105
365
660
744
404
1195
783
303
648
1002
681
143
372
222
713
586
703
365
618
645
1215
2181
