real_Parameters :  gammq 	 failrate:  25	 Fm:  1085.2918	 且最后的Fart/Frt:  0.900792194		   Time :  90.4774

2
56
501
747
17
761
599
201
206
580
1018
1048
76
1321
669
1074
1193
1213
865
1079
1146
1824
67
1077
191
1596
609
184
1109
167
37
1679
541
6
1217
1256
118
339
655
964
74
1704
1065
391
323
390
133
749
391
1443
809
1582
1981
15
216
353
1035
335
201
1313
696
120
300
1133
1228
158
118
1209
100
2610
856
599
3649
1096
3373
188
1735
781
346
1686
14
1623
1104
3180
1131
1667
1054
250
515
1367
1155
71
165
158
1275
188
274
423
1262
609
3599
974
28
3006
2293
482
947
304
113
1086
200
383
556
1129
720
1743
4229
2630
536
599
1563
989
551
1632
339
1290
161
597
670
394
245
542
1354
969
166
4697
404
2670
374
1309
1168
2451
3432
1057
537
297
2185
1125
152
416
2508
1293
1036
1216
97
826
612
581
525
763
1070
1678
1434
2005
1738
499
2239
2035
1402
880
577
317
2720
1015
2377
2614
856
3192
1160
1154
128
580
1342
406
242
2985
2358
235
1060
1250
1339
393
50
469
691
747
268
970
1059
2579
1196
1275
650
87
774
4367
548
359
701
878
332
263
59
62
3013
345
1016
128
148
67
5
2644
412
702
217
75
1555
1564
726
113
1610
1647
3960
507
755
542
613
664
1318
2074
2447
711
79
356
4919
1250
2180
2169
219
208
1159
995
906
1637
92
1392
1936
827
2990
2491
1044
53
775
2466
196
495
730
1400
660
2005
283
1216
1284
201
994
573
694
1494
225
3935
1720
318
1622
312
746
1049
120
734
573
603
1997
453
251
3071
62
1493
408
1391
2735
789
723
1318
732
123
519
845
1047
1470
1074
368
1517
110
1005
254
304
1955
52
91
4113
3361
1540
320
4553
1515
597
777
427
2588
194
611
296
1570
990
9
1578
370
621
1178
627
1347
2203
76
2465
120
1075
18
891
438
325
408
1675
854
1243
112
1691
2197
116
955
12
2699
2084
1954
2456
3086
458
27
961
878
62
147
1201
420
471
2575
36
394
575
577
1926
480
484
1804
689
81
318
2810
524
660
1705
1413
1685
405
2
10
21
736
2
2874
361
996
1315
1364
1733
3642
107
105
331
1227
1229
36
956
112
3762
617
52
564
486
490
665
239
1516
307
1188
505
545
2446
1346
1924
4597
1900
408
1478
2238
93
2207
96
703
438
1167
926
491
68
2071
1521
1393
474
427
16
1639
395
345
2818
134
381
584
1215
2000
273
1609
722
925
295
1057
1321
1357
1383
1968
969
175
1373
805
1544
1219
435
2377
505
1193
2840
1177
1348
2229
296
886
1023
1465
95
386
120
249
481
1501
460
261
625
1509
214
4326
662
1736
5467
1703
1415
502
945
70
499
2288
453
58
1017
1199
659
2267
1087
2
117
101
1272
216
1264
1314
1579
794
231
685
2555
298
593
940
1705
3176
315
777
124
163
3
329
4436
1718
20
1974
2735
170
52
1427
479
786
2446
258
751
41
422
1295
1577
3564
691
247
58
113
1329
2860
293
1409
398
3749
1384
1421
101
617
1226
1440
1570
461
2275
410
1912
1595
1381
104
616
276
656
264
43
2444
1535
780
1229
823
1090
118
256
1623
2132
1309
307
1613
2361
191
295
1131
1600
459
123
2905
235
2215
669
870
539
171
994
78
3357
319
477
1668
2255
1255
3989
269
270
180
448
252
622
947
2005
1960
567
427
1365
1663
566
84
185
2615
2035
948
466
1556
2072
3987
1283
248
291
1171
2408
1369
739
1911
329
534
257
2619
1456
2426
652
585
67
256
401
775
3334
269
350
26
1557
728
984
783
5
1024
427
150
568
317
1150
1135
1531
488
774
102
42
5
56
1496
4413
5005
929
224
1536
915
233
1206
1291
397
11
401
649
492
3
230
510
631
453
58
694
961
1422
980
1600
328
3079
15
31
3616
1197
521
3357
2687
411
538
875
1377
281
1353
1706
805
2646
161
2139
706
1338
917
1149
875
470
1703
3645
2791
442
2114
2903
1964
3194
503
1419
88
348
4616
632
787
198
133
493
4959
174
1958
782
799
951
93
916
143
24
214
823
711
132
143
65
224
2296
953
1859
657
1832
178
47
788
394
1197
606
319
913
537
62
2
381
2346
724
362
240
2143
1360
1288
710
2046
3410
1462
416
535
452
108
631
115
2765
1567
259
1347
1089
532
1080
1218
4273
458
314
524
693
1451
186
402
808
1462
971
774
1155
891
3353
2624
926
40
34
157
916
390
4636
317
729
274
462
63
824
897
319
243
404
1869
887
366
1283
486
774
1585
439
684
8
577
1677
658
77
206
457
117
1210
405
816
893
1262
2030
882
2233
2403
135
240
1418
551
498
959
605
3661
800
172
560
867
1164
120
409
454
119
906
2884
423
1791
710
593
648
470
1618
1492
2300
924
267
1628
364
2176
355
1670
2125
583
196
1335
45
293
1612
1720
532
1486
619
2771
549
396
1001
87
1709
83
2735
475
884
549
581
423
2512
175
629
826
1025
584
41
2011
455
276
1671
1488
249
206
1239
167
1440
1215
690
948
121
2556
1252
155
74
3584
94
2912
1858
771
1341
2024
2376
1039
950
158
1368
1834
4485
189
478
3323
82
2726
400
211
1279
391
664
3485
1566
159
2562
280
511
816
66
1613
13
1021
1846
5151
699
679
855
220
634
876
188
1541
4071
675
1031
165
46
2292
63
797
98
414
683
473
1656
3206
1225
767
893
254
623
31
32
2304
859
1838
1998
1144
1356
5979
3232
1838
1458
2369
249
339
1064
1766
73
573
601
2206
2280
339
939
595
1275
188
2072
783
3168
752
913
620
40
1858
1713
342
169
1534
1130
2302
452
163
304
16
5374
377
1594
360
786
1992
841
179
299
908
656
4214
359
509
1031
495
830
1836
1288
1787
522
2807
1333
63
734
974
327
258
501
1569
241
989
784
3044
2552
14
167
549
1956
1671
78
3840
917
2234
2398
1027
1814
2032
1005
508
476
149
121
2113
874
1202
317
651
812
925
1456
2479
2879
334
551
1317
470
2403
609
2908
579
867
663
1203
1695
1115
2279
1171
595
112
1890
189
213
222
1635
1050
2639
459
603
1107
1402
283
2205
1250
2266
1033
77
4071
601
3995
1428
2020
4282
3478
462
612
218
614
2018
736
2124
981
2978
1160
138
937
151
380
403
865
471
948
1678
385
563
811
1668
714
1724
1405
357
428
654
1034
167
1934
52
215
485
797
624
404
1497
7
2211
813
871
152
2752
147
1137
461
2141
199
129
653
338
314
3242
374
1036
331
1578
205
1370
2075
796
3293
77
545
1753
1982
515
162
1098
613
249
1252
354
1223
486
86
4454
732
1594
3755
925
4016
1478
204
106
50
1103
167
51
319
493
2537
1838
1389
17
901
909
1972
58
235
1405
1495
1873
423
673
1476
696
2778
1381
877
1076
2233
54
749
413
2859
2416
84
98
198
2273
24
1582
1828
769
2369
1282
726
470
118
1385
786
660
310
1636
2001
473
1005
342
403
264
1318
426
656
1127
330
3358
668
1126
1162
4225
3058
179
2486
1053
1033
115
105
1400
139
147
552
31
401
7
870
132
2358
527
296
603
1692
589
79
1917
569
2326
145
159
1418
634
1626
714
941
584
1099
1269
582
1158
575
1880
1672
1375
701
1683
331
20
630
5
72
224
415
530
213
2845
2288
2193
749
733
5046
695
97
181
877
641
279
574
355
716
1000
1940
1564
96
542
675
997
362
2624
1557
183
1778
2330
3776
779
1101
2583
3720
1073
129
296
2389
2482
1208
1739
1858
485
2179
817
156
2353
774
172
509
296
306
62
3327
155
98
177
983
1246
4008
1285
430
1020
924
1822
570
1548
632
388
41
62
1173
410
149
512
677
495
3106
398
3330
902
819
2083
521
61
2102
3
367
1104
604
1573
1572
890
719
1246
1883
459
1161
4061
1665
21
2072
1806
648
1131
1207
533
697
953
140
106
613
165
2635
430
1322
521
1229
350
3515
2470
320
520
263
918
1256
381
2672
3093
1722
56
3147
960
129
392
235
1444
1803
967
139
547
846
1701
192
3893
683
252
118
622
944
1166
3052
791
21
1384
494
1653
351
490
819
137
224
848
187
244
109
1198
389
468
1589
144
3093
630
1634
11
944
85
758
4839
6139
224
625
3639
770
1204
1173
548
2907
301
2574
254
1636
4519
135
1183
805
172
454
544
170
126
753
50
2742
1449
37
1971
498
193
245
1801
2061
729
1209
790
529
1669
84
203
275
1738
845
613
1841
211
1371
293
230
5677
902
2769
822
9
743
284
1779
2759
1713
1556
1492
521
2565
188
20
761
666
2667
896
507
868
1358
10
232
874
1160
1674
70
3060
1204
3816
287
116
675
686
2478
460
1857
934
3910
108
291
1031
2654
2915
664
1850
766
23
746
1990
888
1690
3248
2523
2732
70
348
731
837
1403
767
670
1166
2151
847
821
2117
234
832
383
138
151
4337
39
1692
328
434
1699
823
260
391
2870
181
1677
107
818
1152
334
910
3239
2
33
1372
738
335
47
149
482
1917
1930
402
959
2376
830
79
303
1906
2345
171
5
3486
296
1341
356
266
280
1492
1790
767
1441
634
1821
233
55
713
3007
248
2268
3143
837
1745
505
1201
666
995
388
697
178
4033
1491
392
383
180
474
3468
906
2749
174
91
6
849
507
369
1557
2881
280
637
92
1857
61
629
267
635
2357
1337
119
318
690
2116
1393
2696
46
158
1267
99
2935
772
530
854
1027
1298
2009
1562
1686
400
2098
2639
600
2062
1171
796
1184
1173
1379
443
1567
1113
3052
2423
484
1208
793
468
1425
511
548
152
283
368
197
582
571
2
73
72
2319
538
1720
968
1209
2378
2774
1278
910
355
889
1384
1160
1587
147
1083
641
595
285
893
447
702
1032
442
933
38
929
1404
1037
1085
2010
2811
3341
37
835
395
273
67
554
209
681
932
3437
575
146
1033
598
1189
105
439
221
694
426
415
1688
181
3178
519
1736
791
104
447
199
52
2
534
323
249
1724
2263
117
3422
742
881
954
3231
143
3993
512
1697
1443
1666
146
1461
3609
199
401
2766
420
849
790
1110
157
375
1643
931
1974
898
452
261
206
274
275
1427
20
1540
1370
2397
888
133
17
170
2303
52
1110
1268
410
935
1894
1798
985
898
1639
1031
860
1645
3
1105
196
815
513
1520
1430
1803
3403
818
158
36
309
517
67
1058
1427
504
15
732
439
876
1501
228
260
2656
3910
1510
593
958
1205
572
338
1375
1706
1664
45
208
2654
687
1483
1476
2842
711
2482
39
447
1565
1107
835
507
860
1380
3517
1111
1486
1121
180
2
761
3446
633
172
1086
877
1968
216
1168
690
759
794
895
1665
657
226
1802
896
1077
284
369
698
1205
814
1320
552
265
318
197
595
535
3179
103
46
52
2080
787
850
47
1747
1503
837
634
2344
711
1712
296
1276
1163
1107
652
1783
522
624
705
118
651
982
100
411
1276
309
1123
2045
15
278
855
36
4096
1863
885
327
739
3157
762
28
2508
474
522
2193
2188
2175
1813
1583
614
306
75
1189
2138
149
3559
437
254
154
3011
465
3127
468
639
8268
385
2166
70
386
331
2764
2121
53
1185
2856
942
1055
1240
358
133
718
122
499
475
4047
1143
88
319
691
295
7
420
1294
892
620
684
3169
196
1457
1128
539
264
107
1460
1192
2435
105
249
72
2497
610
121
1062
1525
1010
320
2011
545
794
169
406
220
573
537
865
892
864
772
1234
912
1732
1930
297
563
2825
531
721
395
104
659
39
10
353
286
2917
2690
342
381
1100
535
1058
1195
1785
1174
1119
577
41
1650
103
947
105
1006
1646
1371
427
158
415
518
994
4274
461
256
233
64
3225
1901
325
214
2489
1104
391
1181
58
856
156
1323
693
706
70
1178
156
2328
1817
1570
295
676
1135
481
4788
1515
1015
557
30
232
592
2517
2543
258
2354
831
1624
328
1177
406
1044
857
248
715
429
1007
1457
356
717
919
1221
410
833
322
1412
829
818
17
3562
1159
852
1913
921
332
297
2576
1014
2260
899
907
404
797
3799
64
113
312
3615
102
813
2459
293
1487
937
192
3625
5122
806
112
396
112
2061
784
1071
1934
1224
2199
1105
116
321
292
2371
1807
147
88
1260
1059
18
449
26
605
1172
1072
371
1299
376
62
1622
687
886
2916
1052
3276
2023
392
500
976
401
489
1718
1104
358
210
1370
3462
1515
2693
285
577
321
309
1731
477
1404
1464
332
348
2488
57
291
319
1796
146
1846
1290
3209
413
2800
939
512
376
86
993
2400
1989
2228
304
305
141
418
2221
305
5900
1428
203
1981
1176
425
2582
2853
238
376
1335
2427
2732
184
622
950
996
251
749
41
12
307
268
415
2537
273
214
186
329
783
1717
211
1644
2034
3279
348
580
380
269
836
134
3375
1248
1487
2216
2970
107
383
1505
232
634
468
608
1332
1106
21
3837
2090
13
28
1030
1670
2
229
303
707
3543
357
859
1990
68
3321
1076
415
2412
208
874
869
528
1018
1967
714
81
1768
214
4039
796
766
533
54
51
868
3022
1194
259
472
2262
164
2280
1168
2161
849
1139
1673
567
2056
2712
1007
650
213
1017
1683
3
1372
974
3114
340
359
1151
477
950
261
2716
1076
559
361
695
4353
2279
834
2137
1871
1203
1092
1588
308
1078
437
899
1209
382
2955
4865
1019
246
1667
1338
945
785
1656
2404
193
195
1535
2403
3576
957
1928
1643
315
102
106
2014
619
2301
2739
1298
2609
1201
2271
1187
1642
787
628
2901
829
457
270
103
2154
1179
1004
492
1061
442
11
2
162
972
42
2036
53
903
1055
2922
371
3267
23
2
323
754
339
1176
1116
226
477
1167
256
1153
1546
1789
547
1232
3058
5
381
265
1174
80
1070
1753
831
146
1137
1914
63
982
1194
1406
3746
460
536
885
1862
328
161
564
2
1212
39
308
402
349
847
287
471
3980
296
1234
330
695
645
1046
1367
933
106
803
1127
650
1242
399
15
71
136
2687
3610
67
1515
916
705
413
1283
505
156
1099
1285
324
643
568
1456
3558
29
1091
105
1801
430
4222
1704
969
1808
211
860
783
2246
604
2788
563
1351
52
3241
2183
2195
314
2257
125
1193
2543
142
301
1561
4172
688
1586
99
319
225
515
1886
424
2031
1234
1503
518
1106
428
759
361
454
235
983
488
468
339
4631
1452
180
52
849
63
1179
1077
205
999
588
1004
819
126
143
123
272
2372
122
441
2881
1457
910
548
2494
2684
695
426
765
3829
3412
1125
625
4888
1057
608
129
4484
1328
2273
1153
2372
1539
3
1055
1447
500
1296
1044
1747
1662
21
780
116
4298
638
1140
997
905
1297
362
172
2932
735
1010
406
1659
208
2029
1194
293
553
735
257
203
78
59
195
1883
479
1441
77
1081
525
2963
426
963
1252
730
1899
51
91
42
63
317
2138
1858
1658
1693
498
1039
4175
1182
709
1213
221
952
2162
2801
634
437
971
1729
1628
1907
266
1621
2689
357
1623
344
2296
814
126
1334
2606
139
933
2819
629
294
287
1129
915
74
4111
1613
743
1238
694
452
924
582
1278
2191
1385
871
405
756
1842
166
387
273
517
1346
1
1780
589
1556
24
173
2894
252
653
1144
683
127
323
776
760
179
154
1424
1257
36
621
413
2356
1922
528
3295
1923
1004
742
1100
239
182
946
1096
2961
1193
87
358
123
1256
23
309
2285
262
212
2477
3143
135
1938
402
544
3231
286
463
1566
1203
465
226
696
585
496
351
147
177
1657
834
1553
1735
393
468
1035
540
3
593
3701
394
1218
354
5131
822
1260
738
400
423
284
217
1316
242
1960
6611
1880
1314
1079
3961
1103
1159
516
737
195
32
1463
623
1885
35
1602
1095
99
316
1792
956
1274
765
14
335
1099
2005
372
433
50
1008
1025
1407
373
2284
705
1451
959
978
3386
808
196
192
455
3
66
201
623
1204
48
119
1552
864
7
1163
336
1924
4521
399
164
2196
254
2235
232
3213
926
1220
18
1970
1632
426
751
246
1042
429
428
1967
190
10
6673
513
395
862
429
225
244
362
590
563
744
1412
543
1728
519
1580
596
197
1434
558
453
1231
1973
40
115
21
423
51
927
456
913
1958
892
186
1022
67
523
1237
1390
664
406
2993
608
41
259
160
1358
668
275
955
285
328
302
2393
715
806
379
862
396
209
226
66
1044
584
1023
196
618
1942
1793
15
2999
3311
468
1813
146
501
54
2696
477
515
1106
452
84
2169
144
47
665
957
233
1835
3104
604
444
955
23
524
15
318
1227
951
617
422
94
343
656
4228
361
1018
610
2315
1719
755
503
1470
954
896
3213
639
750
1985
454
434
67
2260
1649
977
165
1128
1536
229
284
12
752
101
201
1295
400
7633
1375
720
460
105
307
399
2145
173
539
550
1802
303
818
48
135
276
1409
181
1132
198
2942
1871
428
648
41
1629
1297
2071
4991
842
495
493
1840
3769
642
993
3054
482
201
121
153
1618
570
551
393
341
1002
125
451
966
1279
472
1086
983
2115
1591
994
4671
325
169
2219
3214
13
683
1080
1574
530
225
653
1150
2317
827
194
1355
1586
212
1941
811
385
568
1280
720
456
2770
203
1332
341
595
805
104
1315
736
1210
978
1451
1833
20
1031
28
272
398
544
64
606
133
1014
352
603
1289
1931
1399
5
459
1136
85
678
1422
499
1903
102
241
185
4886
222
302
1013
1398
840
182
91
957
48
763
391
30
1239
3792
435
1381
2173
2944
256
797
153
78
295
158
407
10
2938
479
106
1993
1264
575
694
1746
1111
6
686
1835
36
1893
2671
334
2015
926
1036
686
957
176
6675
579
4314
2821
674
886
1500
838
356
240
5325
1295
560
408
2314
1096
2250
225
2199
2796
3072
353
442
1614
2633
483
111
2069
618
103
859
724
322
533
492
1412
993
3351
1156
2206
1676
1200
696
789
2623
2258
348
525
5132
435
2
1360
2262
369
2783
957
957
331
1016
939
2267
3754
3009
1388
1618
82
515
1201
497
539
227
1057
122
4944
1411
3046
10
583
72
504
3916
324
1207
1023
2230
271
268
163
650
806
311
60
153
920
121
1376
908
22
599
301
19
528
1064
71
993
1743
17
2284
1322
1056
711
603
455
1662
1673
2760
2840
3619
32
3740
62
732
1313
3645
772
1157
402
1714
874
192
322
131
632
483
296
686
2662
308
1032
784
716
1547
3963
243
516
368
994
625
2176
554
1954
2403
1752
504
452
705
1172
46
443
386
1290
842
1819
3481
2451
4382
1752
1036
372
838
1320
738
834
712
1774
1061
1021
1476
2932
328
1371
3431
820
517
162
545
472
3090
2337
1730
132
393
615
14
4578
1714
911
5
1957
610
375
66
210
474
531
43
649
560
3895
1603
3020
1832
966
618
1272
95
373
987
1049
872
5188
174
1405
2845
222
803
1512
403
467
624
1359
489
330
456
999
1266
492
273
531
236
185
1894
933
1307
172
3365
2
2176
1944
1050
798
559
687
1453
218
880
1215
1012
247
1146
202
5529
907
134
890
715
249
597
1
509
26
1140
3289
203
395
1665
271
1075
738
549
1217
201
217
333
7418
597
166
278
1187
1490
2456
447
378
1655
1738
491
1252
484
1927
951
888
587
856
969
154
487
672
1586
2220
1656
3121
657
57
145
978
341
128
2
1820
115
226
1693
371
70
783
1987
4628
1097
60
145
3183
72
975
2381
280
73
521
286
56
962
1620
467
1038
209
2298
405
1270
83
2290
1681
1031
364
185
1087
1219
240
227
531
517
666
1
2265
937
1048
280
602
565
722
3743
950
1792
637
767
768
758
608
999
110
1172
635
577
463
316
938
1191
913
453
2889
1165
763
1291
2507
292
1943
201
983
2760
1698
1254
743
1599
1192
180
669
2305
336
1019
945
922
447
1129
452
646
1710
1411
2140
2875
42
307
1301
890
1326
493
934
817
546
1729
690
1647
5
1526
796
381
3178
567
981
2976
1082
3803
623
1242
551
3877
1582
197
349
141
631
832
3123
984
618
784
758
4
260
1305
564
2640
1059
4113
91
451
1683
2197
602
1469
75
1522
591
1633
1958
342
273
1445
891
114
466
2238
1371
1965
537
38
806
928
854
1958
1974
1065
915
807
218
210
149
82
459
456
1610
689
1109
124
61
279
161
2190
988
910
189
1630
2144
191
1540
427
629
264
931
287
1533
234
4992
336
251
84
655
2585
1170
2131
3423
28
772
930
920
280
3170
352
390
126
328
1812
3595
1118
717
320
618
891
3183
896
510
234
101
168
1241
458
605
1439
427
1736
1415
35
754
2473
1269
1500
115
2561
152
270
1352
3163
1481
436
171
855
122
2820
179
2050
254
2118
104
994
719
1151
16
2717
179
3743
1492
4185
2098
541
246
879
838
1370
2017
922
649
1655
943
35
1027
2671
2986
2576
972
1568
1884
817
2046
1155
35
110
124
414
128
339
1566
1580
519
67
155
123
1038
809
446
487
581
2026
154
2123
1137
198
1943
754
1613
108
1401
1202
1303
11
711
117
2437
1841
952
2168
3107
120
59
776
22
616
20
398
2409
239
678
2663
1486
783
1985
1751
2564
595
721
123
949
257
79
1171
898
2893
2215
987
319
1334
709
1123
5349
97
1872
2408
628
2813
625
625
370
1177
850
877
349
2394
2283
425
1523
3773
849
685
130
2887
1239
238
742
798
731
139
9
974
546
766
463
372
2106
111
938
730
256
2095
2022
2281
1472
279
2026
42
400
1029
255
2740
105
1679
1881
1485
998
112
571
469
844
185
2279
912
959
2342
1399
694
491
2134
2160
444
1977
441
2345
513
326
597
4
288
778
475
953
3116
520
144
1485
1546
31
543
387
385
939
897
608
245
1920
1346
1311
1112
62
1604
1111
2
668
3536
1715
980
395
1332
969
2561
203
1352
986
1678
39
586
1334
1528
10
540
42
2775
1731
683
666
1279
1274
765
879
2507
2707
3952
1689
3492
1100
123
869
984
3845
2018
1105
1591
2303
373
2022
140
1928
196
416
2611
137
2002
1002
1588
5500
1569
206
1430
418
1490
557
990
606
527
1142
268
790
117
79
428
460
4466
1311
428
109
795
1390
943
665
2059
848
20
3028
930
2022
1877
509
2073
3394
3602
811
401
2097
571
2257
1046
781
1328
602
284
116
255
2139
225
1413
1491
356
1570
604
4625
68
1007
2155
361
792
297
1960
750
900
185
1470
499
225
361
744
282
2773
908
703
1641
5443
2645
1856
396
2095
283
2302
490
5201
601
633
450
865
1492
3607
855
1067
2526
895
318
2969
619
1054
1029
3037
342
94
4201
363
59
312
6450
905
3854
1926
423
2774
1669
2395
1488
1647
1236
973
1660
2240
1346
2232
167
69
509
1491
2279
660
891
1815
116
417
615
1049
258
900
488
282
1178
710
259
2410
839
842
112
709
2455
1181
1185
3041
1792
1061
1337
263
4081
577
1471
1252
462
267
34
2640
901
347
688
902
900
2934
1565
2376
929
994
2675
739
173
654
17
94
2064
77
217
3869
207
213
315
2130
816
36
932
48
396
749
409
185
832
2366
361
232
779
1581
1656
1658
837
1641
1152
13
2097
7
2811
2301
1677
3661
2
382
1377
202
873
249
3656
587
612
555
53
1515
948
775
1298
1038
2218
1183
75
369
151
1418
1984
529
627
1071
93
1452
387
235
753
207
138
686
1297
2141
1773
2948
3402
1001
3843
1168
609
632
2610
1456
1686
805
188
201
468
1622
664
2351
430
440
247
2030
372
612
1339
1292
482
477
249
848
706
2853
756
158
453
1258
2931
1219
1101
6286
556
218
113
1249
1371
206
3102
63
2143
2272
3616
1054
1924
637
1812
1329
1227
77
733
2053
3
186
2757
1067
1162
187
1482
63
1399
1806
650
801
3152
2280
2643
619
3251
1342
604
151
569
2453
1732
730
7
1433
244
142
914
475
1047
730
1258
2052
1114
744
2398
1619
2888
1252
367
349
148
601
279
326
178
1349
1167
951
2933
4004
574
49
319
351
749
1761
1031
1006
1940
1467
3321
2400
1081
2856
125
375
131
149
652
2742
1635
369
103
1965
1917
1324
754
912
90
1731
2212
4
47
550
132
119
29
1896
2708
585
175
1294
87
500
537
643
435
510
2029
626
432
130
357
161
1139
130
472
383
271
3214
717
117
259
1112
319
269
1992
66
1672
459
870
2167
2365
1393
542
788
1609
620
676
243
1566
326
103
352
10
1306
1321
447
679
279
963
4408
640
3023
3029
907
185
518
507
104
616
3240
866
1825
2189
96
654
2922
504
1068
3398
598
1502
702
612
730
2133
1303
1986
208
738
2294
2
1484
526
789
1187
252
372
62
2008
570
645
2025
388
222
542
835
431
816
752
500
1360
912
1770
1575
166
1938
2645
225
3618
24
149
1177
19
891
1103
1167
682
219
77
714
366
682
265
1757
1092
204
688
1532
710
936
1116
985
107
2089
1479
783
381
319
2055
2534
762
1832
2155
2353
3099
2097
450
1984
1386
620
763
1060
2595
539
2934
418
4413
414
3015
99
219
654
3592
3364
57
188
1028
327
63
730
595
1119
326
461
543
897
572
3081
799
763
445
1898
1427
2256
2804
1255
813
858
62
54
1277
257
25
338
1609
17
1032
952
1541
2159
4090
1221
407
503
363
1868
211
623
474
304
3318
467
130
93
2109
488
523
2562
2675
92
2084
1280
1334
774
143
180
113
904
1330
1209
1484
580
1508
2
99
1569
1600
778
2570
1950
194
45
160
3381
79
1694
1874
2879
104
145
760
1444
629
656
1232
684
610
3957
3277
462
1624
1602
507
437
1021
641
51
859
38
843
444
643
64
489
140
1659
1028
1177
7710
850
368
914
1013
1249
1764
54
2300
115
1159
50
1696
1241
1642
1513
125
651
783
1551
335
2926
5227
2190
494
1230
803
2542
283
955
930
2718
2470
220
887
573
16
96
1111
428
2162
267
399
738
2817
2103
8
533
1486
1432
645
1978
2456
544
2994
1599
176
1283
772
992
2948
193
794
1202
910
1428
60
1370
805
1154
529
1192
95
2043
1619
2130
809
470
215
1319
3659
1004
403
3867
1648
219
567
184
768
195
4
1736
2331
323
886
179
377
1358
436
144
945
32
834
1438
108
371
1317
1085
806
731
894
37
606
280
1205
979
61
2061
424
962
1958
42
1610
1261
413
2
381
1240
1397
1745
1899
2879
4618
4839
5838
