real_Parameters :  golden 	 failrate:  1	 Fm:  1851.6586	 且最后的Fart/Frt:  1.01841223		   Time :  478.448

297
1014
922
139
1699
50
301
1758
1485
979
2903
894
1823
1382
1747
3094
1520
1075
1515
2695
1207
39
1202
3128
4884
640
978
1988
619
1880
5077
758
350
633
1733
2620
3152
1488
1746
346
1088
4679
5519
7878
1481
8139
1485
1050
4621
5524
541
474
721
1162
3227
1026
114
686
8877
1018
3928
2281
168
128
605
147
3051
4653
1036
215
356
2163
831
2
351
11
5524
1077
2971
2633
6279
2342
1274
2416
1981
502
396
6460
858
1816
1477
776
1409
706
9521
228
386
2090
786
659
1384
189
104
4741
476
1485
299
1529
1263
7338
2126
921
335
465
1518
1315
2841
3915
5204
475
1972
226
817
1298
2950
263
2139
815
4853
2432
1094
2075
777
1455
664
7330
290
883
3285
607
878
1635
4702
4834
683
2755
2847
2950
1034
1530
989
155
6788
1300
317
91
1089
702
344
1189
1945
3033
2646
868
61
1473
3076
2206
417
642
4973
7258
619
2134
1906
716
798
376
8153
284
779
3433
445
752
835
244
2511
2932
2913
3480
434
3206
883
268
1842
409
495
307
2007
1671
1139
1033
1398
5635
1575
1593
369
371
1596
776
6637
4014
1089
943
436
59
937
2807
483
288
2059
906
82
2845
872
1684
1069
3089
1817
2909
5332
198
216
102
1756
1494
1571
1248
2522
161
2956
447
965
2279
2763
2652
1903
956
754
2648
67
3087
681
1103
2684
3544
6115
2160
708
4376
3575
136
6677
353
100
2535
3510
124
506
4005
3856
891
52
832
238
1833
222
481
37
3008
1803
2086
589
16
375
1204
41
757
102
1529
4750
1176
330
3212
713
194
510
300
706
1526
5233
1030
1413
3706
117
1937
6778
814
1311
950
2571
341
4851
23
2345
1813
257
1396
764
395
429
410
3435
2890
2032
313
215
1529
57
1387
1219
403
2527
621
1014
259
2438
4526
485
4331
1513
2145
1863
223
1486
475
206
587
2188
230
1088
2440
866
464
1300
1217
509
861
1759
341
1701
2347
573
3626
391
4265
333
4984
774
901
213
3837
4212
922
3163
412
291
1890
3106
227
5105
586
2658
1941
2088
1163
137
2082
650
1029
397
16
2712
1154
977
273
2034
1358
2976
925
1095
1985
2305
3450
1428
4410
2195
1352
1043
483
1428
1568
533
572
917
207
1526
1771
58
4422
483
3704
135
2059
433
1169
2052
17
193
406
271
1109
2198
2346
229
410
1541
4769
2762
328
2474
973
3734
599
1711
59
7362
801
1841
2339
6882
1551
2470
806
1694
2021
2931
1218
1328
7735
69
5203
2872
3493
577
4
5991
688
2004
1898
867
2175
4830
1982
295
1746
1428
339
440
1347
176
708
788
1852
724
1012
339
644
3168
391
1872
6649
18
2511
4621
5764
4184
489
272
1262
1590
373
1510
2377
1231
1206
87
568
5025
91
1617
1905
1545
490
2735
1392
1512
138
639
3285
5403
515
823
1099
2326
912
157
824
80
387
1379
101
1078
3535
905
898
5901
1776
105
2427
1596
59
35
1210
66
9112
67
2227
647
1179
6189
1292
1296
304
273
3731
1038
1640
572
5430
2271
4047
81
208
2079
786
498
988
99
551
914
4808
217
2374
4533
3578
4612
1924
1652
1754
6808
49
24
1973
1944
1742
680
1133
4585
708
549
961
1237
25
1091
3587
4562
4313
2804
1605
1330
1112
47
220
4684
93
1898
1343
666
1623
2626
1922
226
3016
344
1135
1903
706
2621
1346
283
2151
2933
4107
558
2855
2332
1274
2936
2476
537
1316
3064
5846
2316
5698
33
2300
2257
563
867
1744
3042
990
2015
4026
1122
908
2792
742
674
2715
1033
172
110
200
147
1348
551
12
1273
1551
3976
3272
31
1676
350
1384
5629
3159
146
3875
1030
1706
679
862
2217
3426
4425
694
1010
2466
302
442
630
551
542
174
1618
4785
1670
72
1996
6534
3559
1706
416
973
622
3172
536
3536
4687
3628
1140
2540
299
2448
756
1694
405
403
5828
3813
935
131
3216
816
3550
1313
468
1405
1983
597
2466
5445
1453
2578
1433
264
323
5680
1062
925
1038
3228
6057
91
2267
1530
3213
5282
216
118
5061
283
3780
1285
352
564
9832
2530
55
1124
2052
2569
4338
529
250
874
1938
947
368
2366
1290
54
5509
3857
1687
2766
2896
2743
1976
370
9052
3007
757
1809
176
4771
1069
4344
121
3031
1306
7423
620
1190
8
278
765
3038
1738
6495
4025
1039
831
596
78
93
2749
230
97
424
1947
3104
870
135
4326
517
1917
3726
2467
7705
2598
2724
751
1185
4146
201
683
2820
819
622
683
978
3077
1274
1408
201
494
964
408
1525
180
568
2266
3225
3090
6176
373
733
13
1553
554
188
1168
726
93
1844
24
1351
773
5013
575
593
2140
1500
1829
1706
980
4483
1007
1732
395
305
1758
470
262
1971
2148
3033
1345
1221
1847
4476
1665
1549
416
1394
2001
1106
2858
685
1349
7350
4637
2180
1406
2239
2128
2544
1500
194
1816
1405
2648
810
795
198
1576
1732
239
110
1900
1608
2887
397
1540
8549
1062
947
244
1880
2194
1194
1572
3661
5260
590
1459
1156
2478
1396
1927
3135
254
187
2984
1966
761
2721
3670
2357
11061
1067
713
949
768
877
146
1065
143
4283
291
1051
388
369
1163
3488
5802
9499
5298
1503
795
995
886
2945
1879
5832
3849
997
327
1209
2170
260
2178
7480
462
191
4006
2806
1072
1575
2502
460
2788
6914
1182
410
241
1018
2493
2263
1722
268
2099
2496
1749
252
1905
3391
1857
664
1532
3692
932
3652
370
2957
3612
749
415
4024
1237
4488
1406
7491
2225
609
2108
446
1661
889
1006
15
4401
3142
2129
1866
3091
75
2782
778
1927
91
3863
17050
782
61
2134
276
1784
7
53
823
329
2794
1131
4184
1599
1474
900
564
4584
3456
1058
2339
360
8967
3977
256
2144
1676
1038
63
585
1170
266
1924
6053
21
134
1990
460
1216
523
773
140
1092
2094
21
1345
855
4468
1554
940
43
1769
423
207
1306
1242
3781
2366
335
884
2887
573
2339
2999
2617
501
342
2602
294
922
972
7706
1005
4812
381
4171
1255
4385
1153
5755
3725
1045
4690
234
134
4383
3520
19
1039
7727
2873
1921
451
1687
1439
1601
3959
2194
4271
1829
1862
1546
752
3033
537
3154
987
450
3642
385
4325
1054
114
1331
2540
843
186
974
2704
3606
2967
873
1108
294
667
10867
1106
1020
261
1156
2895
1554
162
2146
2354
5186
2066
158
1176
6536
5306
2786
579
51
212
1491
4567
1033
2013
2571
144
332
702
2282
435
81
2802
2893
1908
1136
4450
1843
3648
2134
805
448
437
716
234
6940
646
2280
3366
3954
757
780
2542
823
2032
2043
1359
944
101
376
718
2995
2321
103
2284
218
203
1459
1990
825
747
1890
259
4659
2390
1660
3577
395
1690
1115
341
6147
310
632
254
2672
3263
1000
1142
1961
609
4595
665
3083
669
698
283
5790
301
3
2658
281
2479
3886
1172
263
4013
1137
1914
81
7056
147
10442
1324
1263
996
2545
3916
727
1397
418
1959
2445
451
1318
448
327
567
269
231
1686
5100
2377
1151
1145
1012
576
1209
4643
1103
1031
529
956
1624
1507
998
2726
647
1372
858
79
779
258
687
424
2418
1465
2609
1743
4219
2980
812
1790
1732
1132
5893
1
88
2482
1589
502
3142
1548
726
126
1291
1115
865
1468
2111
137
111
1447
199
1678
1263
1055
1475
5232
447
2870
1101
1057
4287
1644
166
2849
162
135
1681
3515
1491
603
3966
1206
46
15
4657
6575
4520
1518
4080
1446
2162
3011
744
2382
1818
211
183
291
2383
2892
965
555
1136
2601
2912
555
5630
1223
1035
1693
4593
1279
4406
1104
1403
3297
1071
4986
2845
1777
604
1021
3218
1053
318
1461
1381
465
2272
134
254
468
91
2053
2605
235
273
732
1212
3283
184
5779
943
1679
35
4561
423
100
1817
858
7235
734
8741
1500
2406
740
362
515
1804
1209
4549
3595
752
3508
54
4105
1277
4672
1557
1356
1128
797
377
1443
2459
8496
321
1020
696
682
6045
1601
794
318
1228
8134
354
1643
4080
252
3236
1546
1019
1970
1924
381
1869
228
1283
784
1403
9736
6675
776
2952
1320
573
551
3168
960
147
152
574
1565
1405
817
3416
391
4525
1813
332
4161
243
2647
6081
3593
918
1640
541
3407
4733
1534
435
486
8536
54
4943
1814
2169
2204
1207
2348
970
710
1727
549
735
1317
2550
77
933
924
2798
1344
1924
62
1055
1734
863
4688
211
598
1144
122
13456
323
499
3226
2251
111
136
4800
1842
2348
1019
546
1482
1279
1379
537
3496
1105
1716
3074
1658
1734
3177
3211
2064
4
222
6323
1546
4031
620
1684
1619
260
2056
1748
49
1686
1517
238
4497
116
616
1778
366
1395
307
1568
1807
5617
4735
3399
234
3066
5368
348
347
1056
539
2824
5504
1345
3202
1987
597
1559
1398
269
124
102
3288
1821
3103
986
1441
1429
407
237
659
2214
1643
59
2958
928
1982
2108
16
5318
2190
698
2706
1129
8906
2931
4036
2577
1094
897
92
3527
1141
1851
640
3067
245
753
2894
1648
878
320
333
775
2042
1645
1542
1055
1377
1929
4325
1070
73
1580
5632
1844
545
576
58
1092
62
2964
1582
719
944
4688
7592
586
118
2632
3109
2239
11
1917
1335
461
4511
37
1615
93
1438
592
3379
861
535
3614
198
542
240
4403
2476
4761
9553
1362
1445
1316
1623
1346
933
657
4040
1447
5002
183
428
247
5902
101
549
621
2617
1717
2160
1399
404
902
6312
1637
401
5904
4342
100
4250
5010
4010
2125
491
2222
752
656
2023
1019
8954
4896
468
521
3562
865
5918
41
1081
3534
2939
238
1971
7
2579
7145
1785
5592
4386
2290
377
369
974
3641
135
3850
1964
463
657
1006
373
2500
2338
270
2178
5590
2127
3924
46
1791
12
36
2619
814
960
680
2462
1342
1196
1278
1949
2449
1297
1143
505
3584
1191
5488
1466
1648
4237
1616
65
670
3114
2934
3481
1910
4472
1124
320
4121
4764
725
646
3008
373
29
63
2704
190
31
723
4328
877
228
582
2969
4107
25
2759
901
469
5017
4070
9372
1759
97
1843
1882
220
1216
574
3680
2
2138
1955
252
1425
1625
1124
10587
415
1813
7748
1714
2030
2111
66
311
2778
4154
569
3710
3815
2118
3654
86
580
1161
1297
2019
2459
768
664
307
6177
286
130
1668
331
1114
628
3098
2807
911
626
516
1826
1610
3160
1069
47
31
3
275
396
1150
4374
1591
1558
5327
5705
606
627
1061
3197
32
1218
4208
2928
706
796
3575
2424
1211
4741
2561
3066
1456
12127
2408
3378
4576
3632
2245
761
984
2224
3837
1474
6418
1016
1500
1409
969
1846
2910
1029
946
1211
594
2993
1658
188
141
1086
4286
397
1442
1907
306
1981
3260
993
2278
240
575
3331
11525
1196
5850
968
2338
838
1202
1178
524
1681
4972
492
2245
1547
122
5524
1614
342
4785
440
5515
947
7022
1600
1016
5187
662
2295
1227
2262
1556
1459
2669
2390
3584
951
3333
3090
583
2240
4484
92
970
721
5709
630
1773
1568
1531
2
1759
1513
1070
3551
686
8087
8313
542
281
689
421
588
1655
1088
5855
4011
1527
2258
2678
1051
2551
1562
589
3419
2741
819
3256
431
1288
81
901
1073
1477
1683
1971
20
1472
10515
1012
497
8037
398
1409
1594
1691
7022
3531
275
984
628
816
1457
270
70
8521
5286
2444
277
1085
364
2416
2539
349
1251
2001
1003
5994
8479
1063
1514
2595
4710
3364
1
639
2396
362
3371
922
1954
1019
2901
2072
3761
913
6786
716
219
2516
719
2248
3286
2381
2746
1137
581
139
130
628
84
3224
1562
6560
1064
2889
861
840
2965
3251
296
4192
19
161
2423
438
933
1050
1742
1933
1016
810
1651
650
1743
116
2138
269
717
633
1516
4243
2208
1253
257
906
1588
1175
534
401
25
3155
1
1109
84
2478
7215
3433
5519
1880
6225
3176
920
577
1487
46
680
82
2059
3454
6053
3473
536
965
408
3113
971
302
2198
684
674
752
123
2796
869
3501
2426
1673
5993
2435
102
1475
595
55
2772
5534
455
2858
5671
355
353
745
718
824
557
4213
641
396
762
1619
1568
151
1107
1471
1231
1220
3714
5185
661
617
3863
1490
1768
1879
2352
315
2325
955
5123
2743
2418
2674
524
2087
2202
1545
2758
4740
2136
4481
7015
66
580
687
2575
90
5067
1028
7237
820
429
2506
4088
1550
527
1187
3083
1614
1212
692
489
815
3037
2855
1493
567
551
750
34
5276
1322
2718
426
596
1108
960
2113
2001
54
1611
195
3112
15
735
874
265
709
2684
5894
355
5325
3944
2476
1268
730
178
2888
7351
820
1060
3840
1786
721
2826
232
3556
1281
2988
7935
2463
2869
7992
317
10752
3995
1200
199
2947
669
7376
424
315
5394
503
509
669
622
1463
1657
49
625
287
158
418
559
164
3093
245
1180
2442
411
421
1384
624
6766
1482
109
643
1187
1484
2088
382
1323
1230
1751
4250
958
156
2081
798
541
1945
1141
338
6712
772
802
3134
4458
336
3525
1105
1307
1234
1521
5387
2089
573
2790
1585
3103
2638
980
962
673
82
2673
1874
3635
328
1576
491
718
1376
5479
1968
1244
745
2489
763
8509
813
6525
978
120
1745
806
288
1229
2717
1255
3359
620
1358
7323
1846
1436
811
162
6115
254
1471
44
317
1558
934
1666
2842
215
1008
1468
163
3681
4997
621
1103
4209
119
4233
1250
3260
618
305
353
4621
6136
399
2225
154
178
1523
1831
15
9
558
689
827
268
255
4396
4659
2103
442
7919
3030
4325
376
2400
2113
268
1583
794
2024
1909
235
2833
1276
460
287
1043
441
1619
3369
1083
1427
185
1786
3541
3348
2116
181
4074
2891
3368
306
288
3808
81
1727
494
940
8222
886
365
5513
2127
89
1787
140
187
303
1937
1120
3324
3963
1027
155
2641
2075
313
2994
355
179
725
417
1113
795
1899
3025
1766
783
5810
4444
3622
4013
2895
3596
313
27
144
2902
4178
1432
267
4185
379
353
4189
4310
494
1780
144
1249
289
167
230
474
2791
2675
78
269
6306
664
1772
3842
538
167
27
2763
2218
3233
6080
3575
913
544
311
2352
1238
3723
5375
2882
5415
879
3254
18
1154
2250
707
1360
1127
4675
1271
884
189
3437
438
1676
1474
17
7407
382
364
4436
1317
1034
4883
1030
114
507
278
1669
1309
91
1802
45
2448
2448
2509
1152
2469
2403
10711
423
700
267
820
4053
1477
1399
4008
165
217
160
1261
3941
1146
1909
513
3737
3159
4313
4843
1789
1881
646
187
1011
1874
1014
2432
4410
3899
1881
3225
2147
3213
2431
1141
526
885
371
2151
691
1181
1549
741
1269
1524
49
4672
4194
709
805
938
1676
763
29
8987
115
1163
2363
265
320
1379
5232
337
66
97
1769
621
404
1617
908
1594
811
1028
166
1896
3774
1049
5767
2610
1275
4774
71
935
2794
3976
2693
247
2538
442
3126
2039
3966
1528
3003
880
1217
165
747
1083
101
925
2681
740
446
5736
1098
16
2044
120
555
3643
416
87
3478
1105
2021
1196
513
610
1263
5787
529
296
3917
507
589
1425
6149
3822
358
5649
7521
3953
1403
1157
3560
2449
3560
881
6679
1087
1148
2817
902
2590
5268
240
1561
4224
2375
323
3367
2312
2391
2196
63
1676
81
89
1415
1970
68
1131
718
1517
1440
454
3319
1346
120
319
7
227
1734
8420
1194
417
530
999
5287
1795
61
1275
888
153
334
2076
2315
2555
8871
3896
295
5204
114
1374
1626
339
1084
2251
2782
262
1901
5233
2277
1877
319
2502
4209
1474
1839
2158
64
456
840
902
14
2965
233
3110
3022
14
94
1951
3659
777
3507
909
2487
456
1227
1833
665
3954
854
308
528
97
3092
460
1842
518
2447
1905
2629
5258
172
390
863
489
686
1769
1913
639
4141
8182
2152
1186
6836
2987
585
7559
1679
2445
664
299
622
5901
1463
4717
2604
3476
359
1528
3158
3899
86
7129
3526
5537
534
8824
8548
2049
3114
45
1407
114
2
1719
272
1543
1271
510
4851
1652
7054
737
306
4208
2170
597
2321
181
2642
970
182
4704
2099
127
1691
2499
1119
1516
1034
185
1945
5301
122
170
641
656
2436
1366
472
7131
717
5172
1352
132
2789
81
9704
206
1854
290
1664
310
1112
3705
2082
1916
988
6091
268
349
1487
1772
3298
114
3259
835
2567
2319
943
994
527
5981
436
2589
995
152
2408
1230
152
297
578
869
837
1416
230
56
1599
4568
862
666
2182
5032
104
244
2131
3339
668
1403
5059
2955
1699
3751
3779
11001
1809
3824
8892
1483
2270
745
619
2482
991
718
310
2303
594
193
1436
4131
2395
208
6892
154
24
3283
864
2070
498
1987
1503
6865
231
7415
2687
2000
1969
5827
1398
920
3667
2162
478
1566
3635
620
2284
2659
573
900
463
557
3175
2179
703
1059
7326
1231
2757
1852
703
1586
162
1262
1862
1536
1263
486
2362
370
189
2157
2071
233
247
766
891
2012
4501
1509
891
1184
2038
76
6231
3355
250
2065
430
5421
5514
1782
530
2980
1068
1441
4532
581
1091
3004
1564
3414
1784
62
2227
208
2524
1264
1297
1091
556
1727
5754
2627
8204
3649
1990
1866
1425
1662
190
777
117
683
1221
392
3347
4575
1206
3306
6520
3645
2879
1696
309
777
192
149
733
7009
1634
13
1484
901
7600
2134
314
1865
370
286
734
3412
870
1257
3979
532
1827
93
2684
2023
112
5787
7279
2412
9923
915
928
1666
1906
2628
1341
1491
2413
3399
1037
395
432
3029
2284
1279
533
1020
1171
1108
894
377
8
1086
732
1799
1196
315
1342
3334
417
778
3374
248
1602
765
80
6071
404
1113
690
130
3782
98
298
1146
2137
2278
423
238
2167
1625
101
684
1264
1483
2583
351
1466
333
724
318
2100
1061
98
894
1981
2880
1009
346
7682
741
3645
555
687
3133
2925
1399
427
2926
1127
349
2557
3081
733
1349
1204
3490
950
138
2144
1487
1590
1069
893
1836
5983
662
59
8658
370
5686
678
3295
1581
149
5261
907
296
3421
163
4096
1785
254
1870
847
369
667
1489
152
1577
13830
1995
1526
8331
8
2204
1279
5974
2518
3919
1286
1693
34
5697
2523
2146
2485
181
159
693
846
2681
3137
107
1735
701
3268
831
1717
478
704
1413
761
1529
1954
1230
174
580
1135
887
258
368
17
4068
734
2446
3288
223
375
593
2220
1968
2463
2561
1379
1135
1485
652
163
212
99
836
4
2908
731
1670
1337
517
624
489
140
3564
759
65
226
3198
878
105
3241
811
4395
2914
569
169
866
560
512
3914
1124
9433
1706
11
101
3942
1403
5091
3878
1066
152
1578
314
2244
1995
448
5521
1496
2944
56
4054
2780
84
1476
3273
2066
1124
881
400
427
665
674
1001
535
3422
112
575
4798
1006
41
2389
1163
336
2750
255
45
2240
525
4489
49
4811
1863
1644
1463
689
240
177
1369
534
1273
145
3357
1455
133
113
4346
444
831
3444
294
3226
1417
2926
271
579
82
1474
2263
150
1571
5870
175
779
146
32
462
2794
1164
1930
1356
959
583
2523
371
818
64
86
1021
346
3948
846
1541
1346
1236
86
693
1214
1514
1785
4252
3749
4901
895
67
635
776
619
817
218
63
3814
612
7216
8786
343
684
637
271
2974
172
1162
1900
473
315
3065
14
1274
2296
8441
2326
2983
67
2725
1435
125
1080
2144
1382
426
2519
4397
966
226
419
1922
5053
2840
1488
1710
5035
3996
4663
5534
6570
732
49
2581
1560
811
77
863
953
424
1478
3048
917
1409
1659
587
181
7
3495
2413
845
8629
2577
1498
1814
403
289
16
2388
352
2638
714
4134
1035
638
348
3937
1739
783
2595
1092
1436
1987
1407
602
1178
102
6476
825
722
1909
1990
4371
8938
7840
2764
588
926
1644
1652
2358
1209
2452
1210
3162
1095
535
2643
1085
2489
1906
5327
515
237
1221
4415
1514
1397
409
1399
4798
59
711
4593
2392
836
1010
1789
2743
3117
473
483
2106
1468
4029
3195
1331
523
1642
497
481
802
699
125
3869
636
401
2726
788
2718
9439
1874
78
3036
90
1207
821
153
154
1184
5187
1585
279
1128
1795
6031
1566
4205
7469
5275
189
2273
2115
1656
1294
2087
1270
1185
1594
984
333
231
228
1593
4170
352
1104
945
5525
1706
1628
475
3685
941
14
2999
94
2344
421
966
424
2173
696
3190
1832
4984
466
2748
67
1032
889
932
842
1857
6601
414
2938
276
2775
415
10048
4070
122
2130
1712
1848
979
1035
721
189
880
384
6809
1737
1795
2946
1384
12255
6593
217
8082
4150
1060
568
1596
1233
699
1037
1972
24
145
638
2545
235
1783
3923
1459
2186
1708
1670
2920
887
644
8931
960
2376
5123
1676
671
2085
1882
131
1890
2540
46
2265
921
10744
1716
1778
5754
518
1675
1392
1680
3206
227
4271
299
2910
1912
1671
201
2063
2334
1320
213
1229
2353
920
851
1303
5171
952
344
213
190
494
9522
4248
938
705
974
28
2057
1763
944
9
3233
1724
2461
514
485
3054
2255
1043
753
381
1210
2703
1036
2385
103
3025
6766
4591
1094
2400
960
6694
1608
134
1788
2552
1005
2501
775
894
1272
3911
178
978
605
1414
2968
1460
222
1459
252
4589
1768
831
807
6082
795
238
1304
93
2395
489
3465
1610
291
2420
1304
2489
3059
4427
2677
354
293
910
2106
3555
1290
317
454
2165
5214
2773
12
1415
203
3639
2592
2155
6509
311
9500
176
151
7293
1532
2008
1407
3500
2076
1942
1525
530
1374
435
4856
910
2293
3090
192
347
812
994
3246
888
31
983
1812
553
2315
4927
639
949
1279
560
473
3456
2691
4041
1756
318
109
405
87
2215
3161
3017
94
2661
107
170
299
925
3146
3702
696
768
559
308
125
2005
1094
680
372
327
1464
2196
721
3622
2665
1328
1881
281
817
139
614
5029
2221
691
135
627
3050
298
638
232
2211
428
1193
572
1269
1475
339
2297
1444
2572
1333
1149
510
638
2592
1001
419
328
238
1143
2123
4931
1888
4592
688
863
3063
1054
4629
2792
104
435
5346
4690
224
169
3682
4605
2232
306
2228
2036
142
1406
666
413
159
2904
1727
1580
1307
1626
1837
2392
754
2839
3065
806
272
3484
317
171
5731
550
2902
1416
253
2514
1897
773
559
3919
1098
3153
1001
2371
2509
783
1444
1692
3403
3654
8941
996
2295
1185
14
897
1032
1322
160
2389
455
2727
6062
3102
7722
3771
857
1814
3402
11
1590
3585
1008
4587
3392
2327
400
917
1266
710
665
756
7235
990
1014
7879
1962
110
813
514
2424
53
5381
384
727
725
512
1265
434
881
2039
165
5416
553
1115
5778
990
19
1046
519
3869
181
5248
308
429
4971
2561
2832
168
168
132
7287
1112
1127
1614
1207
1075
3878
399
1447
2610
1995
287
5955
498
347
6
1067
236
6601
1808
392
2687
3925
2930
1715
1035
941
3004
192
136
4361
73
1122
279
104
552
548
634
74
195
832
209
695
3358
4942
240
56
1815
670
2212
218
637
1279
1477
1683
298
570
781
698
1752
1023
2530
555
63
1119
1517
4607
4308
268
516
103
340
466
443
605
1124
286
2380
534
1462
4526
5069
5657
100
2071
3289
1051
35
1315
2640
254
1375
1730
404
2583
1217
2779
1049
49
996
3011
4605
694
1604
1417
2416
1604
994
979
495
93
261
653
4363
537
2314
1901
51
352
3380
645
1934
1870
1222
2090
3962
283
1677
1521
1250
1230
817
1725
30
2501
1877
440
740
498
177
1750
14
626
1195
1149
1616
1256
2091
2506
2666
924
1334
2592
1355
522
10956
1439
1211
2845
87
2693
819
62
307
1205
1143
1569
405
15
629
289
216
653
502
209
286
2667
1227
15
5692
838
960
397
3129
1527
195
1585
1681
2668
1590
572
2989
79
859
1386
1499
378
2216
1479
2537
476
4944
3878
1656
210
1592
344
1668
947
486
687
337
304
878
54
1587
4418
1475
1003
1409
198
6206
6959
2638
2040
2609
198
711
4728
2148
4385
2480
3401
2882
1015
48
950
1330
64
151
838
1054
240
369
6299
3364
1373
4584
1396
644
5702
4720
1295
1523
428
2640
2742
1112
281
118
3898
4141
1842
80
154
963
2236
460
5050
1138
741
622
4585
2579
1044
961
412
3522
4175
50
1461
1528
648
938
92
1084
1335
477
723
267
4803
1385
327
313
679
1938
355
3127
233
257
1583
2396
611
193
9468
1619
423
680
2815
98
410
2639
1597
3974
1786
3256
2681
3147
819
1899
627
313
442
1310
355
193
1236
1381
1112
804
801
1009
682
948
1084
2040
944
3644
534
2490
1214
1081
809
195
5128
2800
528
421
560
2983
539
1058
1536
63
264
2924
441
2014
5164
2797
501
75
193
7895
594
173
1017
2442
163
3342
1345
113
5537
177
1899
3503
657
683
745
4142
11
1067
3809
211
4364
1827
549
12
470
618
1342
1759
784
180
1285
387
1836
1267
2896
5114
2676
826
793
325
347
737
2884
1665
909
2430
1934
1412
229
206
5280
22
1565
901
2629
1004
7696
917
524
2998
7033
788
860
1227
324
143
1808
41
85
197
4232
14
2266
372
797
605
3139
1393
3168
4567
295
900
2587
742
1961
1703
525
146
281
1984
792
2822
2156
1797
257
480
447
2414
209
2009
205
1270
3508
3043
860
416
63
1464
6517
2657
580
756
2171
747
1745
511
636
740
1818
1393
3661
1044
1191
962
2969
2722
5392
1967
36
1934
1845
2125
1791
3694
1044
3158
6065
1013
128
3542
1505
2259
4300
6
1569
140
162
199
1132
1113
2146
3132
431
591
1658
5042
648
458
1252
2770
1352
191
1115
3925
1103
2462
199
1969
264
84
311
835
1865
3304
1638
564
1634
1247
1592
211
1217
1056
453
1728
1158
2384
4624
274
630
1032
225
2313
976
5838
1172
2012
2011
544
154
3573
1864
4114
1153
310
447
1529
2592
198
2052
2881
2300
83
1182
1191
6633
178
1938
245
4503
12
2444
2098
411
100
1471
372
1329
2533
635
641
4530
1402
6570
3371
173
6968
1656
491
6483
1790
1416
207
1036
1214
1006
953
5991
1377
4552
1227
308
2300
1378
2939
214
4226
318
6648
13008
2168
700
484
1702
96
7377
2735
2516
1276
619
2
564
4118
3298
3510
2474
555
52
925
1091
576
2579
4311
885
3086
1003
5
20
271
12872
1200
1586
2753
3668
1477
158
4120
934
2698
1835
3163
1207
1767
1980
2411
590
29
1886
37
2014
956
461
1539
619
352
717
2333
1814
251
2569
399
432
57
2691
1948
3367
1723
653
1072
1316
496
158
348
1358
40
1710
4000
1022
624
1679
2523
611
1548
3133
269
616
364
3020
2065
2096
1021
755
3899
305
1161
511
848
347
2817
1538
148
1003
4935
698
1446
1983
2132
1214
2164
682
191
3342
2123
2422
5475
300
14
7732
821
1883
1807
4245
2405
1034
809
359
2984
137
1378
306
554
461
1122
1764
5071
713
4881
1227
1242
858
1159
1227
2538
126
496
334
2709
340
692
577
1497
2374
3310
1062
1844
5316
3809
397
3448
2792
910
3015
5124
818
3507
3014
1532
71
1178
1621
804
1730
2086
388
68
1168
1287
1676
124
344
1993
6820
439
683
592
1016
1182
485
380
311
893
258
560
1185
389
5232
1156
1866
617
1358
124
81
1188
283
281
5048
691
2445
4322
1008
2458
301
1024
5142
147
1946
5805
3604
2486
266
1481
406
2783
599
1375
824
2227
1599
688
1562
2865
1283
414
2214
1509
1362
4621
7865
4839
3338
5939
8660
