real_Parameters :  erfcc 	 failrate:  1	 Fm:  1032.4166	 且最后的Fart/Frt:  0.5926071284		   Time :  106.2976

60
293
305
460
591
181
765
792
38
1205
1029
1767
230
1584
1370
1899
586
2100
557
818
2285
470
2145
101
1086
924
1246
139
714
1558
1313
2457
1730
1151
914
385
657
1524
1787
2164
2397
924
263
173
1716
1882
151
1642
1369
1054
421
679
1118
793
1976
1822
1387
2141
1467
496
1025
730
766
1068
231
1778
2617
2624
1246
191
1155
2170
1241
238
761
979
114
1582
780
163
832
1512
222
1781
1252
1130
1274
1269
1542
1415
314
631
1063
1156
567
1290
1825
1214
604
2261
1379
2634
737
1090
1734
1556
985
2375
1106
590
976
2493
951
291
1157
1411
2255
598
648
1107
1224
1796
1448
1221
1406
1511
793
1142
343
2087
654
40
1202
1093
1446
1893
778
873
1965
639
1063
1724
1461
244
554
31
1393
1599
709
1047
764
646
1545
747
244
599
872
1347
1116
51
1845
3201
2369
1105
1072
3015
1250
71
389
2367
2138
91
643
334
77
215
1540
887
65
1707
336
605
2486
1509
2109
667
1822
193
42
922
222
493
1231
296
211
1461
499
758
1355
1487
1502
58
116
434
1511
302
780
46
116
368
1111
1211
265
38
1002
413
31
621
1585
1310
264
422
843
1406
1800
830
435
998
682
2579
3057
1727
809
1949
1144
1033
997
873
2130
1374
2284
1428
510
2634
1287
1873
967
1775
2558
2258
1395
1487
1397
1477
629
1904
724
519
10
139
2616
1457
1953
769
1473
478
540
904
739
2321
1136
772
1552
1417
1611
1430
1250
1032
1349
34
523
1568
2209
1532
654
1963
280
1037
233
1543
684
1335
495
2830
792
548
1444
41
1257
478
1466
1240
2036
222
1012
326
35
1222
1360
1037
669
127
308
2739
244
609
1532
1873
388
657
284
29
1088
649
1280
1201
378
309
1892
1474
1867
1474
1792
2546
2621
908
399
490
549
1124
2019
1129
1492
88
1390
1162
1481
364
690
62
1572
2095
1052
1204
1146
1420
1584
1564
1294
1407
83
863
545
455
69
804
719
1059
1526
483
2060
503
1491
1899
1689
263
699
448
1133
1508
548
109
1092
226
2586
520
1065
2362
782
1698
1701
2516
214
772
1148
1013
1561
586
1060
55
929
1426
1496
278
620
988
313
1244
336
1168
1446
135
1387
118
318
596
1026
724
1165
2219
42
1829
795
1203
315
1513
400
261
941
1100
883
63
1624
2670
1547
1434
121
752
1467
2212
1429
663
1447
1274
23
366
2730
1881
1148
704
331
2483
900
630
998
594
606
496
1151
1505
269
1118
1096
241
445
556
2286
173
1081
1419
274
127
1943
556
726
1193
1632
1295
864
1553
756
672
364
2308
222
1318
749
2034
1397
910
503
2216
1890
904
576
458
212
834
1298
1219
332
1495
182
1323
2288
138
1840
2155
2274
184
405
1697
502
419
1395
2633
1884
2069
453
1652
402
524
1594
1646
2283
1120
2750
691
844
146
173
434
788
884
101
1894
2860
1480
800
70
1543
205
1248
1461
351
950
1276
503
192
779
209
209
1199
1637
106
434
99
2865
1127
1332
744
1233
758
916
820
1231
1392
1732
354
722
644
2127
869
1916
1314
441
1204
1285
146
795
1189
624
857
898
1045
927
547
1286
1099
839
601
1202
1287
356
126
863
2051
1979
1102
1491
215
658
172
541
1106
46
585
57
2043
118
1172
1172
1229
1420
1933
65
418
985
1082
1902
1984
1367
767
1069
3
233
78
674
1289
716
1429
1070
2043
445
689
3130
1601
449
81
479
112
481
447
1662
196
1258
223
2733
928
959
592
634
1126
73
309
1233
687
705
2369
121
2491
306
1422
1129
500
404
1078
852
1884
693
117
2843
1269
600
688
311
1209
1858
1803
167
997
1787
1568
1616
1144
181
319
142
993
316
826
146
1849
385
2461
300
1123
1380
1078
1283
1948
1116
1166
49
1870
156
1910
2162
1059
1232
921
1338
193
1527
821
1398
269
25
570
478
177
260
207
562
244
154
279
648
634
2578
238
1016
383
306
865
212
2532
3053
120
2260
583
1347
715
1065
1554
681
1513
1723
3058
602
1722
400
261
851
2494
2086
1827
3106
2006
915
2018
578
408
884
528
825
491
932
239
604
489
1263
1122
1067
400
3073
589
1293
323
773
3
736
1525
1399
2064
412
640
665
1115
1437
33
3033
975
362
2894
537
1122
2622
516
814
1664
1552
737
1473
841
925
1483
782
1837
749
367
1503
1170
424
444
2897
1175
14
685
977
2612
1099
83
285
23
2006
755
1290
390
1944
619
34
91
1334
2238
103
1019
742
601
882
1227
1353
1386
971
1598
2277
1636
254
1856
1609
529
758
1300
737
161
1134
212
1034
1416
360
2359
513
2335
550
438
966
354
1524
1083
1377
1587
945
650
1079
848
787
1504
48
2031
226
1196
115
113
645
484
1517
1593
139
182
2207
2637
1341
2482
987
1705
409
933
59
600
626
951
1
1159
2260
52
1769
926
1631
179
985
947
688
1002
2699
890
526
963
753
1676
1109
699
399
1808
543
1290
322
1487
691
267
1917
735
1296
1294
854
717
1829
1237
1232
1407
1794
469
563
472
771
808
120
722
705
938
412
1539
903
1883
2445
391
2339
865
1730
1367
713
1272
1058
1564
445
176
1206
1605
766
2360
1052
2173
152
395
114
1406
306
2293
440
67
1089
1502
1719
257
144
19
2025
2361
296
1041
18
1397
928
1502
614
663
104
95
2086
24
123
63
1182
1487
267
1128
202
1184
2476
30
1068
1906
164
936
1411
692
1017
701
155
41
305
2571
1678
1395
1403
1628
2321
96
220
977
1898
427
2158
1413
52
1149
1294
1592
471
543
82
931
706
1630
2141
1648
1408
949
833
359
263
386
570
1047
932
1419
108
1445
2130
1374
789
1689
326
272
833
763
1031
1862
1917
136
910
699
227
661
759
181
1407
2385
653
2425
1124
97
1954
618
1170
750
533
553
1362
295
568
328
410
357
1400
228
1785
240
631
1924
2342
2177
219
441
372
123
1136
3152
794
742
1545
1841
2455
1838
441
2436
21
1023
18
1128
218
153
15
293
45
1263
2471
675
615
219
1128
1654
2183
1219
220
438
131
599
51
2148
1764
81
197
224
1246
628
1104
1308
1175
458
79
142
452
1430
682
1440
728
742
220
482
77
1630
55
864
314
2786
615
1825
788
1125
545
2714
1993
1146
152
1309
740
1232
1282
1656
820
761
1358
1260
484
462
2609
273
242
1580
1776
1621
2571
304
488
1857
201
2981
1204
1172
1301
1223
2105
1980
143
82
1495
1533
1171
614
860
15
177
796
295
1952
1775
2387
620
1000
1213
284
1143
1265
903
2651
379
1625
524
1287
1431
2307
263
672
196
600
87
1054
279
2225
660
410
1336
1045
685
374
621
353
1457
353
1688
2479
803
1182
1482
2173
2194
82
217
1696
901
1716
623
2100
1160
1422
1391
1399
2348
655
979
241
794
528
1015
1379
1233
358
1011
531
1946
1276
819
1772
1748
2649
344
2339
769
1144
1212
934
2320
1018
214
49
599
2014
207
2045
305
343
19
1058
862
1095
532
933
827
1333
1770
1735
356
64
973
1824
72
295
2207
810
335
526
552
2769
181
1213
1275
1816
1653
734
62
1224
284
852
1124
366
1053
2667
1980
852
694
2098
964
100
1598
1195
767
1038
299
946
1557
1529
887
1082
1618
1715
568
291
656
1323
7
2477
836
1011
1848
794
173
1154
2145
211
1055
707
1455
1337
1163
1235
411
2477
937
302
371
466
1053
350
1456
163
1645
1791
926
1750
1700
2384
1081
1384
1086
2172
2233
810
766
1098
45
870
1337
1518
310
1765
565
1313
1383
3
1628
945
787
1632
907
2410
792
372
1040
1487
1339
163
1679
67
883
1262
1579
748
911
1652
1213
440
250
1811
789
1551
150
2181
162
3118
1516
101
129
895
1144
1848
1131
747
2621
408
2485
194
1378
715
430
2753
1302
2300
845
370
2000
659
3
864
1864
629
1258
68
192
986
1724
1535
549
772
1173
297
890
378
812
764
1685
1200
570
1980
41
361
1469
985
217
2940
349
938
81
723
1697
656
591
1080
1708
169
1491
691
419
1097
591
1386
2276
1129
212
1383
596
1762
40
680
796
228
523
2264
1717
608
1857
493
1101
3340
1390
797
1474
345
756
955
1494
1623
1339
207
1263
1218
734
211
696
162
1544
1929
1289
1896
1270
1578
1097
593
344
27
55
282
1022
1154
1235
1122
258
2969
1568
581
605
275
2474
2381
756
1120
26
1498
828
413
3177
419
1808
612
537
1058
2933
333
1209
1171
1043
767
1080
652
374
2737
1733
360
246
506
838
209
434
768
2227
1320
1953
814
1943
858
194
40
471
440
1905
1923
519
324
468
1613
373
1559
1135
638
1900
1389
2174
938
1167
2168
1662
984
697
1394
1295
1021
1703
1100
836
1260
2400
795
654
1107
915
388
1303
1749
1655
1106
110
769
12
1100
3151
2301
1236
1077
944
763
1530
944
1161
421
970
307
1354
1260
940
1742
1209
2811
1374
839
394
557
1688
859
2060
1486
208
852
209
1176
1037
1431
826
3091
1882
1239
136
679
585
2177
1892
248
1016
2397
1181
568
256
99
1745
2697
656
266
2029
1926
314
1056
1141
1677
586
1604
1820
206
1034
231
584
2500
952
1604
1521
2216
3373
966
560
545
223
1333
38
2258
316
1189
1240
963
971
39
1800
1686
1388
413
1533
867
61
225
1522
1542
1483
119
523
1020
3114
52
126
276
1199
717
895
1068
794
1232
859
355
207
1137
1852
1378
1244
1554
1269
87
585
699
864
921
540
800
351
1135
1192
919
338
1498
1634
116
538
757
162
992
307
253
42
1124
691
1
826
2366
233
2114
49
1621
81
38
296
146
512
234
1263
236
192
1244
1197
1068
1023
1409
1174
221
366
748
2052
1136
2222
1268
549
2029
840
1645
227
904
2008
836
856
2181
2014
982
90
219
1419
2299
547
2447
548
2441
500
408
1445
479
317
2568
15
665
459
362
1277
2107
593
864
873
854
1100
155
2208
2369
281
369
591
1158
2286
883
878
1644
1651
462
224
188
357
884
1163
55
1846
1623
1519
24
1937
660
548
1408
1426
26
1562
698
839
340
1101
1265
1179
2043
54
458
159
1615
892
1161
2546
1541
945
573
37
1872
228
317
556
1963
298
1733
1304
82
156
768
1594
2270
2227
192
1539
2870
1876
1749
302
804
458
1739
532
858
548
1352
2342
1420
1559
1153
1694
542
473
722
1222
519
249
928
915
1421
1095
34
2845
2378
1540
1018
1786
910
677
90
764
1318
340
883
3002
1763
236
204
69
2406
645
867
764
1516
1175
896
287
841
602
643
612
1351
40
1171
586
722
1057
1149
1590
540
1023
1559
107
340
1441
1966
1140
863
682
2744
1005
2272
250
301
364
1054
175
611
1884
1620
122
137
187
270
1655
493
762
2570
632
762
1699
1220
750
846
779
913
822
391
750
1817
753
269
2130
1105
1873
451
444
589
779
402
125
2231
1726
845
775
245
860
1420
811
1556
249
1895
1482
401
1911
585
1679
1081
1297
144
1440
1492
1135
217
903
255
1451
544
150
1269
352
92
668
938
1370
661
797
495
1037
18
1281
509
1090
724
636
618
1388
810
1196
1635
35
2064
285
483
415
225
518
2075
1132
1274
893
547
1410
2541
236
616
91
878
1047
1012
659
1952
812
48
1629
888
1697
2422
1152
1808
1027
752
2354
509
2022
1637
853
351
235
1499
161
1799
414
1586
2195
299
601
283
723
173
861
2305
478
570
1159
916
430
2371
1247
217
2227
1437
325
309
1074
2335
1963
1601
1583
1574
394
2151
79
1219
1372
411
806
113
107
495
764
375
1466
2791
715
299
2375
56
2559
2208
2064
1085
108
647
744
387
632
577
2014
347
641
313
889
1141
1460
1537
2228
3313
1072
1350
999
527
1062
375
87
523
300
573
291
570
548
1463
392
2417
29
311
124
716
2045
673
754
2960
1113
3382
297
339
1690
1465
1277
247
2342
987
358
1164
969
1381
362
817
548
1444
1347
647
409
912
799
259
822
277
1239
1008
288
210
1051
1003
1017
1428
312
253
642
522
951
85
1095
472
1210
1110
366
1818
883
601
2268
283
2337
518
1910
879
692
2163
3
1514
1940
1000
864
812
6
117
320
1306
221
521
1677
817
845
1520
145
552
1499
555
1090
968
985
1877
823
607
1198
2475
2144
661
1354
616
340
1832
240
314
101
375
953
1509
297
273
44
805
217
1744
857
2831
287
423
1228
721
1315
186
103
1550
231
253
1091
29
1795
1361
746
921
158
1413
1547
1675
710
239
1394
877
672
1688
259
779
1486
2220
341
35
1453
1072
811
27
1238
28
2619
866
1304
931
1026
606
623
485
1185
236
95
1248
1658
701
1218
2204
974
1198
826
2713
2002
749
958
1403
1333
553
949
1018
1056
615
1418
316
1212
376
1234
476
20
1250
1130
200
2258
1637
305
968
752
1618
229
534
631
691
1639
1515
1740
38
2030
1124
713
934
1810
590
1965
1555
154
957
1062
638
768
150
639
623
1544
2819
802
1468
2377
1693
1667
334
894
722
883
1411
1701
1407
709
2122
987
1456
752
1678
499
1055
705
1001
1162
1156
1567
367
448
776
410
2323
510
1293
1351
2089
3
1010
909
1570
908
232
1723
617
2073
2505
357
971
1399
648
452
1060
1072
566
1973
698
6
292
1135
1438
1323
319
462
456
928
18
1052
1863
1640
802
2562
1711
900
196
1093
693
147
118
2364
2132
1125
21
1784
1664
879
445
472
2413
1737
729
2145
2257
956
498
2202
1558
379
718
701
708
532
772
46
2282
1185
448
283
581
308
225
643
508
695
1281
1893
2049
3
873
984
404
81
804
1291
910
2083
1513
2129
1652
990
1193
266
414
677
1309
425
1280
1974
680
2011
157
1555
651
1237
2057
614
2344
1609
1252
1552
74
404
2055
461
377
536
1288
1428
767
1281
44
593
1423
622
1037
1570
836
1506
1333
385
869
403
936
2540
134
1587
935
1176
2281
952
2120
400
716
1098
520
1229
303
978
1905
2297
1456
481
1080
1790
1062
109
951
1519
1524
1633
1572
788
477
1271
48
1097
1461
430
45
2023
1248
778
80
1907
1012
697
139
660
2191
694
973
1892
81
658
841
255
265
518
674
131
1873
1222
1117
1620
1609
1052
378
937
1073
731
276
238
496
629
674
1505
703
1826
579
1261
589
459
2382
2348
1516
308
379
740
3028
1121
130
2069
886
420
3006
999
356
527
2493
1593
769
1662
937
700
369
479
1662
1048
2613
468
310
1239
1110
1
1233
893
539
1023
798
286
1184
3489
41
724
1549
1303
804
1380
806
1739
20
92
2087
392
1172
691
2362
454
1133
1256
54
983
427
1400
1203
1817
828
737
1351
454
127
2229
1975
2060
910
137
965
1150
1589
477
891
1230
1318
2331
146
520
711
1790
824
485
457
1085
2125
1520
514
951
2278
1138
2578
1557
545
2143
810
51
707
966
593
241
1753
642
1188
380
1594
93
848
143
517
1692
702
1128
461
515
1139
1166
870
1471
1281
1260
2841
353
1281
2067
874
1394
821
659
1809
74
328
1194
1112
245
437
2657
404
111
584
1044
301
565
1158
210
706
668
206
1164
28
956
74
316
139
2101
626
1894
287
757
47
425
1402
329
1491
162
1160
415
3054
151
1712
986
1299
1291
1346
1308
1507
1198
1883
1405
41
625
1155
678
617
1089
347
263
2045
742
2431
1189
1809
192
586
679
240
1664
3521
248
1964
418
2084
30
1726
731
171
1074
191
493
2184
2241
1643
864
1576
458
815
1697
1877
721
2147
1937
1637
572
2347
1193
81
425
544
828
938
1317
1838
969
740
211
1103
1200
637
2647
772
919
1052
1930
1955
1561
1219
1454
466
1132
710
1099
106
81
460
778
1158
616
1837
2706
897
628
143
1102
1129
371
1232
832
888
487
1282
761
1000
2503
246
945
832
2228
20
1629
1330
1289
1186
1371
33
402
537
2542
1637
260
484
1579
95
736
723
9
575
1629
1545
1429
1196
290
648
981
1584
64
1330
327
859
1083
440
1510
1736
1012
499
1678
140
1665
1412
640
900
795
1865
397
1278
971
890
479
74
479
785
1811
537
1532
390
387
1597
1511
1066
37
1463
2480
929
1895
1116
958
1404
887
459
605
1404
108
1408
1037
49
557
1106
856
679
1282
3170
2032
1047
378
889
561
1388
1631
2278
1958
1546
979
289
177
676
1676
64
221
674
1602
83
1777
2388
520
766
148
1219
605
2155
189
1145
1452
1558
1288
1169
1718
1080
724
233
502
829
1675
2504
74
2603
737
371
1776
1506
1093
1347
1538
1598
886
1206
1105
270
1812
1626
55
482
787
674
464
1220
143
44
1165
529
592
1232
2059
1315
953
1550
1263
749
759
131
184
29
182
2676
725
428
667
751
952
805
716
1887
782
1069
1558
1526
922
421
1139
1715
163
746
3100
450
1654
1469
682
1565
2501
84
1906
1776
319
1675
1893
1706
14
1531
209
242
1729
1423
455
985
2763
1168
1887
948
1179
2005
1293
1375
1176
217
323
1734
184
1291
2027
2056
1790
622
799
251
1825
1900
1891
1210
211
1244
1759
964
2153
1529
60
1437
2271
1729
1404
123
862
546
1084
2741
2117
283
371
834
2107
1608
2560
1569
129
86
647
2486
2207
796
434
1495
136
2110
228
2478
510
1015
352
714
115
1331
165
1728
564
29
546
512
782
223
774
147
579
1968
617
1363
2063
94
1564
1858
1281
150
767
1163
1288
1954
1348
400
576
2212
1005
1556
46
1290
904
112
274
533
181
1192
933
543
1591
1070
1957
2253
797
2181
1067
1045
1955
1632
3595
29
736
7
473
655
956
640
537
1554
1013
855
1313
108
320
1759
372
356
151
258
1258
16
192
225
488
2388
2164
399
106
497
1753
1343
443
851
2398
269
565
836
993
1325
1022
616
1012
695
407
625
958
1417
273
1170
2457
1615
242
586
1010
828
1468
1572
948
278
791
1020
970
2508
237
1793
72
1507
1046
26
285
214
496
231
678
1432
784
1440
82
1627
408
1406
1317
2255
2361
2086
1700
736
632
874
374
2388
1055
308
113
1756
600
1552
2332
36
1523
1107
1409
325
432
193
293
1269
1007
93
260
930
242
636
1398
933
1763
840
1909
847
756
2445
1241
1116
1401
1510
122
294
9
2337
1188
1387
1051
2650
628
362
807
979
2232
51
772
644
123
1630
2188
1335
253
331
441
823
108
2108
2124
2580
822
846
145
18
2322
862
255
2569
2055
619
1320
1231
398
1260
352
715
706
405
1101
2570
211
284
512
2190
593
1652
1188
706
1884
753
1773
131
1028
1045
1227
132
1811
1779
2122
876
227
1619
1491
1099
1475
3015
1589
323
45
1453
775
157
641
2252
965
725
388
1946
235
2405
587
923
478
778
289
1028
113
282
784
431
136
1222
2273
386
1813
25
1023
86
1939
1358
1912
40
513
1720
2130
1848
1968
968
735
2516
2444
168
10
538
1639
666
1236
180
572
1917
95
1129
2033
158
808
967
1023
555
234
574
1287
565
773
590
60
2184
1038
493
2420
310
363
270
2104
479
954
680
2358
797
2223
1334
1061
714
3055
1006
1542
368
527
666
1093
706
1937
1664
1348
564
1480
547
96
1353
1574
41
380
2377
366
303
1384
590
892
718
1370
1514
164
903
519
1676
270
701
128
444
688
791
2432
439
817
643
340
2318
517
303
754
149
788
589
452
441
1454
1659
245
1030
606
1138
2077
1326
1731
848
655
62
1212
2048
1236
670
1172
31
31
222
1833
682
842
3002
2185
1009
318
1285
3317
1651
755
245
1909
205
290
1474
18
2861
135
979
110
859
163
90
565
2148
1613
121
48
609
1567
764
71
1631
746
1144
573
2169
1881
1695
1421
1900
1502
1368
1314
551
1109
614
1475
822
38
60
641
1493
2169
2385
1374
667
2346
1034
52
984
3264
495
3117
134
1482
1426
1246
2157
2429
484
575
555
1173
540
1903
595
251
2016
275
196
1899
322
1095
1860
448
1080
1363
1207
794
497
945
1353
2667
377
162
233
911
784
1417
309
2115
652
814
569
900
1569
464
2110
546
1408
529
1088
471
1504
1038
1127
589
1480
542
1075
1943
1574
717
1594
1576
161
39
1336
337
386
700
498
583
1534
1250
780
1382
64
1299
1415
1595
1026
896
1496
789
914
1832
1151
22
629
648
1147
812
148
1060
782
1740
13
1985
90
33
506
1487
27
346
844
1885
230
1600
2156
1716
1380
22
76
1613
1298
1174
1285
252
1957
1980
1135
438
756
2289
1028
1030
933
960
37
850
220
750
542
497
40
707
252
115
1584
1656
1053
183
700
678
3425
1140
1489
519
2201
2175
2297
465
244
360
984
1594
2525
80
558
233
666
1690
1114
20
995
524
616
330
1247
884
1782
767
1705
1483
508
1283
293
883
821
1764
162
1329
515
1435
37
3
614
726
1715
1098
991
1018
625
2921
326
73
834
759
332
782
1185
2079
1548
282
155
1804
205
1368
1040
1200
1294
1048
1688
94
1840
1101
161
281
1990
2453
100
909
1821
1039
1092
788
282
1669
1427
646
2353
398
1319
1452
1182
1507
1272
268
528
346
450
1051
1391
2104
824
1666
1291
57
822
852
2018
1177
993
1060
737
862
854
1186
734
959
2172
1332
2018
2078
648
2042
30
1238
941
811
330
2046
612
840
356
1151
1551
2092
327
1255
1695
2070
756
1105
2011
1845
247
326
758
1060
943
617
2698
1668
2214
1072
191
962
35
2280
510
2262
429
1194
221
718
1343
135
879
882
693
939
589
362
3449
92
1872
1061
1219
1171
593
1032
978
3149
1651
1281
378
1588
1128
1755
795
144
442
624
83
1617
1351
743
1332
255
1069
848
747
1702
88
39
1203
331
1079
988
880
479
346
992
37
1238
415
1411
593
463
587
235
1321
1714
1304
852
269
690
1079
1104
1945
1273
955
81
1567
964
768
1303
291
1419
874
129
1501
641
571
1629
425
3519
125
1175
965
352
672
2060
1238
1421
1254
885
916
1150
692
272
1988
1354
615
896
74
1487
1589
1752
2777
1978
536
1183
1114
195
2128
720
1226
112
1106
216
1552
587
3606
1256
1639
1845
3192
2656
908
728
915
300
2290
418
930
1851
586
128
463
747
1412
1203
139
1032
1684
1192
1259
8
2020
2962
894
1518
1610
1219
874
429
223
1
723
241
2165
281
894
3025
1431
1100
1254
1690
2306
1909
1212
62
1715
1591
1265
606
641
734
1250
650
1679
2291
313
161
533
706
313
905
504
1
1163
1856
835
40
1382
793
625
150
929
2289
167
1323
993
273
577
697
423
485
819
144
1707
1553
1338
448
1085
1197
188
879
225
1245
1473
1819
1256
574
363
723
714
110
1033
2727
710
112
39
556
740
161
118
3001
292
369
34
885
5
300
1739
209
456
802
382
2910
1553
2012
2226
1297
381
1749
549
1203
221
1574
2307
2582
844
1047
887
559
821
1566
22
1191
883
629
778
3278
292
763
465
2116
977
934
251
1147
897
1798
2655
883
622
2744
601
1496
1276
727
998
1307
553
17
1019
562
100
371
746
922
1366
1860
1009
854
892
1131
4
378
1242
1990
520
1901
363
431
1136
245
1954
1379
272
1309
1207
173
1055
456
829
715
1005
178
1225
720
1366
256
1440
209
456
845
705
872
1669
23
591
2138
371
835
784
220
1330
1325
690
647
881
26
278
248
117
1859
427
315
2180
2062
483
86
777
1184
916
1823
3
939
1320
1946
835
569
1767
1390
1447
102
519
2680
86
931
824
1487
901
322
325
175
625
1003
295
1408
492
1838
1415
1040
2243
2785
2354
467
1111
3363
1534
427
727
347
1549
170
2446
1232
451
402
31
1128
613
239
1701
1886
2077
2484
1546
799
2825
611
373
878
1331
625
1173
2286
257
267
345
747
867
637
1141
200
3261
887
1404
1106
1716
197
71
245
748
380
2950
384
980
865
163
85
810
1416
809
2451
1192
150
1457
441
600
679
178
417
1459
2314
1688
73
1011
916
1274
737
195
1325
401
454
1246
956
1022
1678
1437
1358
1135
1627
1935
1113
2551
255
598
1495
910
1002
724
821
2186
1670
1841
1553
188
1001
1038
839
2587
516
2764
2743
14
2345
1091
1395
60
1516
1194
1724
148
1829
84
1911
490
319
442
2585
1150
3769
1063
2060
812
763
2231
206
231
134
1186
1290
783
1722
733
1264
1745
760
134
363
892
1265
251
1368
1144
1722
441
649
1743
1491
40
1247
2931
519
542
1065
1265
662
790
1063
854
730
2355
1758
1267
842
113
1524
999
1801
3267
433
420
1790
399
1115
1388
942
408
591
314
1366
2120
575
3396
2716
192
965
634
34
978
1464
707
1899
408
1703
384
1062
373
115
475
334
701
926
66
568
662
1269
2783
780
804
34
385
691
1394
2233
5
2721
1401
1938
489
83
1128
896
639
1846
65
3339
1609
293
1006
19
2522
428
1869
2329
351
569
70
561
260
520
372
1960
866
1477
1106
2137
664
142
2315
654
543
295
691
395
1210
1255
192
461
33
3568
369
1883
353
1108
718
421
1504
1755
1384
738
1257
1960
777
1669
482
352
277
321
1157
950
1224
1078
55
183
1142
992
1434
693
97
453
1331
499
1201
1245
1013
424
1486
1475
1113
1280
250
775
218
687
184
766
969
783
1308
190
1377
1273
169
2736
1284
290
730
585
1112
839
596
824
60
1753
509
252
764
1118
1798
1274
166
1258
744
882
2224
1993
2612
1372
519
777
1298
42
1509
1774
1002
2055
1577
437
721
1035
2208
180
610
665
1362
289
46
1141
1467
274
715
858
817
647
1088
611
956
1891
1185
1188
651
756
768
559
1778
138
953
2298
191
3693
271
417
1640
1472
925
9
155
832
585
1593
1913
399
40
713
767
1677
1252
1513
1431
838
1882
1403
54
673
1329
2343
457
1847
2127
873
921
1245
379
228
498
1376
2853
70
195
1277
439
220
1277
1013
1572
28
167
1009
1066
958
222
44
893
520
1522
1206
2010
1259
1431
349
1988
1166
268
2928
1296
1515
2320
2830
503
1657
2362
380
1919
334
1530
1607
171
79
2113
1589
803
427
2089
829
729
1295
1772
1828
1486
627
1704
1180
1641
486
1398
1093
675
172
257
1346
872
598
578
971
1806
907
853
1719
2061
1010
196
803
837
1257
313
1469
3283
54
178
1578
1998
842
1793
822
1102
880
3394
396
464
520
1167
2134
1121
530
706
2650
820
926
1363
1717
873
937
329
1102
465
228
1755
969
548
792
3101
1967
286
521
223
547
451
531
700
1
350
1030
763
93
1933
1054
394
558
1582
1234
821
1464
317
671
1933
590
462
733
618
348
1665
814
327
262
283
300
61
521
191
918
534
1142
1732
256
143
986
627
1179
545
671
1023
2318
1111
1551
1941
104
418
1661
1416
1683
3220
1937
2490
2032
