real_Parameters :  sncndn 	 failrate:  1	 Fm:  641.099	 且最后的Fart/Frt:  1.0405036770000002		   Time :  56.648

23
89
138
26
225
226
291
417
542
126
589
15
416
623
85
494
362
444
653
214
288
134
580
96
869
304
296
213
287
483
32
954
306
70
1008
546
341
594
1288
195
109
606
621
48
174
803
499
233
461
124
158
167
21
557
319
680
82
548
112
151
274
338
805
1483
107
376
291
438
416
526
305
221
358
393
12
38
893
49
132
287
158
170
661
358
100
18
87
576
35
157
454
755
1088
1124
466
890
603
58
772
45
604
84
1417
1527
235
545
585
33
517
795
625
1121
1039
1123
2
335
180
148
2283
615
1225
523
328
374
56
894
1168
359
79
443
751
1104
426
255
314
80
610
1401
1050
431
1361
1169
1544
17
139
310
227
54
638
484
255
232
736
979
1117
511
46
400
1326
2147
293
1809
2275
1970
369
792
225
636
757
808
379
398
225
42
2330
199
1385
822
263
431
48
514
1253
330
2088
1807
1421
323
955
116
1717
136
1333
129
218
267
352
230
582
612
688
2055
2399
74
877
434
870
320
356
459
911
619
1813
594
269
475
94
439
1426
297
139
935
267
715
689
374
547
116
809
372
300
909
626
154
93
1837
849
355
1198
68
203
1747
134
211
1958
977
413
1082
126
964
260
435
432
121
441
2759
477
861
550
983
292
202
698
598
866
434
930
774
8
56
36
153
439
788
192
1384
486
298
280
101
54
2217
933
2588
402
145
335
186
201
829
196
1188
411
278
196
64
455
186
18
1417
1354
374
303
1741
1903
1463
318
170
393
414
31
1134
999
384
1082
80
427
20
189
127
849
973
20
338
267
544
1446
108
426
1254
160
102
352
729
674
208
1265
328
649
135
250
922
325
4
1192
867
892
1007
809
395
12
518
336
227
8
3675
528
1046
1589
412
206
588
669
817
722
168
244
915
48
72
2025
9
248
740
524
1701
971
697
58
1200
978
1106
1024
356
216
1094
437
1341
95
866
1451
13
9
125
2093
72
371
828
68
596
905
472
350
729
1121
499
26
1446
313
486
805
19
695
327
273
602
1462
617
1436
448
29
138
392
1845
858
711
4983
76
1051
16
212
272
89
1780
103
2507
263
87
391
535
2129
1167
1353
517
413
487
2316
112
148
32
63
474
1722
573
633
507
671
11
457
991
36
489
1829
104
1133
1400
70
563
485
42
108
679
708
179
805
1001
182
1408
1830
97
2073
1961
579
5
142
1336
411
1612
166
626
1035
192
604
1782
460
42
93
859
617
103
328
1063
306
69
283
6
1607
161
475
1032
155
208
118
418
1253
1054
1603
857
327
812
705
990
16
76
193
1240
1954
678
931
498
708
464
235
442
21
65
428
1293
869
528
111
1395
273
72
1333
327
195
136
861
867
66
46
1112
1167
40
848
631
294
681
81
9
928
341
1223
6
542
761
733
80
71
207
298
1062
1149
321
54
51
2401
32
311
2455
837
119
1071
1438
307
378
225
104
274
82
1396
286
279
314
290
1664
709
479
91
814
1189
992
44
292
303
262
741
191
342
134
820
825
27
1102
485
442
63
135
60
1190
1607
3256
36
440
320
233
556
1377
417
508
203
684
135
616
953
27
211
1028
2214
170
173
886
904
524
1689
1292
863
421
378
352
1141
118
872
136
242
619
328
211
85
57
610
140
1903
1302
1408
643
788
1707
2321
376
26
810
402
34
162
868
153
4
2205
914
129
912
1936
920
618
1553
1758
998
1285
355
1605
21
102
346
2039
969
563
87
1443
587
63
242
955
495
8
317
9
777
45
1031
807
442
1403
499
135
965
541
124
1043
1423
236
1524
2121
335
223
1288
793
153
426
434
408
2405
96
1368
701
255
189
827
494
396
2064
470
277
1925
1377
971
837
133
200
750
67
2512
832
783
864
1390
673
1666
272
632
1055
798
920
1029
1528
1211
143
158
26
183
581
2484
1296
1596
360
144
433
150
468
83
797
607
4
1510
1527
624
773
783
361
379
743
893
3512
553
77
462
780
1
113
970
374
112
38
67
2161
2274
230
475
311
244
102
70
44
351
376
74
188
1565
2133
810
135
180
513
946
284
385
134
478
98
594
479
670
470
363
841
117
2766
1466
331
1456
800
185
98
658
344
1438
1098
303
608
1139
195
305
684
137
1001
686
1436
158
1274
66
1070
4
362
2127
534
121
233
730
244
688
397
383
314
115
259
590
290
905
500
1309
119
124
1369
845
186
138
810
861
719
978
1035
218
735
2875
575
603
2554
971
456
289
335
68
402
1504
339
238
80
892
731
1380
461
1749
162
923
246
229
4
2472
584
758
135
72
893
1097
820
167
1211
1450
20
273
107
1334
526
928
397
1818
23
281
596
235
383
25
51
161
78
712
982
14
1039
328
399
295
198
2127
106
22
522
224
2
1299
558
652
516
2073
1371
655
1106
1175
1241
2482
1200
806
337
459
103
30
588
314
579
148
307
2192
803
313
109
237
524
16
5668
455
255
1258
423
1274
85
120
771
769
68
1701
1028
442
684
199
297
365
6
27
971
3135
755
763
318
45
680
809
988
102
130
302
561
493
623
1876
364
377
1606
354
523
234
616
464
285
340
428
1840
149
960
7
81
1685
3615
116
406
55
1146
571
324
752
1774
101
739
131
190
26
1070
2299
2294
536
495
1246
603
2574
876
329
122
891
317
1612
1818
1259
669
1055
536
164
350
980
1191
311
1567
97
622
1786
1101
49
827
50
1047
1689
1240
797
364
262
994
153
163
1723
858
78
54
2
453
2275
365
843
859
223
1987
951
2087
1417
1127
506
2787
111
25
538
741
30
54
144
102
1060
962
108
718
245
1487
36
467
470
627
994
124
30
145
621
1
1353
514
326
858
77
769
204
227
560
472
362
256
1033
1124
850
2276
979
110
924
1279
282
400
894
819
625
1757
896
752
293
181
667
27
880
650
722
1085
909
173
428
628
292
978
302
26
233
1811
143
156
122
718
418
357
170
758
530
196
648
179
515
1
2097
1245
5
126
147
1596
127
68
1213
1592
3463
402
108
694
808
1351
1321
375
164
175
500
706
241
93
726
494
2246
145
898
1446
1914
584
893
495
99
278
977
719
436
650
317
353
129
806
1247
166
265
380
2056
512
509
189
196
218
125
290
635
1164
2607
67
415
190
48
2441
358
352
1069
169
2471
488
607
1213
510
1100
676
1317
285
422
43
580
1572
1699
372
199
452
32
1099
100
1502
1286
545
790
445
1478
511
2379
296
224
112
125
518
857
453
475
157
1401
398
110
175
429
507
2101
598
786
103
71
128
920
71
300
513
1087
73
1361
109
76
642
323
629
60
610
447
169
218
977
2112
1695
10
1336
14
48
216
308
370
539
310
479
1138
169
2003
1136
161
508
207
424
160
306
2782
292
517
617
242
568
1101
526
332
91
1518
307
722
786
192
666
267
399
1740
13
92
1251
166
535
1621
176
574
93
77
107
2860
42
153
144
460
698
450
427
591
130
973
620
379
56
481
1933
2828
303
803
561
606
425
175
238
1476
34
39
283
138
2187
1204
311
749
175
254
406
199
288
2212
705
441
1444
152
1004
173
217
1228
98
388
252
283
291
17
329
88
1390
543
343
243
367
185
601
2634
267
1131
1429
473
641
105
268
75
321
1347
250
447
1017
82
522
442
531
29
17
48
1406
482
1107
830
1053
709
694
1576
454
711
43
576
17
495
131
1083
293
446
170
930
137
1301
415
199
839
16
279
728
155
271
212
391
308
482
130
268
683
252
296
955
90
11
105
320
438
311
196
757
3150
666
65
920
383
940
747
838
781
658
15
322
1367
91
392
191
756
824
244
385
6
246
456
1492
434
40
320
11
574
544
30
2
792
138
273
570
643
438
1072
160
1555
590
884
18
278
572
572
8
38
858
84
737
1030
55
964
576
645
20
362
1267
310
449
183
128
538
219
600
622
437
12
706
359
61
352
1267
743
44
666
472
352
540
226
194
450
82
388
819
59
185
80
310
12
181
1332
1269
74
1532
251
2472
59
930
287
1901
1750
326
125
213
919
2326
758
527
637
330
307
612
671
474
224
180
210
442
292
803
52
8
786
271
79
91
320
1802
804
976
77
158
496
175
2086
34
654
67
239
61
1869
220
623
135
313
935
1316
17
72
196
2340
421
141
2149
112
407
87
140
53
213
1282
35
92
17
187
520
153
675
2978
340
1738
94
946
327
1143
463
173
351
251
217
88
299
2779
389
224
711
710
661
482
206
75
38
234
446
225
1983
307
85
1285
101
382
656
120
425
1102
451
880
432
471
189
203
251
1093
2768
359
665
422
1187
761
539
1254
10
2911
1251
1368
103
96
168
146
310
656
788
4071
545
849
50
163
496
1166
46
1660
1071
922
399
152
272
1010
179
848
1944
226
852
233
940
118
523
952
331
432
1039
1195
762
160
41
178
142
347
68
69
1145
635
530
597
745
194
383
64
88
236
1084
279
1953
32
951
78
165
1570
82
286
817
714
945
253
540
467
836
1578
369
109
139
667
149
1075
274
664
247
603
1482
1673
123
139
797
2
687
1449
328
566
514
308
612
746
186
281
15
279
272
643
488
78
816
573
45
1094
139
219
844
248
508
1299
39
142
1382
8
1266
39
1739
265
90
42
60
802
93
2504
145
114
367
265
224
274
869
951
1008
995
483
818
87
1746
1248
199
1813
282
123
399
18
1221
301
238
244
860
4
262
1166
58
318
310
1171
1164
1214
4
941
29
969
1276
850
336
739
971
1544
2053
695
601
272
3315
634
390
4
1042
1006
373
689
40
658
591
2599
957
75
6
813
543
618
1063
1046
1364
369
182
698
217
1280
346
372
419
212
131
25
221
138
1225
924
702
229
558
310
878
1525
454
28
548
650
730
463
1003
54
811
471
1049
767
2392
174
452
299
723
2495
101
434
3112
343
1314
622
1723
1065
333
1070
911
1698
1686
49
530
1110
6
824
520
423
1937
254
68
90
38
92
1085
1570
360
73
107
1772
868
249
405
951
624
999
72
192
1649
222
556
1682
717
2129
1515
1289
461
496
37
580
707
947
6
62
2907
8
252
1221
740
834
132
41
514
326
47
1223
373
352
1661
800
144
1527
1117
700
498
54
2483
234
154
2251
209
22
602
606
1999
119
1437
486
1197
1480
281
117
87
707
198
377
79
865
534
191
396
1478
434
2844
372
240
284
623
1893
75
44
4091
1899
400
254
1051
143
2888
295
313
1674
63
108
465
60
459
347
55
69
784
545
233
2932
465
300
1124
442
26
1227
724
47
166
464
323
838
460
1271
900
392
1819
82
1548
170
30
207
307
2764
1494
1135
714
449
60
421
1840
586
1425
852
226
2291
2030
138
466
270
2145
73
101
1332
242
759
88
74
304
1866
766
164
638
141
595
368
247
925
41
79
250
799
541
937
849
1679
236
582
339
1186
303
118
2104
76
892
293
894
255
1144
181
206
49
68
54
989
449
815
298
1174
188
238
354
313
96
977
701
106
201
42
841
2867
161
627
1194
315
111
186
483
228
1024
878
658
2262
561
541
55
2266
781
363
20
495
926
1315
243
490
522
1191
70
954
322
493
1108
705
2260
18
186
249
280
134
499
502
189
112
193
334
2331
194
1437
611
77
674
599
53
478
82
712
24
368
215
74
591
30
319
164
125
823
16
630
71
121
1800
403
529
380
1711
632
300
821
206
1906
12
459
142
135
1369
1220
588
493
282
245
461
2150
53
272
110
336
683
11
602
224
636
148
1091
432
1077
51
43
1647
239
1016
1395
498
2423
877
1516
145
232
695
78
10
168
39
259
1116
554
1325
1072
985
378
893
168
307
500
2181
356
250
874
21
1095
1850
99
1276
271
426
619
557
691
38
853
84
528
168
261
1098
146
2172
267
99
110
190
1998
1220
148
234
203
1404
890
730
113
715
359
1330
936
823
2150
949
245
910
353
1240
727
1239
266
288
726
41
1429
921
1210
1142
495
241
435
1355
995
29
108
1662
306
78
41
1992
865
88
1870
84
205
5284
933
132
167
1059
1114
1805
1
795
23
122
961
234
561
1177
654
1426
1555
123
187
94
480
325
42
865
474
420
201
2874
216
616
554
361
841
53
283
777
129
829
838
315
98
471
30
592
116
102
697
2520
298
254
1031
291
123
544
117
273
628
50
990
161
975
1055
117
256
1375
146
2449
192
1914
214
1598
267
103
800
502
3631
1559
650
2410
154
257
24
138
2517
380
40
233
117
48
645
999
732
522
1526
51
889
456
111
3289
859
289
72
26
279
791
440
209
442
207
99
75
1961
35
502
674
860
320
1917
154
574
629
5
1751
15
785
609
105
978
3
852
96
119
217
723
396
1205
353
161
669
1550
273
656
493
16
144
297
861
167
207
1453
1101
12
1
146
1365
272
255
732
674
74
528
689
1324
1214
788
213
569
73
63
232
356
136
65
559
128
509
1286
2149
844
715
87
140
479
1646
564
1362
407
725
82
311
346
1027
169
1177
1951
390
124
813
52
656
995
187
552
1365
412
127
32
816
461
1279
1315
574
581
177
192
1558
1145
249
422
2163
127
382
1064
84
1669
475
665
155
760
82
158
631
1373
304
446
455
1531
193
376
447
496
541
549
45
1604
2540
176
604
13
1232
422
20
700
626
161
530
521
94
1478
313
2198
371
1047
125
110
2048
1730
1265
554
1094
251
264
716
109
11
1251
396
563
260
893
206
137
14
45
1245
901
888
543
14
29
3
1597
621
156
2351
1524
220
138
1767
1686
1432
146
568
2430
516
145
1450
127
230
432
137
775
233
113
778
1588
379
370
233
76
172
254
492
313
10
965
285
399
674
4
126
87
31
1507
113
29
15
789
1328
543
124
756
1490
616
1585
742
475
635
84
1961
903
836
216
407
1269
27
2046
17
1485
391
157
1710
384
2569
1294
56
394
1000
2570
497
269
2858
1579
59
1062
1151
1157
2143
2248
4
1205
1111
4530
891
2330
608
302
1384
172
326
2481
294
1277
413
272
1291
1002
361
51
60
1660
94
939
63
392
120
277
475
260
616
2169
1055
1206
167
535
149
57
1346
93
2
526
1329
264
118
194
466
133
747
1476
123
360
407
67
1173
296
136
1830
463
123
129
910
1497
425
293
135
385
1311
13
663
350
269
157
6
1868
420
1278
65
1005
252
2
78
234
101
780
414
150
754
172
86
314
3135
783
528
88
351
159
94
195
967
90
128
86
226
823
981
947
187
725
758
1745
669
430
336
358
125
783
195
589
239
639
302
225
378
653
526
579
601
925
214
841
693
244
975
1651
237
79
140
601
4
1480
367
191
464
271
476
696
237
2127
641
310
225
138
251
280
392
234
333
451
1980
533
152
1705
2497
881
1172
700
65
2145
174
798
286
623
206
293
1553
1341
75
738
220
726
214
695
2003
370
147
513
179
339
113
62
931
144
570
365
99
226
819
256
287
865
84
541
375
192
1083
376
450
1070
1706
1445
413
1512
1146
257
31
127
735
282
329
164
99
1435
708
402
578
8
1833
1327
166
3522
166
2820
1000
640
67
77
370
498
314
3007
261
412
170
2360
147
1097
299
24
580
190
1537
879
482
473
55
1474
48
62
229
90
438
448
583
381
777
1051
96
469
472
138
49
247
382
63
137
301
215
154
1181
1460
668
916
744
1677
902
82
452
141
514
2153
505
263
245
1296
70
25
334
93
124
29
1005
149
8
103
48
135
130
470
675
87
1699
731
2909
1514
976
359
347
58
33
33
222
254
1383
511
865
991
58
1420
815
551
1510
32
34
399
307
708
58
199
705
40
101
93
327
1858
741
99
1290
506
1008
1390
295
48
208
450
461
73
59
66
578
58
1547
434
19
256
151
1075
1218
247
362
470
698
698
128
529
88
24
646
102
170
514
1914
396
152
490
105
167
2014
144
826
428
638
185
947
1918
69
288
801
172
1154
264
674
230
338
77
1381
472
494
435
1059
687
30
245
79
249
2205
193
607
544
245
1749
197
368
1111
144
813
257
748
816
642
597
166
1137
142
1660
468
652
365
395
255
6
1093
638
317
572
629
214
157
584
685
206
480
1042
772
115
316
2094
615
1190
909
88
61
756
1164
3952
613
750
1170
108
423
748
103
350
790
1669
245
678
933
110
882
1025
308
1748
1823
175
705
323
915
2982
919
135
1239
1105
265
534
193
1743
285
243
404
545
243
1083
257
480
311
589
56
191
767
2531
219
674
81
84
134
540
378
265
179
165
80
559
432
543
865
477
4
363
110
786
609
132
1367
330
717
384
54
392
986
761
1064
220
51
919
254
2151
78
944
405
507
15
1250
631
450
274
520
73
638
377
316
431
1005
851
501
2860
1551
291
35
1283
78
518
20
195
58
2341
1695
720
1103
732
84
3130
1682
955
151
293
291
1531
138
992
170
1244
178
629
458
3408
1338
1283
902
408
540
249
920
307
2548
447
238
533
901
12
538
251
314
704
730
437
1401
174
1082
16
268
574
203
2378
1522
91
315
157
72
124
474
685
1005
1220
173
162
1276
216
82
231
1690
81
659
611
2298
1132
702
970
509
1761
663
330
377
41
132
379
1179
104
663
3515
1152
331
859
205
41
28
69
180
910
881
1029
219
892
829
1636
117
378
576
396
254
220
1308
87
591
457
214
98
6
1956
308
48
901
94
31
145
65
113
187
1150
792
102
321
645
161
1325
1048
398
283
1041
625
73
1884
157
187
8
152
179
167
1221
821
2418
208
1827
989
11
3036
550
314
818
1361
709
106
2
580
1272
2178
88
41
116
411
691
817
564
1170
28
1224
464
373
214
34
747
77
1515
254
250
2150
1077
183
924
362
2
659
252
549
1738
793
287
3418
884
679
149
24
144
1196
677
341
983
89
534
230
39
1559
62
171
13
1162
198
264
271
242
387
495
751
152
2677
187
1068
1105
1081
1755
303
223
117
2334
64
40
903
576
477
244
697
908
437
397
204
257
544
412
30
1827
1208
516
208
1512
168
691
302
1049
231
20
202
151
237
183
234
84
458
514
799
670
395
488
83
792
431
60
118
512
3471
1655
506
463
394
361
754
257
115
746
531
666
223
386
1853
331
1029
578
1134
270
1227
40
371
34
525
476
1401
362
189
434
583
1195
285
1695
1586
967
584
156
1090
331
493
637
68
1416
32
683
581
457
729
227
218
240
1804
351
95
246
66
132
101
638
1258
109
376
1467
1410
203
365
13
500
1168
1642
100
1013
1259
11
122
839
69
166
655
10
1373
90
1466
100
1259
994
394
82
326
681
46
161
562
352
796
1616
511
458
739
161
1042
1442
708
476
154
534
724
456
29
684
770
121
178
765
226
1325
488
682
732
41
695
297
398
466
170
379
351
1777
539
336
1916
2721
170
648
430
66
27
670
171
23
815
243
649
217
841
230
75
380
231
332
1573
1245
860
597
65
132
431
2138
1211
43
216
142
2665
213
455
1543
611
463
112
609
42
439
725
1013
82
152
309
134
1836
456
110
468
111
105
1145
651
1898
1700
153
2600
33
1324
1132
6
620
380
740
66
347
772
126
2212
932
1177
646
1908
14
518
250
350
2189
902
651
130
141
230
192
1118
1538
404
2
623
192
364
1695
9
1229
5
55
352
1602
695
2027
1262
1312
1252
1347
387
168
1440
744
615
153
630
656
912
216
143
639
192
518
288
261
1333
1121
718
370
219
489
387
157
23
406
42
734
974
249
455
376
348
70
836
1394
1065
673
1144
299
412
135
985
976
260
1349
202
318
350
1471
1046
184
83
1612
272
408
972
17
47
2057
1203
120
517
1600
1266
1043
339
96
1020
1015
541
65
320
155
827
539
680
113
142
484
1585
192
201
354
69
2295
49
55
70
50
332
47
1840
640
202
286
466
31
243
447
179
354
239
251
63
270
236
240
300
374
1567
612
107
279
1146
404
982
161
128
1367
436
1941
294
609
3
126
16
915
3
444
603
1033
1394
19
47
363
824
113
139
1439
2108
958
626
1687
1647
2197
922
539
607
315
568
994
364
2476
217
383
460
209
546
68
1209
608
776
228
371
1163
370
551
72
594
996
494
45
620
821
302
342
2009
44
1108
1879
679
1800
2321
2078
416
1084
771
100
31
89
6
533
227
235
579
82
193
118
3622
226
51
219
273
1834
222
475
49
68
1824
1253
1374
239
991
804
811
1493
67
601
68
104
745
460
502
718
123
525
19
208
280
432
79
634
312
264
187
1182
4521
1288
761
69
120
723
515
1641
282
1113
928
59
266
1089
552
143
656
116
685
1303
106
146
233
69
103
31
437
2560
1907
165
2
122
609
147
281
2702
664
925
57
1350
58
184
1013
405
971
440
753
50
18
895
358
480
446
468
124
169
988
923
300
356
677
487
1072
194
1717
1033
49
1382
1452
602
977
371
194
1850
1060
456
125
147
341
451
52
756
206
46
458
536
22
1674
358
2036
315
126
334
7
1026
399
257
738
16
271
2838
383
461
1256
83
69
102
556
787
292
1163
241
52
741
366
744
89
9
1974
597
1289
103
494
400
190
2517
1022
891
489
103
2545
144
513
479
966
116
120
635
38
15
953
379
530
313
1055
163
1121
1418
451
969
406
55
724
456
172
1736
226
200
596
510
909
55
1227
238
1084
329
193
300
307
739
868
1715
698
269
2169
280
181
470
269
1540
24
1029
531
170
326
335
1035
726
436
693
802
26
2214
374
806
74
1270
1258
1809
444
109
779
528
89
362
1354
311
2240
407
414
290
504
440
2
444
669
1171
77
1024
391
190
539
245
1173
185
45
520
1791
1043
940
474
710
738
452
656
290
173
402
281
1348
1654
1238
28
826
457
116
102
175
974
288
806
1301
45
759
363
602
567
262
561
162
535
7
95
270
632
438
2024
93
1930
1077
106
116
1158
85
264
1605
2780
241
386
177
1
552
338
693
2616
666
132
508
333
288
469
356
183
680
630
59
1073
747
60
1033
243
242
1104
343
345
178
100
284
210
245
469
265
611
10
274
390
852
1012
193
924
408
5
115
238
1187
303
287
649
138
1297
551
1579
1508
409
387
960
1208
723
151
1238
225
1563
210
128
505
319
148
180
1458
604
1774
1120
52
733
1482
1892
641
1026
515
738
305
1200
134
558
143
970
1305
12
491
65
230
298
911
143
223
71
128
147
110
563
95
670
439
137
236
1296
269
333
1793
1910
102
678
64
997
938
648
1968
133
162
6
765
1490
243
245
796
676
16
97
683
835
678
275
210
1104
1206
292
65
292
467
463
505
151
28
208
479
869
136
644
1904
275
776
955
478
512
130
52
265
226
428
280
25
821
428
258
130
903
346
225
1222
716
1020
849
151
106
1926
1226
179
36
607
1459
638
118
115
286
1836
214
72
241
263
553
227
771
907
1383
2018
424
208
16
921
416
5708
722
1372
1290
1067
461
1678
478
2344
499
809
133
500
816
223
427
1227
1444
680
259
248
16
1980
616
356
64
49
498
3042
372
340
45
200
830
571
104
174
770
59
2113
209
1314
754
118
266
385
680
194
246
1102
2686
192
439
4
855
207
57
324
1029
856
154
182
29
789
426
30
1219
338
2434
454
1418
1508
804
12
1849
183
2861
101
1284
334
324
974
129
848
538
340
118
1727
1164
259
1453
41
1062
1485
209
1319
99
144
2267
304
1832
251
30
236
174
1238
115
406
13
651
328
297
1805
146
136
633
391
1232
322
819
204
419
244
131
410
653
472
115
194
191
1321
214
365
3490
888
465
419
2288
135
609
533
597
609
344
198
935
682
859
70
556
2268
323
800
680
443
315
37
1037
461
127
988
4
985
391
36
56
1443
296
23
524
416
469
2187
358
225
761
226
584
6
54
1195
289
64
67
18
108
514
837
13
53
585
35
239
22
373
175
2946
425
1738
276
287
117
162
404
1430
1742
59
451
281
405
802
243
1621
1163
1867
266
834
617
54
301
495
1065
186
118
682
221
301
76
1524
1790
178
86
1033
322
298
1024
1066
475
1633
284
469
96
265
2010
2274
1594
374
89
1030
518
743
28
465
302
44
605
472
2026
198
236
1396
1656
666
3026
852
1423
2
216
625
532
132
758
2880
1584
1203
15
1214
1025
548
772
17
575
618
420
179
248
813
265
311
1106
596
1769
211
1723
166
974
395
781
164
528
201
962
338
63
523
258
41
406
17
423
219
438
1157
523
2079
3235
1090
958
87
354
880
383
245
526
733
1337
2459
478
679
815
244
744
740
129
661
150
6
495
245
1261
579
243
1224
71
589
434
322
487
272
47
113
429
193
2
210
868
201
267
346
532
44
144
629
529
566
457
1855
56
365
273
521
1899
625
17
530
309
1008
156
620
553
995
286
855
374
1286
254
1139
860
2284
2043
3699
3984
2566
