real_Parameters :  el2 	 failrate:  1	 Fm:  720.8858	 且最后的Fart/Frt:  0.497411202		   Time :  73.6786

17
61
145
23
157
43
139
398
687
709
265
86
910
1036
465
91
1042
380
143
297
1161
1425
222
1089
130
974
900
102
202
73
924
517
262
1991
5
1488
1406
72
1252
2125
564
732
138
1139
1661
30
108
51
2663
589
1478
285
565
912
436
909
305
2048
158
1926
1439
97
485
727
292
1099
2735
187
352
1144
1402
360
924
1241
1960
320
779
1392
443
1232
771
76
442
79
139
236
1363
89
373
1432
898
390
451
196
1213
442
215
199
1102
184
267
124
574
216
535
944
1533
96
495
569
329
800
496
447
132
487
852
690
928
3463
1400
1562
141
27
174
854
355
26
2019
598
1262
1356
501
37
207
505
669
396
279
867
468
472
245
201
710
435
1136
540
80
2550
1004
105
167
995
791
25
1195
326
106
305
9
857
130
346
738
191
265
762
8
238
1576
191
419
42
421
1411
805
353
68
41
541
13
145
314
1435
2505
383
954
116
3630
1314
118
351
1259
823
2036
17
1026
210
1550
1006
245
525
234
1455
875
202
63
523
780
293
341
211
543
94
838
317
753
898
1151
1454
534
566
920
405
382
1331
912
59
166
170
556
996
147
400
61
124
114
300
715
65
1072
908
1050
250
782
291
1282
531
241
712
502
195
158
57
1777
792
498
544
1242
1148
1571
1193
161
57
1202
201
1208
511
291
807
591
315
817
2363
899
169
631
143
389
1725
266
1111
1195
463
913
593
210
533
914
58
187
44
1051
591
86
487
74
73
776
1296
1240
210
184
433
1190
166
52
1112
84
721
827
603
386
296
302
90
45
79
109
300
1319
46
973
1918
2292
355
640
1263
297
217
263
677
427
214
277
251
1881
4101
399
74
693
183
1222
1351
248
2903
624
608
1132
1840
1383
412
56
663
1708
1680
608
179
19
734
2301
61
1780
1069
3107
723
1382
2238
470
1518
535
578
1175
317
872
824
1121
1885
471
134
1235
276
2291
2134
52
1606
351
323
1462
134
802
149
702
1187
278
383
873
1558
288
641
364
2497
238
3223
405
79
77
45
520
439
38
1793
1327
529
316
520
350
114
454
493
720
52
1296
20
608
60
137
978
289
662
217
454
756
471
644
323
279
96
366
1708
225
1243
465
612
174
541
577
549
1369
1042
1976
183
944
218
899
1780
1303
1421
373
107
28
459
286
2650
122
1157
130
651
290
227
1243
1792
342
100
801
34
147
11
1819
1407
332
200
208
247
2059
919
1005
106
74
812
247
1888
282
598
888
369
350
1699
377
526
85
1400
1110
966
211
732
110
2893
200
1011
771
358
1058
1632
760
546
781
344
1060
1161
561
221
67
1195
65
1831
807
192
2200
791
458
873
442
873
342
507
285
1089
1129
472
237
121
115
2398
2242
415
289
235
1730
858
8
2116
224
214
1954
268
214
701
2622
8
276
965
1609
218
614
688
1150
1350
323
512
690
54
2288
312
514
177
25
326
42
1094
291
1068
621
357
798
545
958
1736
54
2147
576
3937
861
823
4
2109
470
343
1079
727
625
254
324
793
642
679
514
1234
870
266
493
415
1243
584
148
1663
2444
232
83
299
416
860
38
1421
1481
865
1431
614
18
287
1279
438
235
1678
44
25
228
933
389
194
4707
526
439
922
616
365
251
948
134
591
540
1773
81
610
908
373
579
1928
1151
410
1324
395
846
399
271
284
582
522
53
609
80
1155
106
122
197
1440
123
570
158
391
1185
289
8
907
1369
1174
46
302
3169
447
1429
527
263
1253
182
256
266
120
253
1107
1004
572
18
1139
179
177
282
209
557
36
201
434
461
1058
590
621
925
257
614
80
30
540
151
610
302
1168
1378
2324
306
75
328
127
49
147
58
1337
100
234
145
7
141
2916
303
739
1291
160
274
878
458
6
142
151
2145
25
115
799
201
586
223
244
760
388
612
217
978
377
848
2757
53
1395
157
13
848
272
1888
554
1021
402
89
53
663
520
729
37
822
127
119
260
1977
835
34
597
1170
77
368
25
124
553
2955
212
254
107
473
135
473
389
459
1450
140
440
198
1063
15
677
1887
1401
1008
90
1177
24
2069
1377
570
314
839
464
4965
27
1631
1302
414
466
611
580
633
204
847
292
843
133
834
274
838
1077
817
1185
11
396
287
434
18
985
569
208
352
43
534
373
2351
1260
214
1247
38
921
115
1682
502
1110
64
471
486
1740
138
1025
449
499
1246
589
680
925
980
247
1046
142
1044
621
658
437
2578
467
202
193
544
9
923
288
243
1268
452
1254
318
12
1438
855
683
230
416
221
383
768
3308
222
255
136
2952
279
98
149
662
843
860
1623
874
282
1662
128
1322
555
820
918
1304
83
841
117
981
1073
669
2438
1668
145
620
53
1719
306
205
503
3
559
592
721
855
922
1033
414
2
677
907
460
1086
113
1401
1081
705
188
3
159
1486
166
396
197
3010
192
683
3726
119
237
112
666
696
1072
312
171
584
2851
71
1037
379
156
276
22
169
62
24
78
616
147
2568
297
1017
1435
148
328
4106
2598
224
481
34
14
9
1607
239
1541
37
334
1878
251
763
1260
19
757
1255
670
155
1624
582
1200
208
546
4118
141
348
25
352
1567
1222
736
1645
1163
608
1232
1061
2668
1321
17
329
244
661
285
1575
309
626
133
457
35
1198
106
1980
349
2741
438
205
1534
80
123
656
2263
1221
857
582
1030
1357
159
99
34
169
31
421
278
797
225
537
184
651
264
167
1323
339
179
590
1434
362
776
1852
105
114
1525
813
123
290
198
17
811
669
1583
74
1974
31
909
20
726
46
588
205
1351
967
302
2155
825
239
413
91
599
56
199
295
694
154
552
514
1104
230
1295
431
258
1131
174
1042
604
564
967
2553
182
2000
460
2936
457
1633
93
418
511
1076
161
62
888
278
1229
797
216
135
584
631
219
1542
788
932
912
2702
1853
1308
277
887
2050
528
492
2418
1791
770
173
218
1512
556
790
37
475
221
1413
163
233
65
297
1938
2
710
699
81
2321
566
328
398
863
501
642
872
59
258
730
347
13
619
504
104
417
33
90
1683
692
3487
222
499
596
580
129
132
1394
1350
448
1207
1176
1543
35
933
249
932
1956
8
60
693
307
471
3093
309
27
1001
1350
4028
228
505
2602
1594
171
412
657
161
970
3482
26
1060
865
323
597
352
240
767
3217
175
2050
596
747
422
323
962
1242
37
262
794
6
2823
465
575
282
281
763
162
398
882
753
331
27
500
224
84
1783
856
289
290
76
1657
617
229
481
18
116
1520
73
506
1369
48
753
4571
1118
10
528
958
1268
314
527
517
1090
776
1011
153
565
323
1397
1812
189
318
474
58
1518
1003
252
936
309
69
189
294
73
300
30
113
1043
2278
796
3588
1127
154
506
547
165
430
337
1116
1643
288
149
658
3265
376
2889
303
103
70
158
1509
80
551
187
209
112
289
573
311
311
1281
612
1648
1154
158
590
1300
213
338
687
1159
1138
165
136
381
699
4888
583
1863
5
95
449
219
308
519
251
259
65
252
3016
648
362
631
407
2613
357
250
390
239
22
2995
224
879
421
687
88
169
192
45
888
1208
864
394
25
1034
193
1264
248
220
825
566
282
1044
597
1116
855
157
857
1006
210
69
1488
763
198
72
800
179
452
527
97
1084
13
457
932
522
450
1911
225
1200
1796
211
1697
343
52
159
47
6058
770
716
369
107
1793
544
2214
264
425
505
1300
711
1520
657
336
994
301
313
3235
393
18
1336
2128
2
298
81
244
1176
2723
406
26
358
1462
162
115
914
411
1194
555
375
384
858
411
494
130
1766
366
2355
839
1962
374
956
37
1090
1372
403
44
82
626
1731
82
315
240
140
312
530
65
633
189
1480
1491
735
455
313
341
1192
809
858
850
413
644
386
1413
974
578
155
708
639
179
132
1952
680
236
820
715
1515
726
2009
642
49
472
19
368
1690
2217
662
58
396
437
896
526
895
516
405
3157
44
104
416
29
180
719
249
1752
358
421
71
184
160
13
297
1650
810
93
249
122
102
259
1302
134
560
399
401
669
471
209
1140
2724
480
137
1214
204
1871
1026
515
122
277
305
1418
534
1576
355
23
86
577
86
599
1211
157
100
898
181
687
105
694
396
1162
107
951
912
586
659
435
1787
43
1060
509
438
148
2332
689
397
1061
342
502
607
960
1357
36
761
3466
39
2290
459
648
266
736
1656
1763
203
249
1041
610
42
115
420
1006
85
2717
809
223
568
2074
317
1280
78
1616
45
2267
1878
60
223
1296
880
733
1616
315
755
3430
140
300
2142
267
47
1384
2588
5
198
545
600
414
762
33
479
44
18
243
851
195
1797
216
237
34
45
1054
1090
284
250
32
195
560
765
1808
878
17
330
991
390
871
386
301
286
614
1430
894
30
1354
268
286
506
1309
3149
882
50
315
388
859
125
452
1379
864
36
254
637
1577
836
1424
1305
314
546
1160
1037
326
24
936
295
153
624
739
662
470
272
88
269
226
17
1462
1032
2494
2
657
916
555
105
2579
669
2490
939
122
591
34
1751
1979
751
1249
535
301
2403
5
95
295
539
33
2486
885
1634
529
661
2321
1545
1140
1170
95
792
785
316
166
283
650
767
463
116
1246
169
328
620
4
534
746
3520
114
277
311
1791
2730
130
700
529
1304
303
342
485
120
833
409
438
107
528
625
1188
3244
85
1011
327
1183
5
14
868
122
1253
634
2159
28
110
1307
577
766
31
194
252
545
8
5
53
568
263
366
132
312
1052
900
853
1340
331
3674
1589
406
78
1291
616
940
1090
404
212
52
750
1810
407
374
214
299
666
623
171
759
4
1073
903
21
842
420
121
214
1
802
7
28
452
60
240
315
2972
909
794
498
2896
683
333
50
100
1498
467
149
3188
1207
1203
210
563
1968
50
451
854
239
1239
763
1160
1267
89
388
29
89
642
2388
1179
1560
1833
1700
1360
1632
1742
926
894
910
98
1181
55
38
726
102
2729
325
62
2048
374
628
390
1460
898
117
360
706
352
388
802
1404
32
411
151
465
830
849
774
1421
356
1011
222
19
264
62
178
2887
932
184
2185
272
761
704
1466
167
427
35
1145
117
135
757
5
457
302
218
81
165
1247
919
567
1258
173
56
560
671
606
85
11
616
205
124
276
3150
143
318
519
2110
1964
168
357
502
291
70
206
1582
1210
440
392
1360
145
383
126
178
134
304
537
952
305
759
294
101
2629
32
920
136
1372
565
805
198
1215
1332
209
2782
605
578
863
1626
8
788
120
326
597
194
36
937
500
1004
14
81
397
1701
1089
309
1213
1504
73
85
274
2081
159
2548
60
313
368
870
188
154
1941
1497
594
52
1778
901
27
397
1824
666
1105
399
843
745
409
595
565
262
1714
863
1321
93
542
489
1619
425
312
693
1827
84
608
1281
2412
247
241
312
476
1568
1877
394
24
130
658
2030
2118
200
508
775
2871
399
1834
424
1377
687
3519
275
2298
2637
1281
1130
603
20
1197
745
487
786
1156
491
129
893
1436
506
204
1235
595
512
173
25
275
691
1884
576
325
1144
933
371
397
1170
144
12
5576
1757
2347
94
902
1241
487
143
1466
728
83
74
825
1992
534
965
983
1000
1017
1185
495
115
297
329
1835
548
3485
1279
340
93
52
318
2671
490
233
238
1101
102
424
2336
2159
19
1220
249
570
788
263
838
558
1750
442
109
433
893
1057
818
1631
161
338
181
1227
94
2142
491
187
655
234
831
1682
655
132
465
1135
194
444
186
1100
680
254
863
210
1525
409
352
1418
213
1108
34
38
74
607
226
34
134
56
254
130
813
1776
1229
1598
45
1008
599
1150
1173
182
125
167
76
97
986
560
2185
1511
1353
2622
738
137
6
1036
220
506
933
2772
374
22
912
419
109
2469
2
795
1012
62
364
701
96
1239
452
51
1283
394
273
153
1972
398
123
1100
182
420
436
22
169
922
1220
63
623
512
367
2308
1594
1052
1616
115
351
34
329
79
8
2023
1289
13
145
195
114
140
260
2962
502
66
145
1969
113
247
1752
216
111
212
80
897
1053
25
245
24
1244
27
1349
863
388
44
287
1315
172
316
245
256
686
704
782
59
80
148
167
627
1092
805
523
263
1693
744
157
1000
703
1508
51
157
505
2117
574
630
675
125
292
652
94
397
1322
1372
477
546
1097
158
237
1014
2464
380
195
70
615
1024
678
467
16
302
861
461
302
613
1496
163
48
1210
687
82
30
904
350
2126
580
1331
249
4
93
109
559
612
586
233
2154
435
560
670
192
38
1049
641
1431
762
686
628
275
740
605
155
3684
2984
110
21
286
439
61
134
1011
104
189
540
228
3479
1366
1268
1428
532
1150
442
61
1879
2007
683
375
170
246
759
256
259
407
49
53
2076
806
303
1132
177
785
415
84
1152
255
688
1554
1125
492
315
613
1215
294
241
1843
426
73
150
1034
2601
764
872
153
877
112
34
278
2404
404
1019
4162
8
1162
668
650
23
3757
519
1466
353
1028
1383
289
4
655
955
1331
2281
17
1317
86
618
1256
705
1139
94
204
3480
227
1288
17
1949
1495
179
509
1280
2763
314
1593
105
248
185
196
855
4380
149
78
676
1797
70
1772
379
914
229
191
966
1115
275
170
786
481
445
446
2255
598
1774
367
798
144
811
91
837
868
1732
1163
591
268
352
566
21
1204
310
159
506
402
196
597
182
604
84
849
885
3319
99
335
606
1262
1502
698
484
2183
2022
98
258
439
487
2783
644
1217
87
1
1000
31
3333
798
604
159
559
1796
69
28
397
104
240
907
337
1609
32
558
452
61
1299
1946
1469
436
251
53
209
207
943
643
245
310
1071
1419
45
206
324
101
19
228
787
51
525
200
94
185
981
71
1197
596
77
1466
431
620
1808
1041
517
156
203
853
361
419
120
389
179
237
1015
14
224
528
225
1277
3073
813
71
515
156
2121
489
1576
42
1225
975
1324
192
1642
1295
1879
930
2020
518
483
214
126
166
4
2000
1184
3051
78
48
1050
1139
148
349
1002
106
2231
1108
1297
4417
510
636
136
292
2399
980
38
50
702
2617
435
985
164
394
134
1312
192
397
211
1019
336
710
385
127
982
948
164
1718
477
488
455
236
110
1503
654
569
274
155
53
317
874
312
713
172
612
209
260
1005
614
74
318
491
89
2256
1849
338
412
1939
881
1664
2534
1833
215
793
1089
786
269
442
46
459
448
481
1066
661
1195
81
745
314
1414
1720
798
472
1222
708
583
266
353
77
1204
570
72
1095
49
304
528
1768
158
6
1096
470
681
128
910
287
66
467
25
1231
2560
701
743
991
1055
55
1552
1535
327
18
195
247
1551
370
12
1441
143
976
129
797
442
197
518
245
666
438
219
544
1713
338
245
1085
465
306
713
242
52
94
141
236
279
66
962
310
1120
30
639
3263
383
435
2145
2165
2495
1316
476
442
634
531
291
2353
806
186
730
887
379
566
833
243
2322
1410
679
4
48
517
2309
2097
206
229
87
643
1811
908
3
652
144
114
19
26
2978
492
128
1036
327
792
278
503
622
237
60
779
41
865
121
47
1182
204
581
2224
437
469
1181
133
441
151
2534
1554
593
158
27
144
695
125
892
87
610
845
732
432
851
474
3014
1094
1159
1371
40
4565
805
1173
651
483
122
32
388
323
74
603
32
393
1375
969
891
397
146
881
516
310
56
183
184
2294
219
167
297
196
407
287
27
903
1081
2070
834
297
996
582
256
760
691
41
2429
419
986
76
226
356
1421
858
1913
5
202
77
416
237
234
1653
329
625
95
3
226
205
496
594
69
749
1685
783
1618
549
1321
1036
720
155
242
1565
1008
157
574
1075
4
367
236
82
634
53
1213
9
1531
607
2304
1885
372
528
1371
648
368
81
352
396
988
724
608
47
66
365
764
1255
1499
835
1391
371
932
585
441
1566
815
2455
524
74
562
243
369
186
2460
388
821
591
377
59
221
222
709
246
33
152
1160
600
785
31
82
68
3275
453
797
318
1881
14
77
2014
592
434
1005
884
356
1794
298
296
177
183
196
1457
743
1065
568
706
410
1497
426
493
51
181
423
276
813
659
75
516
1663
736
1500
934
91
741
1299
613
1511
83
682
1879
734
27
115
448
672
131
196
1459
1053
1914
335
692
341
1219
79
131
163
731
881
325
1000
2722
274
340
3101
99
765
223
30
2
554
540
34
699
522
751
554
3331
1295
1541
1812
1252
67
153
692
31
52
882
1807
2675
218
1000
654
822
632
1888
1880
262
114
809
90
1909
725
703
560
1068
1381
80
268
573
477
550
32
196
978
12
71
2672
281
344
540
205
78
567
86
162
148
170
176
571
1410
359
619
113
140
1912
142
244
704
477
22
922
755
993
356
1622
1056
487
840
999
314
3130
285
462
365
753
2050
421
72
142
1206
1642
31
430
480
1006
595
790
644
581
1185
295
169
239
1111
65
1615
1338
788
1177
1217
964
281
730
86
552
231
446
2600
6
292
87
861
155
316
1052
160
175
157
3190
283
2898
868
140
433
518
2272
903
140
256
506
11
2199
393
293
675
9
320
62
3679
1605
686
2111
3
1494
917
131
1497
179
129
648
1539
649
1305
58
1485
468
174
591
748
1569
60
317
147
655
377
486
797
94
182
280
247
110
870
510
3467
1554
306
743
781
405
1405
1842
421
344
82
3702
903
171
518
753
300
471
2223
359
248
2025
279
1188
385
4357
376
769
423
592
579
763
140
2696
697
430
17
782
1098
629
65
97
360
2862
142
998
957
1169
6
1045
280
335
226
877
840
244
319
1828
151
1041
146
565
218
682
1891
1264
269
396
258
542
82
371
1240
3557
312
1542
521
1165
68
3901
298
1499
138
542
40
1535
71
1271
268
1289
3588
17
42
468
527
345
2004
175
755
182
147
365
307
253
273
905
924
174
28
692
1653
324
42
1499
211
741
782
383
169
375
622
267
408
136
863
873
736
851
235
1417
180
480
706
290
448
480
2663
262
4
5
22
3233
888
564
670
1183
262
1118
840
1334
345
272
2538
838
554
512
640
192
742
362
2079
1268
1013
672
428
309
261
183
591
685
400
206
2177
81
432
726
247
2330
688
56
522
847
865
112
359
140
185
280
1102
225
730
160
965
1936
71
110
352
51
39
406
703
642
284
1122
501
556
434
105
560
1678
1277
189
626
102
932
2901
35
1044
720
457
331
157
243
471
222
698
568
257
2824
729
860
1601
33
24
164
312
70
443
1623
116
12
170
814
247
512
258
414
167
1842
502
615
217
179
27
1533
161
22
1203
56
1372
878
519
2023
565
157
212
1035
329
542
904
203
1037
330
651
437
127
2
534
311
1532
1648
396
109
1332
1324
1348
484
482
1594
2355
1064
2915
597
10
629
1552
6
806
48
24
1716
82
398
241
759
507
112
418
766
251
719
477
1778
462
114
746
810
1211
81
180
949
141
81
2596
817
49
790
63
105
1069
1083
492
51
526
281
1690
3
229
127
112
536
177
67
157
976
1491
420
428
177
115
109
32
2692
1993
1441
228
233
471
984
9
114
707
1402
795
1310
500
324
109
253
446
1163
2151
1602
200
391
907
1660
91
214
256
1726
1584
268
653
1313
1402
365
718
2245
80
119
791
1243
229
1689
2309
413
834
1087
304
101
521
191
609
1601
27
264
339
625
756
707
176
562
1359
357
28
1169
3212
1093
553
894
170
1081
908
378
903
176
1025
32
697
1939
221
642
413
493
504
98
342
253
1331
198
116
9
108
2183
254
440
232
97
1698
140
19
1931
1243
59
22
704
1304
819
1286
56
866
370
192
3284
1309
28
53
634
678
564
98
479
340
734
506
454
291
38
197
585
332
95
303
811
1465
585
2268
914
495
421
644
78
859
120
616
127
1423
2153
175
1168
1017
589
1966
456
243
255
2719
58
443
597
420
478
922
725
6
381
145
87
411
318
227
1537
502
205
119
3787
542
67
384
101
583
1023
114
1407
7
806
163
1530
137
212
121
403
331
1131
516
740
713
184
319
700
1226
673
703
103
696
2085
101
1485
1323
301
69
1023
320
101
62
170
128
257
147
3369
973
230
577
1496
593
799
389
235
665
148
1004
32
691
2632
885
354
791
359
247
212
549
605
278
403
343
1510
271
1065
1175
390
829
1126
709
1659
956
101
608
228
352
234
20
122
993
1041
1009
938
494
460
740
1443
816
871
1775
284
413
199
368
369
2002
165
188
3400
1713
511
179
183
725
177
604
181
68
1398
432
242
929
1036
1192
61
502
92
77
39
657
353
604
1654
140
922
1313
807
1998
294
2140
202
1561
150
1976
257
468
173
1095
742
1797
55
1348
786
11
257
868
1744
39
246
396
505
1699
361
214
719
712
239
204
2149
589
243
1984
1395
385
338
1153
149
202
1958
2076
1205
2148
618
73
72
124
520
407
308
597
206
772
447
732
825
60
4210
832
703
2277
557
345
73
259
320
2292
1817
614
80
190
4461
69
1198
1526
1692
395
126
341
644
1022
325
90
798
117
404
377
1602
98
183
425
352
505
622
199
419
1675
1216
80
78
922
1237
441
766
584
727
645
101
1617
1595
72
531
76
80
26
773
1123
98
283
972
126
36
1379
417
1219
427
1587
202
402
98
179
196
1448
535
443
733
127
474
146
46
201
529
310
446
77
322
145
532
105
1560
485
1046
219
711
670
325
2476
543
910
171
808
63
1580
146
1151
178
694
260
1438
230
472
1851
1548
2444
3892
134
669
866
621
496
387
32
1120
890
2398
217
916
2298
100
764
171
69
630
237
1316
1791
32
251
375
1235
687
189
14
41
2620
1556
2296
265
90
157
1925
133
91
313
673
352
93
808
1493
730
357
3085
544
2341
1897
149
370
102
2629
949
250
586
180
654
377
600
63
540
11
936
783
194
729
487
270
2018
1065
253
10
809
60
458
1055
959
253
1189
255
481
148
1280
1971
492
85
409
407
12
1698
648
212
302
370
508
79
559
391
311
542
1003
794
911
771
1706
130
34
1649
416
452
1230
506
1490
182
836
220
25
429
2030
1081
27
951
260
477
376
115
85
1057
294
870
123
469
504
1743
750
595
84
756
579
267
1278
1736
2974
40
223
3227
132
1103
106
513
308
711
178
368
328
1295
218
1205
216
460
731
1505
3071
1818
318
697
85
397
956
1100
125
52
5625
673
1719
254
2489
992
556
25
109
1251
138
323
204
411
856
505
1882
1009
1081
187
463
978
394
996
1115
1435
2843
1407
850
784
119
15
1693
925
746
209
1568
173
505
357
1865
306
70
815
1220
1431
393
20
102
81
825
299
1466
250
418
1245
91
1120
511
436
518
86
1733
963
71
131
1427
1351
437
695
655
666
604
1413
47
561
2370
23
830
189
1258
219
1180
236
264
933
1320
193
232
1202
2124
8
761
1162
15
10
633
1710
176
29
164
812
1391
259
540
979
71
120
463
206
1483
294
147
373
770
109
204
1619
457
159
1001
82
1726
283
155
513
921
577
582
351
428
20
1040
449
667
617
821
196
1353
104
771
136
151
34
105
104
540
100
265
183
509
110
639
78
2061
233
211
258
2574
392
305
154
93
1321
810
832
1389
213
148
693
1269
244
774
333
77
1091
1938
25
2357
289
326
1651
1350
209
1949
292
557
33
741
83
206
242
934
586
692
449
156
214
169
892
792
34
2019
236
1089
345
1826
759
197
1432
602
1216
180
38
205
702
131
1880
55
570
975
941
281
825
476
831
181
857
264
1583
2561
14
1155
677
27
631
110
269
298
361
856
2022
167
108
409
222
94
3188
329
1597
238
807
364
742
1544
781
14
121
330
1507
701
232
423
844
196
1562
123
400
947
1905
228
38
4086
139
1721
105
486
195
639
222
92
404
1701
188
29
96
1381
185
616
1579
4
11
312
1769
495
1231
898
380
494
343
149
365
269
513
821
957
2245
118
976
579
161
236
35
817
252
2166
671
752
224
346
82
181
152
67
732
224
358
48
19
45
831
161
237
710
1449
47
412
2836
611
566
82
26
379
827
269
2715
143
457
67
754
627
390
65
419
845
1658
392
435
135
1908
304
575
822
748
1034
350
272
1881
285
2601
203
952
518
935
104
2309
516
275
300
162
40
1025
67
715
78
640
520
957
285
2890
1831
2833
2605
2221
104
726
2348
2059
124
18
690
396
1623
602
331
278
310
89
1413
1949
644
890
382
27
980
1878
715
282
599
657
2763
217
527
1291
608
1286
204
276
683
561
253
330
1485
689
633
3054
510
1325
1829
1087
1554
572
1012
337
1664
1172
212
115
159
79
5
1201
2945
91
19
774
880
732
246
426
85
753
1165
228
292
616
272
153
1726
219
1154
711
2585
201
828
1344
1080
922
355
214
182
1684
29
670
183
221
217
877
67
1245
112
4139
2448
801
1
229
334
664
389
361
489
181
172
309
731
193
1850
297
565
911
695
592
226
433
1583
720
219
695
4313
221
296
140
1770
237
1498
2904
1520
1798
1716
5626
