real_Parameters :  probks 	 failrate:  25	 Fm:  1346.9592	 且最后的Fart/Frt:  0.5212732104		   Time :  141.1216

85
91
121
283
336
416
491
358
636
643
528
532
716
548
1572
541
1606
693
318
799
1841
45
1983
1669
1726
485
919
223
363
552
1248
2326
75
1268
859
341
1382
156
1008
1526
1032
1785
1178
773
711
689
2956
976
943
1119
1756
378
1566
709
11
35
2073
425
496
2586
553
75
1492
1698
1179
1033
1568
1002
1186
405
2539
1803
203
3382
838
2096
1373
891
1385
2336
1661
1493
1869
1199
911
569
141
121
555
1351
905
3763
429
65
2776
1172
348
3226
643
1323
218
243
1518
1431
433
1449
1042
1451
1626
793
79
328
101
1308
561
509
2472
275
1595
729
1559
762
2399
3769
948
619
699
339
2039
2468
2636
2106
1936
1033
672
819
1391
1186
2731
1261
132
1491
122
1515
1911
335
472
1632
3118
1905
1046
1166
1131
195
3423
1078
2358
495
1356
943
3945
1108
262
1013
396
969
1491
3381
992
985
1846
1518
59
1945
3933
158
1919
731
888
685
596
193
4656
1321
509
3025
1303
1159
1326
1155
2641
566
2129
962
51
829
549
1279
1166
1511
1216
133
1186
1471
195
3213
429
3428
31
486
583
249
383
1779
729
1012
49
2412
1543
138
1165
2013
421
193
875
1828
823
476
651
676
2051
831
1228
1668
2333
1638
1185
956
1676
476
2906
2833
913
1822
33
2453
3493
2202
1081
1019
3896
1443
848
2323
1023
441
486
3578
606
626
1648
2501
1581
1211
608
2998
5069
2203
1552
1761
931
2345
3838
495
2005
1028
3738
419
1292
902
2575
988
1663
608
1619
1372
136
811
456
759
1198
3098
2459
162
3343
1403
1209
25
1115
1193
1596
401
103
1299
92
2092
719
1492
331
2198
1843
1245
1793
235
2632
3183
2923
385
4449
446
2041
1376
279
32
1181
2606
336
1501
2169
852
1085
1481
2775
165
886
1195
1868
542
1611
1781
181
3002
556
1739
1391
1009
1245
2455
1352
2211
249
866
1621
2645
705
1452
188
1936
2779
423
1616
1808
243
1043
273
1929
2892
1571
1439
2162
643
1998
936
729
3018
2813
1485
882
199
1839
1356
405
2408
1268
125
1851
2082
55
1571
1698
1631
1539
2886
1438
232
815
1159
3889
3211
2191
361
1071
192
316
552
505
635
673
2318
2201
1125
161
1711
109
1191
715
1903
1835
2078
323
1628
1511
1068
1642
1303
5148
2389
2802
2262
898
3819
536
48
1592
981
1813
1251
3068
1193
1106
539
1918
523
686
575
88
38
93
1823
2732
332
2272
2076
2491
701
2882
2271
1036
2779
318
652
2651
818
1962
322
1059
793
3176
3298
2008
1833
1691
2278
2075
1346
2021
1592
791
419
2489
49
1802
1996
1405
641
978
1995
1173
502
2048
418
1082
426
429
1625
705
1991
1026
1888
919
943
35
791
1018
1356
3603
1322
3298
545
1559
499
148
509
1101
451
1245
985
3496
795
1786
792
1268
1038
381
3243
2221
2073
168
1679
2119
286
313
158
1668
742
785
239
46
1503
368
1422
59
1698
2672
183
303
1898
1502
3701
1683
263
2558
578
401
495
1598
1752
2172
728
942
2093
1036
1371
1635
1755
1679
769
326
43
433
2781
296
1073
226
1371
208
1458
476
323
469
2426
65
2656
2669
3376
1369
1788
2133
1423
1306
1651
278
1301
2156
1663
41
2041
2652
1741
1366
49
1213
281
2975
2758
531
496
641
2122
1018
983
693
15
2902
46
1593
829
408
1473
2461
208
2968
232
856
2678
1715
385
1356
2238
2858
773
429
2843
945
2109
971
2763
1698
512
492
833
1922
3222
769
1405
1928
112
522
3753
379
1933
2171
2123
1015
2263
2005
1118
1259
2283
2263
563
1158
2748
319
1902
1096
219
1891
1166
592
2793
148
1345
3278
976
1523
2253
26
149
215
66
72
383
1878
119
1185
59
1998
218
1801
1736
1323
1072
253
512
1383
212
1492
2229
2442
789
656
102
2222
1429
1043
2235
733
1703
1631
1618
1165
1035
1455
63
3926
1953
438
728
776
198
688
1339
1058
3591
1693
568
1126
281
6946
1148
1661
2626
2136
2472
3218
198
719
1336
2492
1406
1452
2068
3405
85
739
1666
1032
1451
8
163
1428
2083
768
1476
223
239
383
785
149
1526
1009
2602
1178
3061
1995
1349
189
273
783
2149
863
1931
2503
1349
548
2258
333
693
3518
641
1626
2582
4178
1555
4392
2092
375
795
221
1082
835
53
2276
542
332
1192
852
2691
951
1191
121
2576
645
513
105
703
3478
2373
1019
2366
2323
525
126
2802
1032
1916
1309
1543
1548
2166
2239
205
428
1599
5743
2435
386
2388
1425
1579
1379
3285
311
1753
1393
973
1061
2938
493
1462
856
726
1705
2052
1796
2022
1243
4046
1205
975
3715
2043
921
566
1151
356
1432
692
2075
219
2419
4602
632
951
1589
51
1812
2098
542
2172
875
1221
2305
1336
2356
1159
1282
1548
153
1811
346
892
1706
1945
875
1208
4575
352
1929
672
15
2221
582
4105
292
1009
405
2278
1456
973
1039
3
359
1485
2468
959
1086
3288
549
3611
135
912
782
19
913
1983
1281
892
1569
3511
621
1528
159
912
599
2761
785
873
852
2368
569
1539
971
4223
1701
643
523
1488
1468
1043
1671
783
1833
218
2931
536
2238
1735
939
186
959
465
129
3565
2183
1179
2235
2258
1758
2419
951
2503
609
1009
52
3192
1539
371
939
1108
798
1261
2098
553
1678
488
4302
616
2699
338
2502
1289
1981
132
241
2122
1093
215
369
2106
2062
85
2585
1725
1176
1601
2086
383
1188
3702
662
3468
925
2523
365
486
1503
1028
2123
1163
1766
65
1691
1488
591
1048
279
778
1186
489
258
631
1021
38
3166
713
266
2608
436
2666
459
78
63
1195
1731
393
2361
1598
555
3232
1119
1021
78
1389
2833
871
168
553
966
136
143
429
1336
1462
236
229
1448
2048
425
2323
2318
1976
738
315
2888
578
1245
1668
195
53
2436
2446
386
3228
2115
2002
1778
911
2482
3879
2279
2632
1632
2363
1802
419
2452
3228
1836
2336
598
1318
2301
426
2101
1306
693
1585
2211
13
1249
283
612
333
249
358
2045
181
2753
579
752
1703
1165
1893
1215
178
2281
1568
186
385
1415
1401
865
865
2873
402
793
19
259
3458
2671
1182
2869
3993
1001
1463
241
1221
2808
4922
1046
2372
2262
5881
962
636
1059
3661
3208
722
1075
959
153
2186
2636
121
2566
756
1755
1651
1391
546
1712
728
108
798
1669
1535
1513
1073
2732
13
1741
2232
872
2942
3816
656
861
1582
988
2638
1466
1431
709
581
2592
869
466
1121
91
11
39
991
205
1029
1209
1745
588
2501
915
718
1143
1808
1655
345
1618
2018
643
1623
1473
91
1756
1651
815
1075
106
1023
646
452
1946
515
421
72
1175
419
3568
518
1165
366
2378
2551
2013
1132
1911
879
475
83
1045
1466
161
2155
2651
378
1996
2018
1038
2635
811
1641
425
1719
3709
686
229
331
1242
819
1715
312
2979
1343
448
2821
195
713
141
761
1111
1896
1693
906
648
1235
1913
806
3351
305
1459
1188
375
69
1725
291
1691
843
958
1041
3003
459
1761
1778
1528
1029
148
3212
1753
1336
421
298
2982
831
1681
725
1423
526
442
3073
2876
1966
1699
731
101
848
2779
462
2025
3218
1485
186
1181
491
669
1755
845
155
1241
2981
1441
816
212
619
662
1105
2179
1039
4245
1402
258
1045
972
729
1116
743
3578
1605
323
2725
2469
822
521
799
95
648
2423
1415
3332
2098
1612
3206
3006
678
1686
2763
2051
1122
253
1751
1589
1863
949
316
2355
5295
2638
631
1353
1769
501
2043
3978
1696
1023
1258
1323
2582
22
1365
1023
3652
596
2542
2438
1432
922
1198
245
1112
2585
1671
1991
801
2336
199
2241
383
1836
158
799
431
476
1209
1053
1331
59
2262
815
621
2026
1256
103
2729
1846
3156
1625
962
1701
315
4176
981
186
1562
245
262
1846
3599
1441
168
2049
1928
2771
1075
915
286
1403
1521
1033
1676
2582
1591
2891
36
1049
1472
2436
902
1008
2382
361
909
1769
903
2079
1741
1136
1029
1023
1875
1172
786
2288
1935
96
2455
1773
1861
1335
1335
951
13
646
91
1345
1726
1941
1071
2348
2295
2148
3768
1986
612
1043
755
411
569
1319
2199
576
116
853
369
748
358
1156
1428
62
1898
915
699
1526
1421
1605
722
338
1529
2033
475
11
825
1732
549
1348
691
2432
1449
765
388
3231
1303
1433
2535
675
1893
635
85
1082
599
3948
326
888
1516
2502
756
1035
2091
648
2828
2048
3473
509
2659
751
702
1496
2518
152
665
2475
1711
741
1341
1621
1315
1266
22
1082
2959
1586
872
1582
1686
1739
2212
1353
1758
615
349
573
2522
1578
2199
2125
262
1353
1438
2466
1752
1465
3156
3161
802
32
1435
655
1392
691
581
646
929
106
1063
5
1226
3249
3356
1776
752
732
545
2579
573
1392
1538
1685
1135
1158
1476
873
208
1855
1678
2356
2236
2536
2308
216
281
842
808
618
2353
1081
1056
512
3141
2073
468
3752
459
541
269
141
2249
2086
1191
1378
803
1373
1696
1706
1639
1103
641
186
38
365
4632
539
638
1246
1849
1486
239
1765
193
616
1666
1033
46
2819
241
371
1642
1868
512
1935
2975
2142
1576
385
1131
433
2051
112
1861
45
1265
1235
2381
1192
782
1493
91
806
1296
256
3262
795
4178
2621
4172
809
153
3268
1773
1508
3571
906
1501
2071
4406
1138
2378
2533
1013
1589
622
528
62
1875
66
116
371
1139
2831
1622
379
1253
1525
1468
3852
2193
288
1743
183
2875
711
2605
746
1071
481
492
3158
2409
602
533
2608
71
431
2413
821
1798
2283
1563
559
886
1298
2831
1051
1105
1502
1129
483
1965
622
586
2678
1472
259
2282
749
1333
1423
2149
2452
1178
448
1762
1146
221
21
405
941
2271
2228
232
133
568
1551
1069
1531
1086
3435
343
771
463
2106
3626
1063
1006
2246
162
1621
272
3265
59
2393
209
205
675
311
1421
75
1432
4623
3239
828
1963
889
288
368
182
461
1606
99
1261
1953
1176
1425
2439
1381
129
729
1462
2785
552
2319
5076
1268
591
1416
1976
1406
298
1303
4548
648
1683
2011
1648
1723
1275
2332
1212
1193
411
21
2019
678
1325
1578
255
175
1583
1539
989
21
165
1971
2162
343
19
2308
349
1098
1913
571
438
72
175
1808
1863
253
1223
911
1149
919
1211
681
741
531
2063
1779
2338
988
1152
369
375
2623
1358
146
689
1291
1618
365
55
925
345
888
1071
441
95
2642
431
4086
1463
742
1271
1451
989
1068
1996
1559
898
2311
2419
1669
1521
1051
1562
429
2032
1242
856
609
1552
1018
711
1822
1078
1419
2371
1331
3742
1569
1619
909
371
2271
849
1203
1243
905
1818
1196
2063
1518
1351
1548
1292
2743
105
1269
118
1799
4049
1671
295
1408
1049
1638
1188
2596
253
629
1813
33
815
1409
452
928
3351
355
2868
1389
2082
1288
1451
1428
2022
3155
1923
186
698
1121
1556
1806
3091
641
528
88
1412
2139
1302
785
2468
592
1143
1296
2731
1321
3419
2733
2203
2298
721
2189
1106
2675
4136
1771
945
2806
738
2445
673
843
556
2026
1903
1768
1385
1948
858
611
1423
496
62
253
732
728
1263
49
58
1209
432
635
81
2463
2596
1442
1272
1621
2983
773
452
651
895
1121
1533
402
2211
678
758
2362
1565
722
1908
2759
28
292
2986
191
426
2303
412
3189
32
2482
2546
2462
2091
933
1253
1208
1766
3095
2185
989
696
22
755
1031
1371
932
3478
1009
1601
811
4215
832
531
1533
1641
1891
533
312
906
3823
485
472
2206
459
198
1116
508
2622
1073
853
3052
1685
1201
513
1399
872
2269
1236
285
2842
1886
3353
759
196
2141
1351
1856
128
446
1372
1361
316
1136
432
1271
1526
638
1262
1241
776
523
961
1739
596
348
2988
1431
692
1896
1311
369
3092
2081
2285
2883
913
4091
913
249
312
2752
1015
2995
1001
519
686
863
685
541
1778
531
566
1253
2112
1083
468
2703
1496
41
236
553
1238
1725
2215
755
1851
1429
1482
763
13
1381
2193
896
1712
442
1051
1606
2481
1315
601
219
641
1188
911
1602
2229
895
1248
3686
955
1066
1273
125
43
505
4685
2068
918
1286
1243
1351
493
3083
532
1376
2212
443
625
761
1153
2786
169
109
978
103
1682
4538
355
1818
895
616
168
615
1418
663
1685
542
323
1242
1298
1505
929
653
1142
2636
1298
1272
26
35
789
1042
712
1016
1772
336
342
1368
112
3748
2775
651
1225
2766
169
1081
1526
738
609
2629
421
1141
711
393
829
1973
3233
1659
1102
185
703
2731
393
21
1068
1452
961
1273
2326
1901
131
162
1021
1166
1943
738
869
3671
161
2278
1165
2583
1229
899
1012
1195
351
1199
121
1091
1719
1901
352
2416
1368
2391
329
2135
3208
1719
1066
685
1053
143
1948
258
559
612
971
273
3356
2135
38
2543
843
1409
1206
878
28
558
545
261
2298
1599
1458
1673
2758
1443
1256
2848
1918
1756
235
1949
3598
2833
3082
1098
1006
2148
789
3013
1025
2575
1828
1581
311
433
822
2283
1272
25
791
973
2382
1782
2188
1772
618
215
761
458
126
3193
743
139
1746
652
1768
1039
1631
625
1095
498
1048
1429
3431
1523
868
1483
729
2223
2932
833
711
2586
2013
518
179
809
2396
1318
1562
2538
568
579
1473
1173
1073
115
302
381
789
1602
142
1155
2363
1212
131
1089
1231
303
555
151
1312
1538
815
4356
151
1291
403
261
318
1682
1406
809
2402
849
2379
459
349
456
139
1496
409
648
469
196
1109
1861
892
1051
912
873
1003
2039
1208
1206
615
659
839
2165
716
748
2191
2102
1266
78
11
2736
831
1015
998
1368
3213
1743
2055
421
2081
1741
1413
3058
815
592
236
1331
2311
1035
1208
402
1423
939
1879
3668
678
575
1212
2618
1525
1939
3438
453
352
1659
3002
1501
1401
4041
2152
119
538
3763
945
1755
148
372
386
889
135
1816
425
2022
3093
1468
8
2068
2122
1783
699
3162
1112
1789
1078
1501
2015
985
1355
541
438
422
562
476
2178
733
1215
978
1403
2179
2765
622
892
923
786
3148
2638
3195
41
2158
636
976
1462
166
2872
591
2788
1361
986
2282
1052
202
308
659
2793
673
678
109
1749
1241
708
2172
1808
2005
2702
1085
1341
2339
2266
433
602
511
1093
3889
2049
1949
241
1388
816
248
723
9
1136
1368
2516
1672
1253
4766
566
2611
736
3222
2162
3533
9
1549
213
1618
2445
1258
1429
1016
1968
951
245
929
2542
526
2339
188
2809
1211
1865
2469
1326
1168
589
3048
269
683
2602
82
2009
762
1478
1509
2329
1531
4309
1141
1965
1348
1532
1301
1736
1048
1188
643
1263
2859
638
65
1138
1143
1452
2736
461
3801
291
1323
1551
261
2139
692
2169
1928
1919
3851
1279
3638
2418
1482
926
958
2581
516
1319
2235
1262
1015
1093
2288
2808
2499
2405
53
535
1481
2652
2123
2686
1496
1362
3569
1939
2385
1412
829
839
1623
1166
1141
1225
1338
931
946
348
792
409
3228
2209
1062
1306
2046
1135
361
1299
1403
345
289
1509
549
1695
165
1389
1541
1495
375
1035
1039
3696
1689
3053
509
728
875
338
1701
2661
1631
606
2823
468
1316
4043
2631
73
1089
871
51
669
2011
533
788
1723
1042
335
299
1392
2528
521
2548
225
306
215
1205
703
412
115
439
1065
2035
403
1941
1706
1958
745
1279
661
2403
1865
789
1879
913
1038
2665
2712
1958
1502
1908
248
2361
1866
268
1035
3291
3548
701
1235
625
1823
1146
1246
146
96
1228
1041
1075
739
1871
681
992
738
678
233
2795
1826
3139
1405
1885
441
3145
889
2499
2389
1776
2745
2583
469
696
2109
612
662
3519
2915
1641
1802
633
78
345
1478
1479
593
868
1825
2728
589
808
1195
2369
106
9
1661
503
1781
588
176
2302
2695
2696
679
2201
1466
2445
966
2413
2946
71
1838
2181
336
2818
1201
1726
2148
1941
262
1645
2302
731
4238
693
98
121
49
3511
826
351
1485
1793
575
2463
2069
1576
373
2661
1023
1065
105
1158
1663
151
1456
2283
1
701
4821
1046
3396
1195
2141
793
1861
1189
89
586
1559
246
1979
846
1316
473
812
736
2199
95
1102
706
4948
3992
1569
646
1238
2388
3079
1121
1945
806
1573
1282
1482
993
1662
756
2602
656
1019
332
855
1859
2691
2279
2842
555
1862
2562
2093
386
1195
353
83
279
1512
1458
285
1623
1613
362
61
1145
63
1131
2925
639
371
3042
576
1886
578
81
1351
1795
842
951
1259
1261
3326
756
845
93
1075
1172
1122
849
183
606
508
2398
849
2638
2075
1436
1035
985
1499
256
332
651
2542
948
871
136
3186
2986
1231
562
769
455
1142
502
142
86
1372
1659
1243
2259
721
683
972
2363
1621
421
191
1896
599
348
1571
2558
96
2186
81
242
2223
1948
1379
556
3262
101
159
3786
2421
826
2311
1038
613
3559
1059
2416
351
2826
389
2002
1256
549
2691
1403
498
2019
3829
312
2409
933
1972
962
765
3176
98
4293
3456
1175
1725
1683
1975
522
695
1141
1989
2556
2806
1192
1621
1663
3202
171
483
2353
2039
2801
2853
83
1178
926
95
1382
1535
166
1742
2409
316
7579
411
51
1825
272
713
2061
723
692
1819
236
2181
2368
2248
45
3841
1252
2881
573
2875
3206
1162
871
2291
3196
298
112
2105
182
961
1486
328
239
1152
1622
1848
1712
1356
2185
832
3263
693
171
103
1432
1323
1053
1246
2158
2569
1442
363
996
385
119
1395
2641
599
1732
1401
1036
3102
1128
115
122
1262
2146
663
1263
1046
3321
1089
1598
499
512
2621
1562
451
186
962
1146
2751
51
3962
1471
85
2031
2943
2053
461
3291
569
1061
402
93
3105
639
1759
3
1878
2021
231
1346
2146
2029
9
2058
2406
2399
425
2176
3
156
1876
2125
1383
762
2206
1619
1865
319
981
268
1536
2839
353
699
189
401
8
728
435
1148
983
525
212
1725
1105
2678
458
1875
33
1422
399
1809
405
419
962
478
48
2253
1048
1785
2039
796
1642
2578
2248
531
425
728
599
2281
1799
2582
259
3802
1191
2312
1195
2628
1179
1678
1652
2481
1872
2068
483
889
352
3003
156
3709
515
2306
2259
1132
3236
749
1532
1778
101
585
2386
741
1573
1595
1836
1222
246
441
2233
256
619
2808
606
1573
19
923
1489
1221
2426
871
175
61
425
1188
1703
771
478
1878
99
818
449
93
851
798
2826
1556
1363
1596
293
1323
418
1223
2291
1549
129
6
2033
1632
1985
183
1369
533
255
578
1055
818
663
2226
136
3151
1951
2716
265
1933
1769
2356
1715
2553
862
638
2231
2266
695
131
2505
1419
1721
723
592
1583
2735
913
1235
348
856
3883
246
1509
1245
762
2339
173
2995
929
406
555
1301
829
286
3069
612
2083
2108
789
236
598
3006
1442
1978
652
948
1141
828
695
629
592
1116
1386
568
2182
721
1366
1023
1331
655
1181
3281
885
1426
543
1692
2078
1658
2622
2205
1196
239
1446
2833
176
913
336
232
1285
2019
1975
9
1606
402
1036
1622
1015
775
2185
2362
3506
1306
155
2665
891
1215
709
799
689
2393
1101
1123
1561
782
2889
661
679
2892
429
2061
1816
1795
2073
419
669
1759
778
1366
1086
113
2398
261
2243
521
146
1033
102
2708
3063
2416
1358
2073
345
795
2619
396
4636
1951
1411
1085
1326
1128
1126
793
349
1835
516
499
822
1311
202
235
1119
1298
1136
1868
1422
2298
2021
1095
1732
859
181
322
2251
1968
2773
2958
2449
1665
2433
3975
515
83
3308
922
2619
1993
1979
1201
1891
1522
549
115
195
3513
2808
1708
3285
2635
1726
2206
923
1222
575
979
1651
1329
1255
906
1139
1139
328
238
452
673
531
532
1483
675
1231
1289
3101
916
1182
1118
1292
1073
1273
1921
719
605
1175
481
796
2546
895
2135
966
893
1781
2982
1219
825
663
1099
1346
3966
15
1561
1639
532
405
1332
411
2529
449
1691
713
365
1871
1783
798
1309
1298
1833
628
571
1815
653
676
999
1683
892
399
768
1085
3896
155
1833
1579
2145
873
2193
2775
115
675
1395
599
682
698
2188
2069
2462
393
1971
618
2488
2119
1081
986
1859
708
635
1463
4376
1799
1452
1325
1671
1803
2416
72
41
746
871
915
1866
926
2686
2088
706
636
1803
449
1896
51
2225
3156
796
1492
1789
775
1662
563
1905
1743
148
1726
833
1113
778
2609
1278
5489
2066
261
3276
559
1322
2483
846
1909
232
406
1079
235
1751
1368
1168
998
2538
1805
1675
772
503
196
266
1191
226
1549
59
489
1588
1436
531
348
2778
585
246
3869
3163
171
71
402
1221
139
1682
3351
868
1495
115
2509
476
182
575
3115
203
689
422
959
42
1388
2049
1563
1159
2353
666
1399
2899
196
1771
299
183
1755
1531
3225
1262
32
82
2446
438
2471
2979
1162
385
1098
589
289
886
1641
2631
778
231
1309
1241
909
715
1003
2381
2081
215
1355
743
881
2461
1252
746
1561
662
1502
2226
755
15
162
328
3633
4725
1776
2272
2675
2843
1728
1408
2058
368
1945
1941
408
1063
758
3955
722
2152
868
3039
2088
18
1043
348
1049
972
359
1185
1842
2246
2655
288
1888
423
1748
2239
173
1068
453
2472
1099
2349
112
216
238
961
171
1572
1192
2519
2669
2213
158
68
1349
778
1372
1763
222
151
703
369
919
342
31
2359
1595
589
1872
125
1429
3503
1176
65
258
1225
226
2476
1905
21
2428
875
2128
426
2295
715
2375
389
1121
2038
951
308
1025
398
4459
2938
1479
1846
829
38
2679
718
195
313
1411
2511
3703
3599
812
375
1229
983
1548
925
435
638
1036
1501
2241
2475
459
49
922
2926
838
1843
2161
508
2226
1309
1921
1528
61
1401
191
2098
3528
413
1141
2256
608
3183
1549
1253
362
216
78
1236
909
1573
1051
346
4096
1018
1249
328
239
3075
3121
2702
2959
1578
1033
2573
1331
3721
781
1753
2566
501
535
1115
603
809
2935
1488
2311
1466
513
93
939
16
773
298
36
1661
1089
1485
1529
3662
693
613
1
678
732
1652
2358
791
1049
286
2452
649
98
128
499
1215
33
72
752
458
1472
563
416
1276
2535
436
199
2945
962
425
2261
681
1215
1213
2891
758
4496
231
2452
1136
1296
872
3885
1619
1901
1893
2983
2742
1253
1251
2463
1286
2589
646
1043
1602
1151
1763
1112
2242
1332
741
1696
1816
443
305
975
92
566
2529
52
1395
2506
1261
1089
162
1143
1789
1325
1935
725
1865
1945
1649
115
2065
1456
72
83
1622
273
951
545
855
303
792
2606
719
319
563
703
276
209
1921
1746
3932
189
26
1448
2558
415
1513
719
1698
123
611
1376
402
2191
2751
828
1472
551
1561
79
29
1301
2458
1289
22
1876
1091
1162
1975
638
2435
1395
992
66
1033
466
1145
2521
1001
1806
2059
1168
748
1295
292
1705
611
2729
1016
3223
741
1801
1701
1583
765
166
1293
3483
331
1909
3283
3423
1389
1661
2722
1889
91
1663
118
353
2063
1981
4959
828
738
741
702
335
611
395
1171
62
2553
1692
75
1411
956
1092
1271
2263
2175
3849
1676
919
6
1516
1336
611
1071
1179
92
945
539
2405
148
2532
1313
136
946
691
1549
808
928
808
1901
1403
3128
3782
56
1208
192
1585
308
4868
1159
998
275
2053
435
3093
1748
183
943
2901
1592
2011
1382
2783
348
468
4326
859
783
4322
1072
2181
1685
1005
365
1375
416
1855
778
1151
2346
331
319
1772
531
763
985
4171
2726
262
3422
2406
2408
539
641
1771
3138
1691
262
1998
148
2181
512
942
4019
1371
1681
2202
828
2586
1885
1688
131
1281
1321
1689
4018
1329
1672
858
526
2799
435
968
1041
98
621
1259
1389
486
782
2008
213
426
1698
416
2463
1012
1072
1636
3539
1789
852
139
3121
1616
1185
1268
175
653
262
413
1728
1703
926
785
686
1369
61
305
93
1453
48
1472
1369
822
169
1802
882
396
2115
159
33
173
435
1129
656
2975
2309
2068
336
1623
501
2241
2276
681
2626
453
1053
726
2425
1553
731
1796
636
318
2595
1051
2431
1001
1566
578
778
471
1636
999
1056
1286
1395
2199
1415
251
1199
1031
1362
1281
431
2598
1262
1799
2555
961
1246
1166
1788
565
1058
2798
1588
175
469
1553
1075
469
659
991
2126
2065
1861
1855
309
159
1085
1409
1458
3758
2189
269
473
2125
1775
2166
409
3066
193
1096
2013
583
615
2101
2275
2059
3355
3275
1323
945
521
236
139
961
1253
1189
316
1429
1009
195
818
1841
1331
1039
392
1332
1223
415
2393
708
192
2733
1356
195
665
838
3872
282
411
96
2382
319
1342
313
1919
476
1283
3101
1025
3875
2092
2738
1662
2832
2306
3188
678
2518
26
2438
875
566
2969
18
398
521
41
1748
2752
968
3729
2116
88
876
2153
1302
732
1323
2371
1221
2821
966
2053
2155
1265
546
2289
2935
239
2468
1865
1511
1722
465
158
463
1615
1168
2382
1671
449
2699
851
1081
2426
2012
416
2612
1731
1795
1411
708
1133
3092
686
1712
469
2965
29
1105
1993
1175
2109
1173
1599
378
556
11
1078
743
1901
215
1336
153
112
1913
915
618
1855
1545
961
1669
1553
176
785
683
949
205
1288
1829
4145
1439
409
429
345
3391
1301
826
4126
1439
2986
1373
2202
625
969
2662
965
2261
1185
732
1656
945
1703
851
696
1018
2382
736
339
465
1522
949
1806
1059
422
1785
302
3363
2743
292
109
313
1219
1581
29
773
126
2322
962
1613
41
769
231
1845
1176
971
1958
831
872
3762
1223
498
406
169
729
422
1395
132
605
812
1848
539
1488
336
689
1412
199
1308
2041
125
1131
1032
1379
346
2479
1259
126
2218
1046
2702
843
1529
361
125
2489
1739
1576
671
1923
401
1439
381
5178
1143
303
1092
881
466
2246
1175
2732
123
229
1005
92
1813
1813
1483
2821
1715
726
312
2966
1809
3278
1408
1716
1611
3322
172
2681
1156
282
2538
1903
3191
881
2925
1405
4403
2706
1682
5562
2452
1559
1625
162
1503
1042
2552
553
18
316
2336
135
1088
1065
942
2839
1192
1691
112
2911
1459
3001
255
411
1409
306
2136
1238
678
791
573
2795
922
1393
1542
1206
4992
441
1021
258
2546
1636
3145
956
1048
726
1936
43
1833
1188
742
1489
1615
1711
4256
1311
533
1136
85
1896
681
333
973
868
518
1636
1586
1565
275
1263
368
1126
1211
2492
366
478
263
1218
1325
1826
198
1315
42
25
2238
2219
1529
4801
1141
252
145
2696
1356
411
1588
1199
1268
836
1745
189
1842
1816
2778
768
729
1371
1093
1043
1563
2496
343
1845
1423
1929
3206
961
235
3583
703
1252
2453
979
1681
3018
81
148
919
238
2175
1996
2493
2143
1
458
1715
448
758
949
1315
1076
1195
508
235
769
329
1605
52
871
2636
3135
1291
278
1996
1968
2878
2159
1959
3128
1789
763
743
688
846
861
2062
768
3623
22
939
1243
1476
1432
642
1243
1563
2808
491
1323
685
1109
3293
101
862
1473
2333
1385
1253
3165
866
2061
178
4101
1425
49
1358
258
1106
3792
1556
385
212
345
393
1091
2009
2279
2273
1355
1395
946
105
1806
415
743
461
2325
476
966
1635
862
69
1558
1132
2155
1305
1369
1299
2136
3385
2615
4096
