real_Parameters :  erfcc 	 failrate:  25	 Fm:  941.0832	 且最后的Fart/Frt:  0.5401817568		   Time :  65.1836

196
375
521
511
12
546
335
345
19
736
665
933
1023
136
155
936
929
1231
385
262
702
1562
205
266
1673
1316
773
522
1596
1161
1846
366
755
561
1149
816
245
721
39
2043
825
291
106
582
226
1669
955
1489
911
818
852
523
65
23
1671
793
662
933
1815
1239
578
362
863
1755
362
1482
26
1529
955
608
741
1302
1731
462
818
931
742
82
1022
1031
1191
226
1348
1336
1966
1869
509
2361
552
32
853
1908
696
195
195
605
1399
1322
1519
1792
903
82
8
501
3293
188
822
675
208
96
823
599
1255
333
1185
1279
489
2929
532
513
968
206
839
93
641
976
601
813
1956
2455
311
2581
1469
1079
1229
131
519
139
471
25
461
793
1598
632
302
609
2465
1752
789
1521
713
1212
1219
45
503
1026
1085
581
379
821
1382
818
605
1448
76
365
932
536
382
66
145
1436
876
716
273
1432
1198
305
456
833
159
618
1005
649
1105
173
659
1068
1252
741
1149
2931
1318
541
853
1049
1141
2562
1699
616
772
346
832
692
369
1395
465
539
1345
1211
658
1249
656
203
1279
1156
432
218
2492
863
51
1811
368
8
2043
1553
613
1143
1228
2169
56
1265
1128
876
553
229
678
79
315
682
1459
473
1982
2191
1063
2081
221
511
1189
1815
1318
1226
1045
542
151
1356
2235
698
1321
605
672
2195
283
302
1679
2321
913
655
1843
649
182
2113
1583
1058
1236
1926
1378
448
769
338
391
273
672
1352
321
1331
226
1853
913
222
818
76
1368
389
166
851
1403
1196
153
1185
1755
275
1911
665
565
423
498
778
392
1472
49
628
1161
885
1351
368
1286
1671
996
1075
573
1939
1478
808
1481
321
1623
33
783
452
1468
71
1086
673
191
1735
1076
595
755
232
1688
1693
103
802
258
1216
2223
98
35
915
211
946
98
886
552
1086
1502
1595
1202
375
1351
1218
1065
235
1075
2203
521
2501
105
1879
945
1009
663
915
792
923
182
1453
3805
108
563
1259
1206
1708
901
1166
1018
252
1171
2118
819
571
1465
1183
1075
143
121
613
1821
1903
1183
1863
923
1839
3761
379
618
915
893
1071
1256
475
1112
361
775
43
203
1209
9
1059
102
79
1238
1975
426
1201
1639
1719
686
5
969
858
396
218
155
3
165
2071
1231
735
2426
856
2476
2363
643
59
179
933
531
2338
792
301
159
215
668
1379
885
601
362
689
232
1102
292
1405
39
1929
281
99
391
1545
1112
2021
1695
996
432
816
492
122
1163
296
351
2405
325
962
2435
808
1288
343
1705
363
682
493
1202
696
466
1286
396
881
1262
752
272
872
1711
418
28
278
222
2392
968
1325
318
485
1301
446
1186
339
1413
788
442
602
566
778
731
1603
1506
262
801
818
2658
1279
1078
545
872
1118
685
312
939
213
513
1289
1342
428
389
2792
415
1889
208
1321
1145
1212
482
845
1252
466
263
568
938
1341
689
611
1542
1175
701
949
1108
1496
1656
1735
895
722
396
2779
165
1833
1508
191
562
1935
243
972
1088
2189
1078
63
829
343
1488
1135
392
1053
225
653
339
1122
1675
531
476
629
698
715
401
1246
41
63
1252
648
42
688
221
3109
271
378
199
1145
861
3872
679
639
1482
385
822
1148
595
1809
1955
903
908
626
1302
576
596
202
913
326
535
528
1265
366
335
1396
962
1398
718
1432
2422
682
488
1241
621
759
68
12
733
536
1551
282
473
992
493
926
1629
161
762
1289
172
3113
131
931
1921
1418
166
162
393
252
406
1133
1098
1328
1099
372
1535
25
2188
831
2669
2135
372
968
2378
418
1026
1948
1816
1375
175
2636
241
1892
125
1919
728
43
1012
759
368
611
68
1378
751
1063
609
1721
1076
2116
645
1782
141
359
659
1262
973
439
73
966
191
1436
1143
72
536
212
571
198
1243
859
1155
1132
1329
456
415
1858
31
153
1405
648
341
446
613
536
65
2542
623
886
373
1458
486
786
458
1712
251
881
768
1142
1173
549
1959
1385
959
1111
1526
1292
21
1006
1575
73
2402
648
1181
163
615
591
1949
165
242
628
282
1635
975
1419
653
2539
811
238
131
442
1156
841
553
1626
1243
998
1802
2318
673
1012
1889
8
1233
469
2562
116
13
1285
251
405
652
1041
1685
166
596
1161
1576
642
305
2462
129
1025
519
1405
1256
793
1248
166
1188
1765
28
396
1168
1329
626
583
1218
1358
1479
1086
41
919
628
1142
251
169
602
641
109
192
2171
723
1169
105
1082
282
162
2246
1542
1091
655
722
725
431
122
173
1036
998
2068
821
1009
19
251
1795
906
695
73
2066
153
3
119
768
811
895
556
233
449
152
688
506
425
312
1113
1496
16
3308
2348
1431
1438
1581
1541
2055
1992
2235
761
46
446
233
355
1066
792
1968
25
342
1712
1838
296
113
2616
1733
728
1705
1101
542
1432
2086
1049
241
346
1391
1515
31
1631
1301
1431
459
45
421
155
315
1749
141
923
25
129
579
2066
606
208
783
1803
1051
3455
643
569
1929
351
933
85
83
1359
962
478
1362
688
269
966
225
2843
3
795
508
432
2022
1066
939
731
2028
1463
272
876
1653
406
1533
112
179
1326
258
2288
842
239
2249
932
2531
1419
2166
1466
2723
2035
2672
1481
2691
488
1408
1063
618
1591
405
128
1302
692
588
738
176
1362
422
1868
1892
905
1355
2182
59
1251
192
1526
353
522
519
103
1103
2029
435
975
621
1559
891
1575
495
486
75
595
561
2092
815
496
128
1202
581
1269
923
1343
235
16
1469
1436
635
1246
633
512
2329
493
1206
1421
771
2985
965
639
1425
901
1912
198
33
1431
516
749
249
2051
672
1515
1368
386
1435
1122
22
496
266
571
286
1775
1446
63
346
2482
225
562
1512
319
969
1862
641
3269
238
2305
92
1933
8
3025
728
102
1399
743
669
122
141
523
768
336
699
478
1565
966
182
1108
538
509
206
613
1485
1192
129
1469
23
761
1196
813
376
1
438
1651
4222
1579
269
1215
1369
1645
1496
1221
1549
193
465
336
1861
241
1068
196
652
1633
539
908
1032
1251
786
1658
1129
2065
436
1016
913
519
2433
759
746
831
36
1602
393
686
1236
1003
173
1285
1825
445
578
1755
1178
979
52
1202
1185
113
1223
2256
895
1951
1071
743
772
586
236
589
686
23
1412
1209
145
1089
301
1436
872
1075
1139
586
38
541
209
1063
1756
1199
2502
1245
13
86
1466
765
951
198
471
1329
128
2852
1051
188
1518
1113
699
13
226
1241
835
1226
745
201
2535
2231
566
1058
1106
741
678
1619
1456
1208
675
1468
2168
1571
1306
1576
1752
1451
595
939
735
143
1803
13
775
705
372
1226
1079
996
149
1739
666
1605
1231
608
1575
1396
843
419
1635
518
532
1133
972
735
1031
425
41
498
2419
826
1076
1078
819
616
1882
616
738
439
621
703
113
1593
1726
889
81
933
1083
382
283
481
291
956
2626
1635
773
235
1759
2243
508
378
713
1632
591
1223
1625
445
1601
1165
123
596
1893
398
1055
843
2455
545
445
1732
2566
899
1601
1265
2025
1215
313
119
218
53
1163
1272
782
468
883
1289
708
1862
38
2119
749
1851
516
1111
165
592
1153
122
492
2859
1528
55
1313
331
382
486
793
638
203
968
72
2216
58
1641
681
373
1612
439
505
1109
1339
201
262
1995
1379
1452
679
1155
361
1405
1282
1521
251
1309
249
2371
1958
309
1229
39
612
483
889
199
2603
1042
865
662
2203
66
1346
13
18
88
961
819
1362
858
813
1072
772
1356
172
783
1592
679
1226
969
1691
1461
152
1395
1551
2508
523
325
1278
1775
701
152
1328
1225
1236
1276
1046
1773
1105
1089
292
1578
942
1831
1346
608
1625
883
1275
312
621
2242
818
1458
1968
785
2699
428
1096
1652
1499
2499
819
511
1556
2489
362
629
282
2471
758
1163
376
235
1156
232
131
666
776
116
1155
935
498
1666
1363
649
2036
198
382
48
973
376
15
895
3
942
579
51
1668
1076
2238
198
228
2346
1095
916
929
1008
509
25
916
1415
778
56
572
955
591
1425
1753
2255
1398
112
1855
1922
573
198
753
848
396
828
1006
993
1503
629
678
789
291
3392
1156
831
469
1846
1138
626
311
343
152
2378
2392
1709
879
799
455
1342
108
982
932
1115
1056
32
708
216
528
1466
1881
8
2681
1132
62
1923
109
353
592
2428
1009
1838
1555
518
1263
423
1823
1848
732
1891
2109
101
352
19
439
1726
616
1342
2155
656
688
2189
835
276
1989
345
782
1218
325
443
1659
329
2043
353
943
1182
713
401
663
201
465
81
389
1651
375
1239
1345
1271
2026
1348
48
1781
926
1413
689
2025
138
1401
46
166
242
836
939
1308
661
791
1291
1045
841
1415
983
2459
2012
2359
421
661
1715
1715
1098
228
1613
943
276
303
448
1763
486
546
386
1385
809
359
1326
885
246
638
1129
932
791
1235
299
2249
748
1095
281
921
641
1836
166
1659
1652
746
918
969
1866
883
55
32
2165
1211
322
82
1759
9
749
1702
99
688
1302
1365
1159
2738
216
119
231
1005
1819
1049
1851
292
109
1031
3329
1009
1171
919
1068
2586
218
525
741
212
2046
826
2253
1393
2516
131
1399
1083
1129
2991
1092
493
1278
425
995
916
849
825
909
1138
453
31
2073
106
1751
1032
1669
1821
173
2151
846
536
606
1115
126
1191
1973
11
1132
405
818
648
345
142
232
213
258
771
978
1991
1799
572
801
208
83
2463
462
1155
1368
976
471
826
948
269
2021
1752
813
2042
952
555
971
6
585
969
115
1409
379
1405
115
1509
1113
812
2619
955
723
353
1572
712
2128
1751
1371
385
1938
366
145
621
1232
1769
146
1099
2343
3363
1035
351
531
1079
1275
1119
821
415
889
858
478
1391
15
258
1675
3
2411
2723
1529
315
1082
1193
851
308
1009
1021
873
1736
258
335
1641
431
1596
2708
1336
506
871
748
1305
441
148
929
159
1336
255
16
1535
356
1918
336
1036
2281
143
478
153
333
338
1949
138
656
35
979
98
3595
371
2398
849
1255
293
482
123
506
1059
2308
863
1259
378
23
1152
1373
1806
723
571
1618
52
1109
489
353
183
825
393
505
369
258
528
1161
1501
171
869
2209
293
26
353
258
525
2036
2629
456
445
1163
1393
402
798
43
799
1869
1959
1222
386
1321
73
429
421
361
1963
1202
1182
1302
1122
128
232
1033
2176
878
176
382
616
1298
2156
131
396
186
1412
1385
651
315
411
306
202
1656
1521
1106
1513
1432
2006
519
161
272
1439
1833
1669
135
1761
951
722
963
598
242
241
35
2452
1061
139
709
23
1556
331
1572
491
595
452
2536
225
1592
1125
88
328
1319
561
1168
143
708
372
741
561
52
165
925
396
1581
942
478
116
1583
561
1455
178
1182
1213
621
743
856
913
859
1883
706
331
96
1758
541
731
182
629
1656
1239
2449
1401
1976
286
1372
58
955
826
416
318
1095
422
269
1929
191
581
1215
302
1673
371
871
319
708
1651
2868
1391
2198
533
1033
21
1375
516
503
295
1229
3432
38
572
1579
396
281
1215
1479
2403
589
1002
1308
849
1146
271
1591
69
339
1318
1521
46
1559
1518
776
1375
446
1826
39
1489
1079
155
231
243
1595
39
1208
1073
1245
925
1282
1088
1149
923
916
132
878
438
825
926
619
902
893
2402
171
1048
1729
71
1865
1145
583
1278
463
1235
232
458
663
588
1616
2348
169
1165
1141
43
312
1136
28
302
1203
936
491
98
2279
728
1809
305
765
848
356
1576
1252
1299
395
862
1931
809
1219
98
1918
899
1643
62
2686
1573
2928
2121
688
1068
608
1382
1971
116
1
1111
1842
52
1353
346
703
408
495
903
959
461
49
1611
1756
1632
1481
1028
968
665
1542
589
611
1346
2616
861
132
861
646
506
361
268
169
585
1075
1213
975
1111
1229
59
2518
672
881
1445
2232
819
813
532
1199
1169
863
729
112
129
2263
1756
1223
508
562
459
865
716
1398
319
73
1072
466
59
1012
1828
169
372
2552
761
541
153
201
546
969
1482
2099
158
129
153
1481
1929
1102
1419
2365
1725
32
933
758
389
781
765
596
502
2398
1152
695
608
599
1176
1469
2916
775
792
1061
315
1129
1771
1519
2238
1952
852
133
241
53
39
1293
992
843
2192
2425
2578
1345
155
1136
2149
2345
482
1105
348
102
1271
1455
1986
1009
41
9
1308
195
331
1013
936
2165
611
1076
2265
313
386
1745
132
1275
2812
561
1275
351
741
1191
2015
346
769
536
739
942
28
445
268
762
1759
41
973
1701
1213
193
941
2173
293
373
332
1155
563
1606
76
78
1186
1892
632
842
4573
295
1421
656
1808
655
2165
6
75
1482
321
1445
1116
1623
1093
2091
1608
931
206
1321
728
226
1788
832
119
661
119
1653
136
349
1562
992
1178
92
986
1025
2591
1281
169
333
1458
1036
1558
253
112
431
1105
293
559
2166
2711
143
769
2373
316
1686
1258
888
1155
606
485
1525
696
1232
573
305
21
13
195
272
88
626
731
2319
1479
588
426
472
1102
885
649
1945
3176
1529
836
226
1026
2015
1059
1193
1311
2266
715
428
188
1179
1522
441
835
771
951
203
3505
551
69
1635
1429
765
1019
302
1175
479
832
892
593
771
736
488
658
903
32
2321
1112
139
995
268
2313
2971
72
726
1186
266
401
818
2333
393
289
215
408
2609
483
2139
1702
1033
595
759
1148
879
573
86
838
1521
606
948
668
1125
895
893
22
1221
643
1441
1963
939
1549
511
1322
279
402
752
1266
1348
525
138
2033
352
1572
646
721
279
35
1242
288
421
1979
826
406
389
1861
1241
1136
2085
299
732
2373
849
431
33
1258
623
111
1042
612
376
1706
1356
513
342
528
1326
2223
723
196
852
26
436
1411
1738
602
893
86
612
503
802
812
803
1486
618
399
1365
418
405
1448
1322
102
1365
1121
549
2119
978
1056
1046
1333
1356
601
25
413
1082
816
958
828
1405
1752
419
1005
316
82
453
282
1283
278
552
819
1708
551
739
383
1512
95
665
458
463
448
1151
668
875
928
108
922
388
845
1085
1478
501
3575
116
743
753
188
191
1373
558
953
135
611
901
3015
908
939
152
2115
1365
1092
1299
33
711
1119
798
1571
958
75
1873
919
21
1769
728
275
595
583
315
919
631
1415
261
548
968
1406
658
2085
2585
1111
1265
239
1059
745
612
982
1425
75
1395
623
25
1679
831
233
441
881
809
1231
1163
212
1119
113
282
303
309
79
481
1976
551
1522
1295
1978
1393
1141
732
992
25
643
512
1026
3131
9
469
498
688
43
902
1253
716
873
1195
1563
1292
1725
829
712
2839
185
992
1125
458
759
78
706
91
595
98
1722
225
515
1606
1026
265
1129
1548
1328
585
1318
512
505
151
666
1256
515
1331
2035
1549
1266
843
908
511
1921
303
1823
338
858
692
1126
1086
2256
2835
872
288
2358
1066
281
2312
45
1395
1083
1259
1923
1649
1788
1351
436
235
806
265
181
146
915
931
378
2493
366
473
529
793
632
813
2972
433
642
1828
593
1059
811
505
1001
1811
1395
1401
706
258
1205
309
832
1593
623
1096
843
32
188
963
2446
1118
775
1172
1811
2961
1328
962
613
1571
563
29
1289
1063
662
193
671
802
1663
455
568
749
1406
318
623
85
1635
115
1445
331
28
816
2196
1321
1908
1686
1066
386
1029
873
1113
2329
166
661
1999
459
1382
1199
93
1815
845
496
1163
219
151
1555
1686
1905
89
1239
395
1249
1299
2071
443
841
199
985
1893
1956
2085
1953
1378
883
431
835
743
1086
2116
418
842
895
2492
1451
46
2398
376
438
79
1092
1232
706
1355
801
999
516
1463
472
906
1251
1078
218
1376
176
278
142
635
633
1016
702
272
1288
935
215
1765
1209
248
445
1479
1568
1855
742
296
361
2075
1068
899
1346
212
1448
635
172
209
1225
916
1105
1243
45
1589
583
371
1351
1155
768
1861
383
35
1456
1785
542
1376
892
1795
1489
2583
841
73
691
331
3
2235
752
1363
813
3136
221
651
1609
1663
1372
126
1113
576
1185
2803
416
475
512
522
1735
1581
373
928
259
1066
158
709
896
331
405
803
1088
191
1022
1039
779
2201
765
293
636
899
889
393
161
449
1193
673
128
1176
1558
1472
1551
439
1256
1332
1731
1146
1409
582
1118
1302
1173
578
383
1199
49
746
2711
1799
1981
4229
1202
2059
283
992
2618
1468
1689
182
1385
1056
773
521
953
523
743
386
1343
1578
176
588
1222
1068
1426
273
1662
322
1672
2358
1255
2625
2303
526
1109
8
35
1725
198
929
1691
2021
1188
949
283
1159
433
389
2072
126
511
498
1381
616
1195
363
841
1212
33
2121
646
22
872
469
121
238
1055
931
1336
419
1242
1542
373
621
1
661
689
551
23
271
1849
432
525
248
1105
1042
566
1315
159
1471
538
143
86
652
101
526
1068
136
405
346
2145
939
763
1832
783
869
1019
2676
1922
1186
1061
56
121
566
682
1001
403
406
188
3613
2383
472
3669
553
678
132
1173
63
242
899
783
1346
21
4161
1241
1025
123
1281
812
1971
485
1006
1006
1816
299
2446
669
772
153
821
152
79
1571
479
421
2185
1563
1062
1229
1005
576
1535
2492
912
521
1048
706
1235
609
712
1035
255
509
855
1203
1279
326
755
1251
626
919
326
699
529
396
1895
1456
1601
196
1035
671
185
712
76
963
501
11
183
396
1238
392
768
1046
99
563
1829
1662
58
1326
242
242
51
1362
1322
739
1438
503
533
1096
1743
802
145
533
728
96
1683
862
543
218
1648
1296
52
852
2076
2512
1333
755
1476
28
1475
693
378
511
2131
102
1368
1122
161
399
1366
1095
398
286
253
2095
1129
1202
578
1536
1215
722
1798
981
1462
165
989
128
561
968
42
306
1421
726
735
75
59
1033
1645
512
1011
1111
186
708
2289
2373
1526
678
2815
1122
242
1215
79
561
51
351
913
1045
922
1
836
146
716
1129
335
1759
1432
582
283
939
988
75
726
2531
1519
1606
711
728
592
383
4283
568
293
56
652
308
1052
418
1858
663
935
2806
1955
846
285
993
1131
1178
1136
2061
1038
511
385
1385
1452
791
838
1636
195
1553
16
1686
405
83
993
309
232
386
1083
1125
178
1018
1339
191
2283
1005
361
519
1278
225
642
763
1566
1175
1376
98
775
903
761
305
463
98
1325
1446
525
1181
1002
648
2111
1146
263
116
345
1113
1105
606
1971
1305
925
2653
2041
1553
1053
882
1166
1325
245
1491
1136
801
313
499
268
339
1052
1132
1563
1705
713
373
52
842
129
726
659
975
678
2218
349
301
556
1148
1309
982
2448
518
548
852
212
2109
1355
862
1241
83
2045
685
1275
779
3
3735
36
1505
1618
826
673
2408
1009
429
1533
28
222
226
1018
816
1343
1478
1075
485
1139
3412
1326
752
296
978
1251
1292
592
859
1135
479
733
106
781
2971
525
782
658
811
1691
1846
1305
898
616
1189
1126
446
332
32
771
653
1618
786
1596
362
691
533
2059
1682
463
225
76
458
1213
1305
1278
1276
26
2142
813
1052
659
582
2246
1143
1361
1662
342
465
1152
1699
606
938
241
1182
302
1368
1751
2011
299
1403
1338
259
979
799
618
492
298
1165
742
942
1043
763
666
436
1493
1468
1938
1856
2491
405
1129
65
431
201
233
313
339
1271
966
985
155
378
722
1015
779
153
372
528
78
515
448
115
1479
905
862
1483
1466
379
1545
783
125
1281
456
251
275
833
868
1393
1903
193
38
145
302
409
1573
635
922
2872
2759
1055
172
2379
911
602
1149
142
1653
132
1031
1816
1433
509
1006
399
445
996
1711
2709
513
473
225
1696
259
506
1759
1762
1153
541
2218
1202
1012
1365
1316
281
735
376
1613
478
62
1562
1259
426
248
322
1003
1558
1171
1051
16
818
1659
671
385
655
1822
1155
1391
906
1353
308
761
848
1348
753
241
323
751
256
1391
1505
1636
1163
281
1206
128
1461
452
75
1972
861
1382
738
1036
993
1913
1118
402
416
1291
185
428
985
2659
1705
272
722
1511
142
759
939
873
351
603
2019
1761
989
53
139
172
1261
949
1678
1005
733
801
565
325
908
1072
778
1273
816
636
1052
2025
756
82
1003
825
116
1442
1306
602
269
218
96
285
518
1059
485
1079
242
438
1009
279
209
168
1653
1788
366
691
1261
153
79
115
828
866
828
1593
28
715
1773
559
962
628
783
2003
1329
992
725
1262
486
1018
559
341
961
1758
1515
2469
601
166
473
2303
631
482
508
1083
261
362
1336
615
326
33
845
1861
711
65
123
459
695
849
1031
19
609
596
1331
2689
3129
1169
648
312
326
189
1039
512
1198
842
389
616
1326
1748
809
2428
2152
1103
42
1719
495
282
1849
455
476
1733
331
2245
178
961
69
1056
62
19
2393
141
1661
1268
101
578
563
296
129
748
1352
1355
525
1932
1211
1843
186
1718
252
223
175
458
243
1978
448
701
1151
1779
1386
3026
1411
805
1025
1301
1443
1165
678
882
618
1376
278
158
823
175
285
196
898
2331
121
699
741
1233
803
4249
1098
762
1139
2022
79
623
503
1042
865
423
1291
223
1031
876
843
161
1982
1192
278
518
2185
768
139
271
1135
1025
448
573
1258
2309
2273
1508
1086
776
1015
741
2176
125
45
1098
1219
163
268
799
113
453
1701
282
611
39
1228
759
2362
1011
1925
1363
818
493
1209
669
483
196
422
342
1201
789
379
1415
2046
686
603
901
2025
585
1938
1321
1509
43
333
685
648
1822
19
628
148
659
1019
13
1903
659
562
281
376
1831
1465
772
2872
1745
1188
279
641
1276
408
1263
701
701
1346
696
289
182
1445
526
2699
459
339
55
1206
1329
161
443
165
938
2878
1492
886
126
1146
1683
1706
188
595
108
709
1525
372
1338
119
1175
1025
733
105
369
841
282
1676
66
3
149
351
1948
1463
1145
1099
465
49
121
1358
1612
2012
325
566
816
1546
909
1156
1566
352
248
2273
313
36
26
1749
602
619
1128
656
826
992
1641
59
658
22
798
1709
1331
258
1408
1562
1055
1469
133
315
2131
758
662
121
1752
1019
1973
2703
1655
245
365
1945
492
1563
1201
498
68
356
711
1449
161
708
969
83
878
2155
1446
3272
292
1619
1195
509
218
2545
1409
251
938
1038
889
838
615
518
141
1106
476
935
463
1853
85
1319
2075
1426
735
686
508
798
1165
615
1583
2259
282
1693
1302
1115
2828
353
342
1182
805
683
1131
423
285
1673
668
21
2508
1352
138
885
271
609
1721
1442
1011
106
1601
958
331
1671
61
719
806
142
35
55
491
648
1971
329
1175
1645
1106
136
289
642
855
838
1595
166
1449
1239
871
192
1228
1173
2398
711
1369
869
249
862
339
875
268
581
1412
59
1598
739
268
943
195
1218
1992
1453
871
176
849
613
146
968
1113
1228
363
305
983
688
873
661
1475
752
56
52
493
996
565
145
1552
2468
638
665
1898
252
931
822
2401
1106
496
2015
219
23
659
1041
13
512
1452
3
109
2359
33
1083
391
143
119
402
1149
626
2519
245
1846
1041
261
1735
103
671
121
465
816
489
175
391
1246
228
606
1325
1865
635
855
1762
1833
1088
338
362
851
725
248
1083
422
2123
1339
1811
1203
671
791
26
1221
811
1091
555
111
848
2839
1199
951
352
765
1333
108
733
688
1626
1118
1239
853
422
2153
763
2568
316
1221
1005
55
1016
383
1329
2112
762
206
166
346
98
1945
1742
211
951
1032
986
259
1129
1628
506
3403
3271
829
23
273
1856
3329
241
869
1659
2482
816
1928
1299
643
313
1539
829
676
1061
588
535
701
542
939
1459
1463
1802
1952
1268
1319
646
313
1818
311
1972
401
428
798
1366
1182
533
2066
109
743
1061
488
81
522
1542
901
648
753
141
2283
2872
749
342
741
1192
933
896
268
793
1008
131
2896
879
2131
1746
716
679
1601
1109
78
851
263
1095
156
372
1702
1288
565
205
1096
232
1092
748
335
1552
789
2251
456
812
733
126
249
481
548
393
741
1156
1366
1291
239
1903
1611
1079
366
1251
2226
459
343
446
443
485
666
519
2918
413
573
1192
596
1126
541
1928
171
408
636
773
1562
901
172
85
2389
633
449
349
456
1103
153
88
3269
486
1308
1532
361
715
475
621
1108
1143
2313
632
3665
895
1172
1872
2051
906
628
1109
703
1176
933
1238
2652
798
242
291
1623
1036
351
299
11
306
841
1233
991
488
2411
1228
2238
789
1152
18
325
1946
493
1139
856
275
16
1245
1628
1071
1353
863
652
978
1931
1333
259
1891
195
1461
28
888
373
1329
1935
732
148
469
151
1728
2218
1041
808
1026
513
35
12
1542
743
888
2075
586
36
623
459
693
129
269
122
1052
1545
1542
38
203
188
273
253
163
376
1909
932
738
1525
86
1483
723
1012
1355
525
749
368
762
1249
683
243
571
363
1498
102
12
848
1315
2028
776
1015
1083
1918
676
2146
1562
1596
225
568
199
419
2062
415
742
3061
149
1105
1685
763
1581
1111
245
482
1648
1721
271
326
1553
1063
496
1723
1202
518
472
1152
761
2146
666
592
1615
463
96
1768
455
96
3489
1472
491
423
756
703
1039
1012
382
2105
115
2756
1445
2986
1356
1509
915
998
1302
633
821
322
2371
336
805
1655
1153
775
499
988
155
865
1139
1442
1382
612
952
399
342
43
2243
42
28
1388
939
541
523
1523
59
1751
726
1565
965
89
325
15
708
1096
892
298
1392
583
669
1736
1618
259
781
669
463
113
1682
1885
971
402
435
35
915
1511
538
683
1626
568
638
3246
918
356
172
433
2006
1932
986
1145
132
1073
299
503
29
1316
631
2088
1931
228
1025
2785
369
906
1255
1202
629
409
1159
1419
939
698
126
971
2098
821
1803
1852
235
789
2795
1766
509
2133
538
141
585
283
722
138
1346
645
781
9
636
373
1269
873
941
113
266
399
483
2359
1209
519
956
519
1096
2342
1113
1775
943
2046
291
1005
816
679
298
969
809
3101
925
175
1669
2578
678
136
2813
673
855
2159
278
952
1043
236
1196
713
949
1248
1091
1402
2502
3442
