real_Parameters :  el2 	 failrate:  25	 Fm:  574.2452	 且最后的Fart/Frt:  0.39622918799999995		   Time :  21.36

12
20
204
226
153
415
639
140
641
402
369
951
139
23
1
1263
1273
139
54
698
333
1441
77
640
185
98
57
461
658
194
172
477
1263
1893
287
1973
785
405
81
680
312
1310
252
164
630
112
1484
2056
119
457
186
102
181
615
510
562
227
360
151
586
51
204
23
74
478
49
506
170
23
1051
1320
3
868
141
494
470
1739
1994
898
354
1506
1351
772
2
341
2572
562
267
597
3175
919
29
227
51
276
135
1320
481
466
1236
383
259
13
501
73
93
923
1476
1212
864
6
235
147
473
174
823
316
635
1012
129
335
31
1543
544
540
480
105
665
952
464
419
143
60
123
799
264
449
177
245
487
1878
416
508
862
687
178
437
1880
685
1003
620
187
250
122
772
335
494
89
21
61
127
876
680
323
974
276
8
528
251
521
214
507
1845
1062
946
100
393
472
19
480
783
909
382
237
1009
279
58
166
415
1043
47
468
765
1599
374
1365
1190
984
332
197
1216
321
1213
795
440
670
1388
1633
128
10
462
84
29
156
54
733
615
1181
628
1968
277
257
93
204
694
3746
69
481
1013
23
237
516
173
422
947
731
4
1147
79
351
480
48
1867
834
1451
427
61
1853
1132
519
448
343
199
761
258
566
219
949
1739
52
741
1173
182
90
519
168
4
211
86
83
240
1144
334
260
137
557
266
161
262
273
373
752
616
1272
129
211
636
959
207
301
393
2
376
91
279
43
1203
597
1674
761
6
1831
1027
31
619
39
303
586
515
2556
920
279
830
82
101
134
2778
3126
203
1047
60
68
199
253
233
94
106
997
1407
2988
23
935
249
273
2101
248
426
626
611
568
145
508
2223
596
39
191
537
87
71
510
1493
41
206
2
156
1574
2151
106
322
1749
568
936
397
245
3009
637
818
390
428
201
62
123
166
796
279
70
131
831
94
857
1161
170
850
69
698
601
372
95
123
1124
1792
164
612
693
262
172
307
51
45
1443
12
104
441
40
177
137
232
20
1938
93
1968
690
82
261
198
877
1298
598
268
135
3
304
124
1190
158
1194
474
154
13
345
826
976
252
140
510
1661
647
43
62
633
357
395
272
228
74
253
1513
985
378
1931
411
1742
70
336
50
48
457
160
298
1247
1805
197
90
1876
1589
639
107
930
127
1056
653
1009
292
895
2190
711
389
135
1109
59
1025
599
24
1711
418
140
194
290
2103
649
4
83
641
287
174
1026
915
223
1384
364
775
369
83
701
68
19
203
328
566
2
799
1159
447
316
94
366
682
283
936
237
143
785
144
1735
266
386
930
501
160
31
391
332
1244
18
2094
354
106
81
460
930
1037
1630
126
10
849
12
1132
347
70
776
1024
22
699
898
365
1188
222
101
551
932
26
405
835
499
51
712
181
203
65
664
38
169
194
414
1516
48
1903
2118
557
237
102
198
573
104
911
439
527
197
37
331
1374
35
1542
765
511
380
2585
1266
23
122
473
141
836
1385
181
466
826
415
315
331
86
251
432
2452
135
140
370
151
37
76
1019
668
2503
36
401
115
1340
37
1709
1355
944
1629
89
369
743
516
1277
845
769
37
303
144
222
286
49
564
193
529
91
143
136
1793
261
1227
285
91
70
6
640
164
1047
329
336
708
778
1859
1426
161
76
273
356
177
79
106
19
120
361
76
1413
223
2644
1205
1116
1023
599
2989
739
686
48
303
324
237
60
89
566
61
320
681
502
114
1268
239
195
295
1427
223
214
137
1536
274
89
630
161
1545
940
147
118
98
37
461
28
35
376
656
98
1322
1442
1748
308
306
126
605
260
277
497
12
65
490
239
536
139
61
169
441
522
558
47
1268
508
737
12
379
667
1994
214
652
1606
233
1403
260
410
668
128
1303
153
7
769
2048
894
199
174
266
882
490
959
364
922
523
1615
2565
456
816
444
420
398
1455
708
843
382
681
1948
301
12
495
526
172
69
124
54
327
61
495
48
4
86
1617
28
256
628
245
89
291
835
1811
258
708
147
1036
3095
1374
137
632
191
208
11
124
1399
1257
202
735
111
412
657
548
1077
48
340
486
541
235
35
753
115
895
323
553
153
327
177
408
1607
1673
949
1128
152
244
524
876
235
508
580
645
115
194
517
1224
73
780
262
786
947
1149
341
187
1957
156
100
252
12
66
543
18
323
1018
120
295
469
177
99
43
20
824
1726
361
607
103
361
458
322
1047
556
2915
1397
116
257
1087
910
72
283
426
1505
194
672
319
21
122
187
269
1298
614
264
168
1584
3878
727
1126
769
57
1047
391
255
466
289
823
64
1576
674
493
201
157
598
256
200
1549
378
1243
91
1132
164
1289
761
136
327
597
52
176
19
2873
186
173
1020
373
6
1111
1147
110
69
391
448
372
239
191
345
873
392
56
485
1216
870
319
965
258
208
118
1430
362
332
177
398
345
140
238
405
2047
43
70
364
840
177
451
566
743
630
386
910
652
362
358
12
3
402
176
154
495
318
18
183
379
894
1311
7
153
393
658
249
125
214
144
154
1511
711
1242
2214
126
171
278
547
58
758
219
989
3219
149
2181
851
757
910
161
285
199
78
193
324
311
1127
224
395
1515
136
590
351
83
172
2594
402
127
22
386
437
1080
923
372
277
645
277
741
1674
241
423
124
624
222
1552
2148
343
1206
257
54
268
170
530
540
1368
1405
760
872
1804
268
390
249
364
356
984
1059
33
2962
1205
607
680
501
645
1132
86
191
483
447
391
107
998
780
1027
177
44
669
43
53
297
142
970
287
984
210
915
78
11
1057
534
164
1603
651
126
2
445
1335
2090
611
73
720
501
816
533
183
1736
1872
697
1252
37
185
1759
226
599
486
219
740
731
29
390
736
1332
1159
623
193
1056
365
215
760
873
1363
281
145
1665
852
147
361
92
354
20
243
1310
48
1826
437
27
147
541
1084
581
40
172
482
47
270
1286
77
1090
472
565
1831
126
24
289
77
718
85
2319
312
165
319
333
11
1130
893
431
98
415
603
1890
378
105
966
145
253
116
232
322
1202
219
468
549
714
632
2403
1139
705
22
1803
36
1434
399
98
387
1391
1998
102
1240
1263
116
587
369
935
41
52
148
151
218
1216
349
1445
530
890
1051
465
463
498
670
193
1774
1457
485
316
1098
86
403
186
755
215
860
485
1220
834
394
1072
777
37
182
560
882
390
1730
397
982
1247
887
1036
711
12
1576
416
991
506
2280
636
152
416
1365
282
148
1582
103
48
1094
13
48
202
214
254
83
1110
132
353
981
1086
641
111
12
194
365
726
876
828
841
10
3
235
218
1055
239
247
2206
673
633
557
672
647
314
1159
23
81
1111
134
197
141
524
358
436
969
211
852
1273
8
195
189
543
915
381
715
1001
64
607
815
3
56
248
911
11
336
289
397
706
227
477
338
266
210
131
173
356
602
235
926
385
545
978
795
348
301
916
1694
848
345
324
557
1007
785
372
565
162
6
1519
674
697
1245
145
90
315
408
712
94
928
10
1184
18
183
282
1536
823
187
1016
1435
95
640
252
1152
1112
1797
2526
619
615
1390
97
1255
406
122
1698
1747
98
686
214
332
1032
161
347
341
120
1819
415
716
45
430
227
368
558
104
289
783
347
314
641
293
2061
519
160
1031
58
218
1178
332
783
1024
991
2343
399
786
404
281
329
265
868
395
735
94
443
410
989
306
238
1239
10
581
1124
1119
231
1513
811
387
251
1710
627
120
483
2472
193
1728
107
1852
95
1186
1083
222
527
119
244
185
108
422
337
595
122
66
265
198
420
1026
137
1789
685
141
503
864
453
83
172
557
40
987
2935
1056
393
97
293
665
816
909
1551
326
189
314
462
1094
1309
64
813
623
19
224
171
1480
32
378
127
552
476
284
20
1416
89
1048
270
472
99
52
898
28
937
1611
119
3771
1255
35
977
423
607
586
3304
648
731
148
339
597
1089
86
7
20
568
111
499
1374
905
3
208
755
49
1815
989
399
144
391
577
1548
1298
148
116
126
44
468
141
439
483
365
598
456
372
499
210
51
851
304
116
1145
24
441
190
76
733
135
474
551
436
132
676
63
378
257
871
236
35
161
329
357
295
1522
1020
1486
1074
543
656
145
869
835
524
169
569
927
616
893
431
900
819
1651
943
976
1793
70
944
12
605
1066
1248
76
373
389
455
777
61
682
208
214
15
472
14
1273
212
1293
1769
153
333
1334
485
4
1656
986
1140
622
197
978
68
302
87
482
145
299
741
1597
710
992
499
660
436
28
219
132
536
2548
27
962
226
339
397
85
383
197
597
598
278
219
194
213
544
727
60
1026
576
193
514
259
1156
95
556
240
2077
1209
186
61
69
237
3
166
466
959
1514
13
202
205
160
274
1626
160
278
7
391
7
141
112
93
712
564
1299
483
941
585
1532
41
194
673
1049
269
489
77
1639
547
319
608
1302
226
691
249
185
129
215
262
2107
258
515
219
1443
161
418
81
1222
814
322
848
931
920
576
431
110
1160
545
243
970
11
1028
399
881
101
26
3229
128
118
299
541
69
1194
1433
253
1161
402
811
201
304
562
536
580
1938
869
1866
1992
360
630
73
1216
26
324
861
169
107
61
1619
474
349
276
1185
1015
619
113
608
1084
93
1618
94
307
337
2
1784
60
3434
1420
457
103
720
318
312
1230
1111
852
519
936
2
418
545
1094
495
1478
951
145
18
111
394
228
461
51
8
365
11
54
311
139
202
997
64
536
1544
222
93
1216
22
29
482
31
185
1257
894
89
199
1139
314
254
1130
331
3613
261
4
453
328
1476
132
512
223
2834
1
87
85
411
510
145
1448
48
552
218
611
119
65
1155
1116
358
799
57
44
1073
1464
81
876
2244
811
2236
15
100
697
81
390
482
182
569
2485
174
1320
362
635
8
28
633
419
616
409
1172
1319
552
660
227
690
3
389
674
1391
49
20
1149
884
416
362
602
947
207
655
210
390
160
422
439
86
907
4113
81
676
57
1718
593
16
389
781
603
364
222
127
1139
637
636
2954
845
2444
1080
648
575
546
378
1732
32
1099
99
395
560
912
277
2660
1694
1476
295
37
118
222
505
203
186
510
436
1959
326
414
1453
1074
324
299
830
1101
1086
1582
154
365
1012
735
951
209
1151
568
585
1160
17
245
695
1224
310
848
143
35
69
408
552
37
1131
310
18
590
1227
311
982
43
107
48
1314
63
250
149
1169
773
229
1274
219
447
229
274
6
411
1061
357
1935
329
1091
240
16
20
369
768
82
266
407
391
392
633
1078
906
310
383
198
882
1297
165
869
21
487
6
1040
528
232
83
356
276
669
310
645
1315
1323
494
2232
1519
112
297
41
254
2047
501
101
199
165
570
218
373
441
955
332
762
710
181
574
916
1030
487
461
278
827
295
184
1238
1099
159
1341
164
81
295
297
179
581
539
556
532
10
252
443
129
32
53
1365
15
21
291
120
1739
186
673
2301
29
705
1481
44
28
38
1770
137
776
21
951
548
189
112
678
1778
982
1742
108
1890
161
485
994
1699
112
1624
41
97
1028
297
222
24
373
38
401
664
1953
593
1970
428
523
944
94
636
295
931
26
614
2086
1497
449
627
966
3465
1651
158
82
630
518
315
84
930
170
494
287
369
814
365
527
613
749
636
419
101
64
785
2489
912
10
744
562
535
3002
476
1601
562
932
203
757
1132
47
231
1060
601
1232
127
623
74
51
318
1747
849
57
682
352
1132
108
292
232
773
385
462
2182
701
66
245
285
312
558
1145
520
278
773
303
27
231
1686
495
256
520
930
758
126
273
286
286
101
819
424
1001
473
601
181
14
98
402
274
256
1095
57
861
1152
194
77
361
623
1039
427
347
708
52
7
386
435
187
2396
124
154
41
358
523
535
589
393
686
103
399
101
301
164
369
48
1652
76
797
362
2811
1224
169
430
61
3
681
676
110
961
276
593
406
956
306
370
265
912
481
243
845
606
1705
941
1563
694
681
474
481
665
578
178
414
989
543
195
204
154
294
705
680
98
1069
300
218
1470
560
1398
1148
1685
1353
969
53
331
204
82
2388
308
136
3
266
33
1111
127
705
531
624
1720
3843
115
591
728
468
88
948
522
265
1268
174
320
716
2142
78
553
823
1016
93
466
378
272
299
318
268
694
4
354
703
511
635
58
606
466
310
39
10
868
806
464
195
1738
586
90
1357
1642
536
543
153
730
812
1077
345
425
311
206
676
374
341
627
677
132
183
95
395
56
68
135
476
1430
970
1957
62
23
237
168
891
880
901
18
291
178
1345
149
316
623
170
47
324
631
1298
414
553
1055
818
249
194
376
36
1106
61
761
4194
811
1144
665
108
1162
583
328
364
277
108
157
329
154
43
2374
957
1196
251
55
561
589
197
720
101
202
41
1473
244
1231
811
872
166
1241
320
197
534
208
123
87
136
1261
1602
203
189
81
240
174
108
1844
43
285
141
143
1051
324
344
66
61
911
85
1170
849
895
789
328
149
276
1615
565
101
238
182
627
489
64
148
540
31
520
198
1581
108
714
939
204
430
1134
587
79
1223
148
398
1749
405
1247
106
974
77
624
327
1393
53
219
179
841
2673
556
19
458
189
397
112
364
876
31
558
790
269
89
320
1461
711
1218
1232
86
566
377
696
1835
464
20
97
76
806
154
440
460
546
2165
12
698
22
186
192
2135
573
1911
137
1834
137
891
832
2939
451
131
179
536
258
197
368
1718
320
966
86
416
342
151
260
127
306
242
1499
165
663
365
268
941
341
12
101
78
1080
35
602
830
1157
464
710
405
644
149
147
214
151
85
772
137
605
176
210
147
458
464
5
140
366
1505
332
253
1531
649
419
1213
97
1415
565
515
340
135
12
261
94
169
77
18
195
339
28
295
278
229
780
2668
121
40
179
273
537
1023
352
1191
145
407
176
274
106
649
1622
1747
91
70
1731
3364
320
782
101
1037
557
627
145
312
18
427
929
22
1035
382
248
1253
526
32
600
795
344
433
740
136
137
1461
1616
282
898
603
273
565
75
527
309
1144
1030
233
947
630
548
74
747
1924
1
95
336
329
193
52
1377
257
72
161
939
1378
177
86
1561
135
466
16
868
35
497
1073
1002
895
293
461
636
1178
244
687
54
41
530
697
2
148
16
141
33
670
231
577
239
893
598
114
6
1249
231
69
3
1936
603
18
157
10
1545
118
295
476
262
290
132
119
456
847
403
723
1120
1031
1157
270
160
740
3298
498
1170
4
174
965
506
851
795
26
1111
362
208
628
154
1926
277
341
304
14
635
718
916
1920
582
516
348
1343
484
17
3
153
310
358
394
1838
81
2
269
1582
301
565
183
1984
178
816
420
201
108
207
2
30
408
224
1378
12
1529
1095
677
423
252
1218
206
156
168
315
668
605
58
976
354
12
631
973
35
54
79
77
780
220
207
791
1045
2543
29
419
657
193
89
139
316
635
151
441
772
1341
99
86
785
341
551
181
1064
618
210
6
643
441
318
149
643
665
2411
258
464
65
153
47
570
681
832
229
207
987
2321
562
118
486
10
320
1224
37
876
65
22
262
2216
1729
948
809
655
115
2048
104
1414
414
1297
66
10
547
170
766
301
585
279
1214
83
69
49
593
143
511
347
216
91
558
543
65
1438
839
279
43
102
364
1832
349
1049
36
256
516
15
460
830
407
372
922
74
353
78
243
916
2201
855
165
239
1156
183
477
492
43
14
101
215
240
129
65
108
330
114
494
208
647
32
232
897
349
145
57
531
245
190
89
947
877
206
627
53
81
1892
490
1228
1088
158
144
299
127
248
136
756
65
649
637
206
1080
1895
765
886
454
1664
548
231
636
106
161
166
416
254
1009
365
468
433
811
585
224
1418
439
378
724
1273
714
1862
859
1531
173
1007
458
216
229
1964
101
302
82
894
726
1460
91
31
535
302
146
3
618
510
376
106
483
156
640
6
14
656
82
387
783
757
681
560
916
303
427
145
1551
1695
73
235
356
186
844
23
35
939
301
477
95
2297
489
135
647
290
1024
142
241
516
857
2407
315
86
39
155
1238
1187
51
61
195
619
294
948
1599
1198
156
106
44
637
773
251
235
158
970
7
514
145
814
270
614
982
1118
269
582
1614
2055
664
227
58
115
149
594
586
38
69
91
520
1536
731
1093
178
666
984
915
769
139
1160
400
61
1711
481
66
256
75
366
260
97
97
227
204
997
816
424
147
1213
501
283
565
91
24
540
248
623
772
328
551
666
93
90
320
158
599
641
143
882
60
227
503
123
516
849
1084
2
120
33
483
816
1570
641
187
502
427
451
160
32
223
441
376
377
126
289
191
458
706
227
1282
28
14
152
1047
764
2102
2143
37
909
44
830
744
1573
1234
601
442
110
869
470
248
427
387
531
662
302
932
1855
35
682
506
437
376
439
1602
593
123
940
81
1028
149
445
53
245
1455
285
162
394
324
864
170
104
319
427
27
391
869
405
394
28
665
8
78
612
1544
545
674
810
1172
169
1810
1410
56
237
145
1091
157
1718
777
844
677
464
119
101
231
637
873
391
916
783
37
585
40
227
14
349
87
6
2092
451
95
33
387
40
90
862
253
95
697
520
185
526
1645
890
1265
135
124
1580
440
112
1361
660
259
295
333
203
719
369
582
20
365
603
358
27
111
49
349
260
172
572
999
125
1128
224
714
108
959
286
578
219
623
55
1869
44
204
1087
1001
1193
56
756
115
74
51
2815
52
801
68
1965
79
90
1698
226
489
377
564
470
1707
885
7
204
1466
427
766
28
217
697
608
58
836
68
1482
527
426
472
790
48
73
847
364
104
515
947
256
151
1014
208
56
518
420
287
373
49
562
35
133
198
515
1
374
673
732
1330
706
147
777
783
133
498
670
352
837
1685
27
141
91
151
224
73
247
2074
370
421
324
693
283
1134
86
444
1584
179
432
874
1477
48
138
1427
689
597
969
1679
874
206
633
1311
208
43
212
490
2097
572
402
641
923
61
1241
220
874
570
1178
427
8
265
244
287
20
254
87
32
466
1952
3258
103
147
1223
52
119
114
43
127
743
487
87
294
2480
373
806
553
2558
4
1123
406
166
218
781
105
1224
1139
635
1323
291
2226
866
3068
630
116
261
537
94
831
51
157
64
274
662
1196
708
358
97
319
674
88
1122
29
711
349
74
1194
412
1002
2834
2582
15
1232
440
1977
568
194
24
170
615
102
73
999
472
739
190
154
445
1603
352
706
1060
165
264
164
73
26
78
226
71
189
891
1205
85
602
730
498
2161
882
318
369
544
586
5142
108
162
116
1048
364
822
2064
694
524
86
65
654
453
1274
14
140
310
187
97
95
108
765
2302
880
1878
729
197
3373
690
1273
691
281
1717
1389
124
87
94
305
108
137
1152
123
169
515
97
943
986
431
1202
62
386
420
147
624
80
93
807
1961
1822
249
585
19
340
34
279
176
1427
202
335
9
544
1291
64
26
869
286
112
56
237
824
37
340
649
52
467
218
70
930
348
1253
56
91
1624
535
661
2827
845
129
399
507
219
193
932
1540
279
149
39
1488
13
43
486
149
229
1298
1488
943
1002
208
123
308
269
817
198
361
461
81
366
152
165
787
149
327
847
386
176
237
990
86
85
143
589
1449
215
116
108
19
531
987
6
2589
136
233
556
157
39
401
2385
169
66
262
536
1103
1431
114
286
252
139
649
832
12
122
893
353
802
994
199
440
101
490
68
607
391
112
168
65
578
320
290
116
254
820
568
897
993
310
1297
497
1307
624
1439
593
70
856
54
616
90
465
739
102
386
1187
148
401
104
191
144
387
202
436
415
1952
108
3
3
533
1011
377
14
207
311
336
440
24
966
133
91
182
2913
204
1153
218
511
483
127
627
356
202
135
1392
1680
174
172
695
258
455
103
1248
36
419
278
549
281
545
259
236
316
806
364
431
8
747
349
61
478
85
156
115
182
89
560
10
520
172
1003
254
248
52
208
1410
362
160
472
2072
661
937
722
226
187
1011
341
543
379
555
72
43
26
639
45
515
2134
794
583
928
31
311
1264
959
307
56
521
357
43
395
1145
140
341
315
649
106
8
14
327
118
353
132
192
336
154
37
170
4430
32
226
366
490
3769
1152
1601
1540
573
291
4402
630
1253
60
152
356
730
201
349
235
861
327
135
82
16
611
416
745
120
474
887
103
403
2
765
193
1528
2034
723
390
406
589
480
277
1128
16
15
374
326
379
240
86
837
1016
54
17
148
89
122
190
110
219
335
114
405
927
792
1643
965
607
590
989
2072
868
374
418
85
236
103
1506
436
228
891
343
1574
653
1139
54
335
96
86
561
135
136
270
170
2094
37
306
149
210
891
939
361
716
56
299
610
210
313
169
1145
182
241
153
736
342
135
1802
199
673
47
29
189
1069
135
761
2232
295
390
385
548
457
1278
547
768
77
651
285
569
290
270
924
394
611
111
2014
204
298
249
660
76
1174
936
62
16
722
1249
449
78
587
33
400
279
1643
252
890
333
1894
872
443
224
1648
1270
874
52
237
961
653
163
282
181
622
72
156
243
1147
447
103
285
562
4363
537
85
119
55
1992
156
1094
74
112
301
123
9
408
365
745
2303
1160
636
394
341
1256
1306
164
98
191
545
977
141
1045
673
141
486
45
31
368
737
610
1376
179
1162
203
557
89
403
47
172
124
10
65
443
693
1732
248
565
1347
156
483
118
148
147
481
845
16
1330
108
311
40
165
789
322
1573
268
1303
998
2369
452
653
44
1404
43
2073
390
281
301
177
713
737
491
104
441
644
195
531
178
631
678
114
439
129
319
231
1144
1131
265
66
327
357
15
1316
85
255
236
269
272
177
1311
378
420
610
798
228
1448
269
326
608
293
115
415
250
8
1030
306
574
764
630
105
1226
512
711
204
14
477
272
424
40
260
482
131
586
156
490
407
187
33
187
366
703
940
188
1511
158
2
99
271
299
641
175
1020
854
590
1022
289
2055
14
6
2176
84
56
168
324
44
1560
503
12
335
676
815
286
167
1051
1080
394
1620
333
1068
3296
497
847
111
477
697
9
32
102
266
94
485
386
241
383
300
651
132
601
51
195
1499
48
798
223
1623
577
672
1757
608
2090
112
119
306
1286
960
22
616
540
716
79
451
486
65
122
23
198
337
977
347
1
1230
2031
1335
1552
658
1873
674
374
183
270
206
868
1184
498
212
303
260
474
593
693
881
891
186
456
407
831
326
204
560
218
333
1710
499
741
286
461
827
1007
35
782
156
9
611
126
1380
268
119
129
2090
740
1710
377
184
1827
1984
558
3
64
440
572
1239
183
649
407
226
339
626
1465
1097
83
1963
1806
19
149
147
951
2531
1372
938
208
1888
1787
93
43
580
7
61
945
376
344
1356
32
491
1036
249
189
1743
2355
111
1145
75
128
40
1382
741
1523
409
566
884
287
176
1040
459
502
136
31
815
823
816
162
735
153
112
179
860
576
702
712
1207
841
136
1052
632
137
279
647
728
980
1705
723
1607
578
2
356
24
701
1807
456
3021
156
445
602
136
595
83
832
374
601
464
151
444
131
207
383
511
211
1162
291
244
670
19
160
556
14
123
337
45
18
158
270
78
220
2632
73
403
580
49
1235
877
108
897
306
451
386
1411
1320
52
1568
493
162
356
760
782
236
1109
872
204
90
98
926
561
455
485
178
369
866
619
229
994
989
162
507
460
945
374
362
365
418
181
436
507
772
190
354
32
211
315
715
314
248
464
77
79
1152
478
1456
422
51
465
618
252
250
97
589
228
416
43
928
156
264
329
322
125
265
473
637
953
681
581
341
432
67
658
1388
78
687
52
2063
389
649
6
741
66
1328
190
607
38
457
1341
177
165
264
1807
307
277
236
22
512
303
511
294
1395
87
76
333
915
764
114
45
618
29
565
360
1180
1165
104
640
4
977
69
997
272
219
1880
731
289
2638
405
1040
1066
45
368
47
483
626
444
612
70
83
249
986
1106
1049
257
279
340
726
193
95
137
83
1684
195
719
270
393
304
952
377
545
239
530
168
1124
1511
41
279
1087
416
207
681
344
471
48
384
941
35
630
266
3290
1087
312
402
536
179
690
2955
172
703
378
541
757
1235
706
869
379
23
169
451
106
289
154
1574
661
682
495
1114
1313
2293
2051
