real_Parameters :  tanh 	 failrate:  25	 Fm:  282.5762	 且最后的Fart/Frt:  0.5134409554		   Time :  6.1556

13
22
159
179
13
191
192
199
225
42
186
242
229
372
361
248
223
483
366
81
466
239
65
35
201
203
262
11
545
312
13
423
538
23
549
269
663
626
718
108
378
42
173
231
165
298
238
399
533
465
338
226
5
58
451
875
152
88
118
35
188
572
139
9
306
235
215
85
335
306
6
78
359
176
343
38
645
31
32
131
706
125
1
253
446
315
308
535
276
93
178
32
61
123
26
5
318
531
72
126
193
208
355
9
406
96
329
13
102
168
425
296
25
565
665
121
776
276
412
365
255
462
89
8
283
331
135
563
621
29
222
105
295
223
268
515
36
162
312
299
413
542
158
649
5
211
76
168
105
73
215
359
446
119
319
298
666
372
315
251
371
203
66
211
518
268
559
106
196
101
28
351
148
149
181
356
741
459
492
162
323
252
763
236
502
431
136
345
133
468
481
198
119
226
202
79
23
91
296
272
213
3
35
638
179
202
185
736
106
621
239
372
239
533
26
602
205
453
635
178
145
778
539
643
369
62
172
169
131
273
381
338
99
161
38
276
349
836
368
301
56
63
151
76
86
13
516
426
218
349
695
525
445
1
135
115
232
51
342
591
91
186
385
426
135
116
508
153
678
676
485
209
173
775
741
666
143
22
511
308
52
122
478
221
382
796
448
175
182
58
369
405
83
303
125
193
232
373
69
248
516
315
202
99
466
196
138
326
41
219
498
66
21
25
121
255
708
462
31
78
458
142
148
555
176
11
123
332
296
448
239
316
361
366
101
525
123
622
106
582
72
253
681
66
211
376
223
52
295
19
522
63
491
46
276
208
71
185
782
53
305
282
243
166
396
46
286
123
89
169
579
416
3
322
18
88
675
216
181
295
401
216
541
402
188
113
282
273
691
209
125
1031
282
111
253
211
103
222
103
188
208
372
251
61
429
106
283
389
311
366
363
318
102
141
193
206
3
148
263
888
92
348
33
18
241
496
96
296
159
435
66
198
253
38
141
3
155
552
3
235
38
535
122
9
112
732
451
69
45
133
293
51
379
286
159
605
321
399
503
985
479
265
249
555
581
405
275
579
152
588
216
35
182
152
211
425
336
13
263
242
296
618
262
163
142
388
25
11
433
276
19
166
266
252
228
12
236
261
61
503
138
3
99
25
718
38
123
352
371
263
62
62
482
349
395
625
126
205
49
449
419
819
186
256
529
638
562
113
11
68
78
103
116
141
35
711
51
425
261
369
356
658
336
453
341
175
499
159
173
649
96
353
25
476
236
642
126
126
389
542
631
375
492
292
218
56
396
382
513
325
571
202
652
242
56
375
276
133
235
423
221
182
73
42
422
178
169
378
81
23
105
15
606
122
191
325
185
189
283
299
322
595
442
348
105
675
756
88
262
393
159
448
133
789
231
528
522
115
148
11
418
18
342
285
545
398
225
346
38
353
116
35
152
666
349
19
236
548
183
383
5
592
61
442
41
175
445
448
51
149
222
243
242
341
595
345
3
709
449
191
331
512
319
681
689
156
376
42
28
89
453
471
273
79
95
435
375
396
599
209
331
363
703
333
272
561
298
335
325
229
299
225
132
128
103
85
15
453
425
92
356
232
151
432
268
472
871
138
455
193
316
506
671
568
129
65
92
243
101
229
69
603
591
1092
263
381
145
338
145
702
781
89
13
313
201
265
479
108
271
221
249
478
511
276
13
222
446
156
46
29
362
281
173
523
896
73
488
362
209
458
18
398
352
926
641
153
18
198
442
575
48
285
336
552
661
3
172
671
111
558
279
323
229
256
336
288
145
543
855
81
29
146
228
1145
193
151
839
498
99
198
238
248
123
22
232
332
258
541
41
873
681
541
192
63
353
271
422
108
68
245
242
316
199
135
178
299
68
58
115
461
428
168
345
409
212
211
503
255
138
63
283
888
29
21
136
308
313
712
459
171
89
208
451
136
159
148
552
73
382
563
345
508
93
312
319
479
45
383
81
495
112
419
142
28
556
95
113
326
375
15
212
686
696
603
178
411
381
485
275
243
568
23
379
419
122
199
95
63
142
281
36
116
473
465
759
38
379
329
139
85
329
353
31
176
458
801
161
442
235
239
278
358
342
348
228
41
363
459
455
558
178
303
449
188
133
383
216
168
689
348
403
611
81
149
96
485
568
193
458
441
546
262
239
166
133
326
101
23
96
149
58
692
329
545
71
172
193
5
31
748
231
59
139
289
143
573
73
265
206
301
15
3
33
382
526
271
203
485
695
33
213
312
811
299
23
306
49
446
45
35
926
188
132
255
409
63
449
411
343
233
408
243
473
32
95
258
126
248
316
279
413
121
92
289
518
111
22
41
101
91
161
346
259
29
43
116
199
83
175
383
406
113
155
49
293
336
466
203
226
515
89
12
11
18
286
292
316
609
499
458
372
126
121
225
258
261
53
288
255
131
299
266
469
239
323
351
28
229
35
332
38
16
71
303
563
188
59
315
183
173
185
511
531
73
266
262
295
295
205
636
525
496
493
138
469
123
559
53
323
451
359
316
106
589
766
296
115
166
371
595
373
149
621
129
181
159
48
272
268
169
443
286
75
428
66
213
208
19
203
65
73
373
116
281
376
358
312
122
143
242
41
15
406
81
298
556
53
259
346
165
149
119
302
161
145
201
83
506
475
146
212
498
219
215
645
352
346
235
229
642
236
685
119
163
259
216
255
291
419
259
208
132
529
636
13
146
191
91
229
3
415
401
52
149
358
169
38
296
491
532
161
421
25
72
262
1
408
205
493
529
383
33
152
159
132
48
348
433
199
92
269
223
8
192
321
172
153
369
306
155
471
48
509
622
75
19
259
213
308
173
26
82
358
38
152
239
285
159
205
485
188
305
425
426
512
59
75
105
549
281
148
241
163
125
98
315
315
269
68
302
425
502
628
681
32
66
159
88
298
152
411
226
513
146
632
498
149
473
86
426
429
306
371
93
639
295
242
372
192
542
171
556
179
52
566
169
668
275
242
469
223
582
383
476
42
411
352
175
83
3
421
289
722
372
243
309
759
282
526
353
79
196
505
176
42
481
111
766
613
342
98
142
809
591
752
55
626
638
1
493
52
335
432
646
79
359
116
105
285
111
122
533
11
131
471
239
286
692
251
402
213
296
176
226
149
205
329
133
131
43
139
223
263
283
331
142
343
246
308
128
311
256
109
29
158
135
322
133
193
502
139
282
523
139
382
313
249
553
582
22
396
223
942
79
269
125
375
49
185
116
28
239
163
141
76
299
83
595
249
23
249
123
181
75
49
199
1246
62
258
699
373
406
685
213
418
309
93
378
283
262
392
395
123
86
336
166
109
62
363
62
1
285
253
11
168
448
315
653
168
436
112
313
115
119
73
8
242
122
491
39
353
428
132
342
582
62
518
89
265
295
556
85
3
232
513
38
203
68
31
191
561
109
218
106
353
39
648
213
348
505
442
198
31
162
641
196
193
176
942
418
78
221
295
111
42
3
372
8
239
165
78
161
299
3
221
33
333
263
56
95
71
321
196
259
1086
252
3
281
579
672
231
91
53
105
5
533
93
171
239
706
291
162
125
355
6
101
323
88
353
405
63
203
228
161
378
206
245
368
603
543
255
579
311
345
456
72
133
456
216
88
332
221
519
35
435
329
49
113
218
106
105
183
685
163
856
319
522
191
183
561
438
128
86
13
345
535
212
726
263
295
591
216
155
691
292
442
289
459
105
161
103
295
353
181
613
3
11
428
59
428
712
6
113
289
222
233
348
39
286
493
419
365
226
775
415
42
9
386
552
443
499
381
479
169
39
128
329
539
198
442
416
756
531
229
299
343
492
239
265
99
261
329
712
329
139
569
73
455
591
128
733
145
81
213
632
193
378
486
151
308
535
423
473
318
131
46
82
223
506
131
333
635
608
372
208
475
73
281
141
273
362
381
401
158
118
81
269
259
531
163
13
391
413
158
318
138
46
382
31
562
439
51
473
585
936
393
146
35
711
226
99
173
442
693
223
343
218
118
302
548
326
748
12
542
15
212
145
548
879
312
61
328
358
165
283
256
288
356
351
75
261
455
125
141
453
256
235
19
78
183
642
151
256
613
721
393
135
148
236
213
495
515
446
72
165
508
76
118
189
328
182
49
268
196
203
403
161
392
183
505
422
211
79
89
122
201
363
12
129
63
255
13
159
162
685
393
32
268
203
105
123
325
186
129
505
125
138
301
148
462
159
452
321
253
428
449
639
591
59
256
295
43
168
661
109
432
748
115
318
271
46
749
453
173
288
599
696
122
199
216
66
402
689
76
62
555
532
616
62
98
363
1035
3
9
205
276
191
485
83
243
186
306
15
271
89
678
349
193
309
206
92
129
166
72
419
345
185
215
33
311
71
655
85
171
68
569
483
273
681
195
281
76
463
286
288
115
229
518
91
72
458
179
193
161
311
192
252
163
143
165
519
281
121
142
238
91
129
521
861
311
291
125
401
169
699
155
399
261
309
311
9
382
72
69
295
416
211
338
81
82
406
632
205
233
72
458
289
26
176
666
581
558
193
239
498
612
383
188
272
133
81
488
38
323
169
638
261
106
156
95
659
412
16
278
903
85
293
368
255
861
315
555
333
371
15
19
305
491
512
258
331
402
299
425
79
476
379
168
298
82
1066
351
395
151
105
393
143
19
253
378
12
529
475
255
232
696
213
373
351
316
433
65
383
292
3
266
252
479
218
328
243
125
181
86
348
62
39
586
615
322
63
299
151
249
139
22
233
332
345
199
172
333
139
318
291
112
375
89
425
853
183
458
319
25
193
73
42
68
215
26
548
503
261
31
699
298
359
212
329
82
159
786
192
195
139
81
141
53
369
72
679
248
109
122
626
213
526
481
342
212
23
281
705
36
153
159
5
182
196
586
439
62
478
5
395
151
278
189
259
228
265
838
316
112
315
318
278
119
109
131
285
345
65
192
209
238
118
393
151
41
255
231
676
502
103
119
578
48
298
396
389
158
198
276
146
683
578
175
609
103
403
45
375
263
112
83
801
63
59
305
112
133
516
15
185
226
249
371
863
212
211
102
681
236
503
228
115
136
249
38
702
292
355
61
38
142
301
573
105
405
501
111
158
546
671
401
202
126
449
196
78
466
202
138
228
219
281
536
201
35
648
152
225
235
178
163
391
518
63
63
492
246
612
648
738
1
743
583
56
68
46
843
113
148
366
573
1088
263
8
426
69
708
149
51
448
345
165
468
165
653
496
23
581
381
228
416
598
73
698
269
48
25
269
288
388
341
412
255
73
62
12
332
158
216
49
372
105
165
332
376
93
265
258
471
376
389
246
402
328
622
355
11
83
95
165
41
283
508
348
438
101
231
211
31
401
233
782
111
166
335
193
281
41
535
152
76
512
629
101
401
186
85
199
592
308
129
512
226
201
222
506
23
249
335
582
536
341
408
755
201
156
351
41
343
601
205
133
132
278
63
483
51
493
692
155
212
283
23
373
292
151
46
193
206
21
608
56
248
401
166
52
71
151
41
718
339
203
272
1
145
346
15
81
138
43
303
195
309
553
321
95
82
79
408
261
248
272
739
173
442
156
155
13
68
365
439
542
269
441
99
32
106
708
702
128
136
293
503
433
456
271
116
45
292
165
18
145
215
32
343
152
533
195
209
501
438
479
119
339
135
551
369
16
52
136
138
276
6
325
102
32
392
171
215
1309
311
686
529
265
262
242
28
421
229
273
169
183
313
399
336
546
381
545
133
99
248
151
78
155
236
136
621
735
122
28
196
145
336
16
135
426
136
282
95
181
382
332
266
298
528
21
581
341
31
159
402
201
75
478
423
171
255
425
75
571
165
279
595
726
441
875
105
173
295
153
108
322
411
112
295
153
22
428
165
149
53
655
449
468
99
333
623
172
465
142
279
109
118
643
123
372
125
316
251
375
221
233
282
291
713
106
18
75
281
396
213
298
193
358
458
101
63
83
43
9
248
482
282
21
156
3
169
9
66
645
451
371
221
258
252
218
161
279
118
353
198
6
691
312
239
382
73
232
375
242
123
176
203
975
405
229
478
341
542
608
396
186
269
461
799
98
392
405
125
428
121
346
33
665
246
59
235
148
491
548
519
592
75
113
245
3
98
25
63
389
115
65
379
178
133
763
323
49
31
678
38
465
233
572
86
483
282
459
1146
458
492
115
228
639
68
261
442
292
216
161
385
232
101
15
222
303
382
271
211
161
235
385
76
543
176
131
143
472
628
293
271
186
191
355
103
226
82
486
238
268
343
203
406
449
185
6
396
201
488
45
48
399
338
202
5
3
95
3
185
246
318
22
215
102
171
49
492
149
143
236
391
132
35
1
589
616
591
466
258
208
28
549
16
286
365
15
295
341
736
188
1133
82
45
341
271
395
188
301
181
152
341
381
646
372
106
673
229
228
942
211
295
365
278
442
228
155
101
462
278
311
279
365
298
458
211
359
591
786
15
458
16
149
552
425
103
59
626
118
111
445
436
839
275
111
62
158
195
36
62
396
8
418
301
243
721
598
233
78
488
122
429
79
88
333
453
393
373
246
256
18
13
221
55
89
109
243
272
183
378
48
465
45
408
21
623
533
1
75
568
418
348
192
146
71
53
183
305
68
212
736
332
178
916
293
245
245
76
285
238
283
752
396
711
329
81
275
421
66
155
236
906
236
156
105
311
519
71
49
35
48
292
95
278
416
151
72
683
275
308
491
155
133
236
193
382
393
89
235
548
122
372
468
46
316
155
133
289
301
291
455
422
483
328
91
25
498
438
903
21
515
306
285
352
549
339
116
449
141
273
128
606
455
175
362
431
6
71
543
243
306
781
181
48
148
466
441
355
85
269
251
328
525
462
423
145
265
265
183
212
178
232
235
402
551
246
221
285
413
395
388
466
548
453
386
22
238
159
162
149
468
216
222
725
252
219
78
72
631
219
72
168
326
111
283
622
63
256
113
303
428
783
208
109
76
192
129
229
388
185
392
191
93
85
39
238
145
36
113
203
25
121
282
112
93
378
216
393
299
536
209
406
191
15
58
205
705
443
156
298
356
291
95
395
112
246
139
736
249
625
933
126
553
241
82
13
459
321
71
173
278
38
8
408
216
255
593
219
395
451
32
243
525
181
211
11
376
96
241
319
161
86
203
71
49
303
492
365
162
388
346
425
456
268
685
42
412
129
343
268
175
306
56
12
402
591
548
353
282
321
78
538
195
51
152
82
221
238
243
219
321
175
291
583
383
333
39
189
561
785
118
722
25
586
276
368
73
472
3
439
386
659
573
33
66
261
266
5
92
521
71
285
39
281
376
8
232
295
315
315
265
326
1
168
68
128
545
521
501
3
516
295
32
181
11
173
45
273
161
603
196
116
291
319
51
23
259
615
851
42
86
275
282
93
526
221
333
42
178
715
73
306
39
149
1061
195
21
398
159
191
226
58
375
258
55
265
411
189
136
336
165
426
986
5
273
28
308
356
725
655
98
532
249
235
141
409
361
212
645
445
665
25
28
471
208
485
426
182
66
445
316
626
322
425
42
165
245
226
191
228
86
43
35
542
179
579
6
246
641
61
96
201
298
218
531
141
18
231
433
31
95
271
323
183
245
212
385
415
45
12
448
143
436
316
155
133
319
382
22
421
388
71
53
289
192
476
12
476
425
289
95
331
513
69
458
163
111
365
568
206
72
11
186
32
111
146
88
246
332
676
596
358
39
248
51
535
192
68
401
202
279
351
278
192
346
109
219
93
102
142
319
95
195
16
361
56
122
265
3
13
321
351
129
79
353
191
18
121
358
45
598
419
132
168
81
363
32
376
303
432
421
48
191
65
102
176
445
445
179
111
266
121
165
462
202
65
89
33
113
415
409
289
161
176
103
355
188
772
112
116
145
221
239
208
366
408
472
206
285
523
211
576
292
129
382
285
723
306
581
49
363
18
422
343
38
169
65
186
499
243
446
31
418
391
136
92
253
598
1
45
602
153
249
211
586
96
193
89
338
36
403
162
92
596
182
201
168
46
539
581
616
16
168
89
445
11
475
239
453
301
381
216
52
363
1
153
351
462
496
585
1
103
413
586
68
48
615
33
439
306
342
58
279
192
312
199
52
296
783
436
283
346
469
361
3
253
226
572
119
76
232
361
86
145
471
195
281
35
502
352
585
306
99
458
203
158
61
159
651
249
623
582
163
59
86
845
192
491
223
398
355
46
52
26
452
72
1013
393
665
169
421
461
695
156
55
311
559
68
3
492
293
115
193
171
133
193
853
188
76
32
56
268
133
128
163
203
246
358
199
365
201
281
382
48
59
271
169
243
125
402
815
573
112
233
126
882
408
489
211
515
295
13
218
595
522
202
369
272
455
315
248
198
145
239
193
182
409
311
541
176
289
112
216
386
123
588
345
161
58
781
465
178
83
378
83
432
131
491
48
405
261
92
25
32
8
298
208
283
165
211
461
99
63
245
391
186
308
423
12
365
278
386
131
29
338
72
356
248
373
198
473
215
35
613
373
252
613
3
251
186
233
98
585
221
432
168
253
245
401
191
632
5
345
313
373
142
141
31
242
183
615
186
58
122
109
199
155
336
286
716
369
333
558
232
191
429
251
165
62
189
539
9
41
261
16
269
136
403
308
253
241
155
153
662
42
29
26
323
339
342
265
385
308
28
818
273
711
55
199
185
239
198
346
36
412
113
225
86
342
61
921
511
396
15
179
193
416
45
286
381
155
35
179
269
28
139
325
298
353
161
131
682
288
92
443
468
513
276
326
306
232
485
269
108
505
128
283
251
55
171
108
575
71
143
66
31
102
32
786
242
76
251
21
315
415
383
435
105
566
405
31
385
93
168
381
458
158
52
188
38
241
76
522
56
216
365
273
223
89
89
86
406
421
53
409
748
153
418
801
272
559
131
326
9
78
376
421
229
241
282
599
645
589
446
321
165
476
318
553
251
416
76
563
318
126
268
168
36
176
335
246
149
355
365
65
469
293
593
188
753
386
239
28
8
441
486
459
3
321
172
111
5
233
411
685
119
439
22
223
441
266
181
185
341
499
122
79
205
319
358
401
143
175
138
703
76
99
271
45
413
78
78
341
29
465
265
355
268
92
123
263
163
223
541
291
272
72
248
268
159
255
146
293
486
996
191
645
336
231
353
202
76
503
542
348
243
613
461
162
25
292
323
239
59
195
386
265
122
261
82
188
39
621
195
346
76
339
469
211
276
345
193
342
488
53
482
578
253
399
428
172
19
581
409
575
333
236
129
146
209
396
156
362
305
52
403
241
516
119
112
225
198
498
86
449
178
88
228
973
506
661
271
98
312
202
401
52
48
605
188
328
212
9
515
476
29
46
93
161
481
108
189
171
106
379
229
115
363
36
703
128
239
205
193
276
373
52
71
139
99
172
15
251
188
283
18
52
101
352
438
481
521
312
28
179
59
419
268
892
285
425
423
213
412
159
129
289
201
426
446
325
895
246
71
346
325
366
43
108
283
213
495
235
428
572
612
411
199
245
501
392
411
279
331
431
519
143
119
141
188
401
126
233
478
356
506
449
236
981
25
426
291
35
409
382
443
213
218
536
481
131
175
602
481
116
189
222
95
148
148
315
362
33
538
421
173
706
258
158
558
308
213
72
562
265
463
465
183
18
185
229
3
209
53
396
15
449
423
9
85
398
558
81
233
69
288
272
113
1001
476
418
143
762
88
188
642
112
269
166
182
263
92
179
108
389
119
285
108
302
188
518
109
661
281
446
332
213
192
599
91
259
519
51
111
42
38
232
639
193
21
109
222
163
599
178
371
281
143
402
3
395
126
402
519
66
238
53
15
305
185
115
232
306
599
78
413
552
441
489
139
452
645
25
245
309
35
288
195
238
371
122
255
451
99
63
368
763
123
419
183
179
438
398
412
239
109
612
575
259
55
336
35
395
642
415
263
601
45
25
326
432
355
402
171
105
373
112
199
762
275
101
416
712
51
279
41
318
286
123
63
391
216
99
751
282
233
56
225
33
45
392
156
199
609
379
341
271
19
541
415
602
166
118
278
263
195
106
121
335
68
168
491
48
583
353
385
236
303
15
1056
202
108
83
362
349
306
6
435
49
313
132
295
162
296
681
115
48
219
581
535
131
135
572
303
455
453
441
98
69
126
151
172
195
361
139
279
341
466
593
571
382
16
371
699
185
66
271
279
415
191
12
233
626
182
629
259
41
193
406
26
526
166
429
352
449
165
701
33
278
306
309
271
645
276
55
575
888
13
822
31
196
42
79
136
412
458
262
253
88
223
285
299
222
731
248
33
463
226
543
381
138
106
286
453
223
105
83
729
209
226
443
398
131
235
632
202
6
443
139
301
162
246
372
235
103
516
175
495
146
355
253
116
259
415
333
438
786
106
506
111
111
111
788
251
751
463
123
442
285
298
139
345
409
136
211
565
455
471
372
408
288
83
279
403
276
512
439
35
138
155
466
538
498
513
255
175
252
885
679
181
246
562
103
55
113
51
235
332
108
303
76
166
223
43
3
473
141
299
333
62
596
795
18
575
406
356
722
585
95
322
363
123
133
335
852
853
383
201
23
226
219
353
333
175
392
768
242
181
402
262
49
232
69
536
219
419
52
271
179
93
241
355
21
865
271
69
746
446
109
885
221
423
21
361
125
99
413
285
143
248
161
183
296
61
126
836
462
19
371
92
499
372
33
596
225
249
296
335
686
512
288
556
101
132
16
345
461
362
418
159
675
286
199
8
95
132
206
92
311
258
599
216
401
353
379
392
552
29
96
285
106
149
572
341
5
112
349
96
369
189
659
265
91
272
259
163
75
449
408
201
425
168
328
703
779
255
332
65
626
218
3
331
166
255
222
115
163
122
583
133
433
55
261
298
299
389
265
162
515
51
216
305
438
299
496
835
609
35
59
578
379
193
322
76
319
228
289
401
133
82
306
333
6
183
9
205
273
161
152
215
228
403
225
75
122
476
291
749
99
492
676
899
269
99
222
123
168
196
79
392
278
203
416
306
442
29
185
546
161
333
762
173
143
346
481
615
459
435
58
333
422
178
493
238
409
415
115
343
71
451
278
455
289
328
393
96
162
33
225
615
743
399
306
635
56
135
243
243
546
53
118
748
243
16
301
228
332
329
206
558
6
443
486
268
192
316
102
578
215
481
152
212
299
235
8
59
38
608
431
166
205
48
218
388
76
388
202
102
108
232
276
176
125
571
231
292
45
96
296
766
39
225
268
129
246
466
325
69
411
126
175
303
82
179
406
219
231
173
306
505
443
23
246
113
272
151
605
109
111
469
541
365
499
779
758
998
