real_Parameters :  plgndr 	 failrate:  25	 Fm:  1413.6612	 且最后的Fart/Frt:  0.5202273216		   Time :  131.0286

14
148
230
707
780
848
106
428
862
1296
943
999
1832
302
99
1938
357
649
2518
2048
2086
1329
1542
122
515
2211
1763
3145
386
728
3520
1232
3
1574
1007
701
97
1551
2446
971
305
4179
2846
174
4
990
1876
585
995
485
903
3923
299
1405
2014
387
147
915
3357
352
223
239
1790
1720
1004
2653
4048
625
212
341
969
3430
3644
1379
900
133
743
2836
1886
2165
1316
1235
3168
915
773
1593
443
130
238
1523
3836
2806
453
201
1131
159
1182
1634
71
2749
1448
3833
183
293
813
4244
1221
69
127
174
743
3513
838
238
1410
622
916
2570
1029
37
1746
2664
707
50
588
746
801
22
4728
1120
118
2354
2220
1269
483
804
1652
2031
2066
98
346
81
366
1130
3824
270
2723
969
2
14
1663
2063
348
2772
1941
177
2532
2067
61
1984
1131
938
1617
262
1938
1908
150
1769
830
1273
208
2
1218
1578
239
1547
404
669
335
3366
1494
1433
1384
1801
84
3084
270
227
434
1771
835
2113
218
3819
660
1494
2273
748
1428
1466
338
597
1172
312
3838
1439
366
1959
116
87
1328
1751
850
529
1288
2602
2145
3331
194
10
424
25
4768
4396
201
1602
50
763
626
308
197
2370
524
209
2208
1415
4126
2
1871
2456
1180
824
970
3176
5
38
1958
2620
90
2137
1363
23
390
1961
1670
2013
300
2335
77
2562
36
1201
2735
848
3223
1402
783
649
381
2450
1241
2967
1801
1840
3544
3109
1653
760
422
3381
2711
1040
261
358
4075
720
1328
1879
227
4039
398
2466
1058
6629
635
3338
959
65
373
1014
64
3663
2719
603
241
214
448
1252
3354
2398
1961
480
1221
2877
1413
698
678
786
425
460
188
2883
579
1454
1346
1019
1215
290
1025
1829
1153
4265
652
2040
203
478
1612
4340
276
481
15
396
52
486
278
4652
2200
1261
2719
1039
1448
1055
527
2029
7570
2618
35
14
163
909
422
1812
2017
272
221
364
2346
1471
946
2542
653
369
89
460
10
1762
122
2955
3674
81
1863
536
1585
58
2230
5428
3166
2081
856
889
1391
1856
8
1235
1973
1768
3530
1156
1797
326
1851
3498
1036
1727
495
849
2734
371
2554
131
31
2166
3322
2299
1803
2909
912
165
6206
2369
889
570
72
3477
145
2157
1914
4498
981
1413
2676
816
1378
156
1580
1223
7
58
1743
2934
180
2118
5354
797
247
32
3276
3443
3125
516
1314
1328
825
78
3317
410
1869
109
1262
1208
189
1288
2777
39
328
2168
1978
331
958
311
154
1020
1871
1653
148
128
238
1920
1477
2029
316
1389
961
1165
1649
195
2084
480
178
2565
532
3571
1140
3259
2825
389
1864
878
239
4754
1358
559
652
1789
2002
1294
3042
3366
193
4233
542
961
1060
86
81
5230
466
1628
162
471
3419
23
56
1842
3804
760
973
616
227
2830
140
3202
3224
236
699
273
1576
555
186
1247
906
3521
1313
329
419
191
1728
1428
398
1055
2031
1416
1768
1675
208
2195
2235
63
66
176
2206
289
1232
3384
1293
2868
3647
2675
2303
29
3520
5861
366
621
67
1300
955
3244
2139
2253
329
1783
453
3276
1148
1035
4334
463
509
577
1383
1296
224
1390
760
755
530
1970
1236
1739
1191
471
678
299
9264
124
855
812
2410
176
666
1343
1090
65
2011
40
49
334
1967
297
153
319
652
4800
160
856
2743
405
10
1192
868
2909
876
443
1728
282
2757
2509
3314
1005
953
1542
451
1081
2982
497
1016
1548
2083
785
3970
101
2346
1664
2276
568
614
556
1299
535
2309
430
1348
3542
2609
3230
751
212
2634
917
2796
1457
434
2583
1296
40
1692
20
1049
492
319
311
1090
1090
1232
2099
282
3389
1862
3285
653
2497
3930
477
134
1593
75
1096
3474
880
144
430
2881
2142
2614
107
2299
468
77
2675
2264
168
2049
3229
2465
492
1574
200
452
4258
1332
51
72
1579
3064
1643
3106
2545
1953
442
436
2579
684
1210
2450
1495
166
67
879
2006
996
2346
2503
488
3418
480
2769
605
285
2784
115
2341
927
768
10
1364
1115
169
1920
139
271
967
736
1141
373
26
1510
3506
1760
307
707
864
879
1521
2727
2542
1168
1142
246
1631
1162
746
7390
4344
714
2795
276
1527
2407
236
2034
3516
258
4833
667
2
22
5492
145
265
2485
252
1699
2771
367
2147
3313
452
1874
646
2676
2717
1781
1650
351
195
1106
2191
22
179
638
1130
390
92
140
2270
165
79
2882
1506
81
204
1082
1783
261
1952
1994
194
2004
477
61
121
2364
818
268
1822
77
182
1483
824
183
1897
4267
2306
267
20
1457
1041
3106
503
424
273
2331
45
1962
1387
576
243
90
115
497
912
329
2002
172
54
78
850
72
3293
163
265
763
2972
2649
45
247
1523
591
1227
40
1609
4719
4937
159
2270
34
114
2914
1465
626
637
2574
77
3332
148
3352
629
568
1935
2571
86
3253
463
2121
32
348
1183
3130
1456
2011
3075
2456
3650
1553
481
1235
2075
2267
1119
340
2710
899
3168
351
456
2553
511
384
1212
1640
39
233
1161
1553
2197
787
2326
987
371
615
3363
1576
1168
946
1672
4
173
393
2026
246
520
4224
47
678
2564
14
49
2810
892
526
150
1331
270
809
157
1620
1984
1408
408
1655
278
787
422
1612
3745
1456
389
1078
1099
2554
171
908
771
263
294
72
1984
1548
1402
852
3043
1384
1860
859
230
816
259
398
155
1311
3285
1488
755
824
415
2223
235
1471
23
1938
7
259
1650
988
2815
1071
563
1912
4526
133
1339
1090
611
1267
1570
2961
77
302
2074
1026
2471
1862
6084
74
200
88
2118
93
693
93
191
1029
2131
1553
468
290
716
3033
1562
183
1714
899
609
2987
997
603
4153
1265
198
1698
47
1617
1072
1480
2101
1562
1195
2300
3332
635
1303
141
3352
1695
650
1628
92
616
1988
64
3378
2071
1480
825
681
424
402
86
804
241
964
3879
1095
725
919
582
1279
109
1795
972
1997
1821
2279
503
404
625
539
239
1005
766
147
46
1961
1042
791
3889
917
112
778
3657
1118
748
2373
3092
888
2147
1585
494
2819
378
3099
1728
1685
1084
250
597
608
1633
1679
448
2630
584
215
2754
2197
90
411
398
647
188
835
2810
1771
195
192
2757
4083
1288
506
363
194
593
2728
883
59
262
1113
111
58
1428
787
1364
2084
1696
1752
104
664
1646
507
337
555
128
2209
2468
952
1270
835
754
77
1207
2141
1124
1547
370
2069
1920
387
236
6355
391
472
1503
1089
714
1440
2313
1661
586
841
189
253
20
451
94
850
130
2025
1317
1112
1790
1049
3658
4714
797
1720
2159
555
245
1346
2177
1555
1606
1154
4145
684
2011
85
1203
2055
472
4141
4154
2425
1013
381
29
10
113
2367
83
28
2036
1912
171
965
2220
106
276
2516
63
220
246
256
238
2468
1378
3536
962
3829
72
49
2113
264
4433
973
463
4867
1509
441
80
156
3427
379
587
1638
1915
2346
504
1172
3324
279
853
468
1189
1052
1853
628
1278
2024
2096
1856
1713
3709
2906
110
343
2014
1192
36
1439
2040
217
7204
4685
1402
1064
1959
2953
1996
2402
1737
23
929
800
489
2000
231
679
1265
134
474
3548
3711
102
2301
1556
538
4859
1346
239
255
232
445
2130
533
1906
803
2465
1955
797
334
1192
2437
888
1766
54
2800
1825
576
64
236
2214
3419
66
1570
2497
3418
416
26
1935
467
787
253
2014
256
1334
1696
296
495
212
3125
1261
172
1579
4370
1338
144
2185
4717
180
28
1072
131
1387
1014
440
4267
121
54
803
696
3701
959
1074
89
1793
1912
969
369
206
2017
886
235
325
7685
2072
2137
1638
608
2730
340
134
25
541
2663
1568
1559
4646
748
5644
752
168
4204
1208
2016
545
172
1803
116
131
1059
358
801
1138
2973
162
2218
1322
1487
2182
769
6436
1622
200
723
257
2460
3602
789
1376
3133
415
5792
271
900
2265
101
1186
594
148
102
1217
465
1413
98
463
5
2596
2343
273
3029
1760
32
1100
2757
40
325
2348
1906
4708
463
3769
4829
1029
2568
431
955
1297
10
580
2862
850
2431
3116
294
2
3054
2128
1188
246
196
1324
1878
61
36
775
1095
879
1299
80
1443
3958
431
77
1903
188
1276
879
600
1419
1267
3032
3110
153
1577
375
39
139
2291
1996
688
4093
312
422
489
279
5415
2165
3195
45
33
337
405
1614
670
4
3427
3063
84
268
1924
1205
2014
3988
834
190
255
313
4323
2208
3007
4
2524
1080
90
4958
411
1351
509
2524
1448
564
2335
46
2369
1431
3841
845
476
1057
157
1535
1099
404
212
75
805
1319
573
1415
159
737
785
26
1950
12
1443
469
1249
240
4475
1087
418
131
5574
19
1019
2287
75
864
2055
777
627
2550
4714
42
2328
402
6000
190
1567
567
98
906
1570
3102
2943
236
3911
51
2704
14
812
1784
1383
1137
331
692
1191
1109
2267
1749
8
650
389
3854
864
775
98
1121
121
1334
71
1387
752
1504
2342
244
2870
1011
1376
1777
1267
1698
1223
1830
1259
2133
911
39
269
1836
428
427
519
795
809
902
742
4446
383
1367
2335
2345
3411
375
2822
401
2029
1696
159
419
872
352
74
2965
369
1611
3770
179
1226
153
3760
46
797
3102
3690
229
351
1325
352
510
3215
889
486
3564
3314
677
4378
1536
3063
223
2254
2638
2798
326
1934
969
2116
2363
1176
179
2902
3169
1492
1571
484
197
113
758
962
2381
3116
89
74
14
664
693
2081
513
711
1074
2445
1535
276
515
4039
1851
755
2325
4722
955
4585
1051
2241
1463
90
4160
1011
469
3816
302
2526
815
532
1102
486
1130
379
586
268
2723
3317
2763
719
730
1488
2127
1647
2276
1221
277
3028
118
2054
2086
4344
360
1154
293
2322
713
1608
412
4807
4034
2043
1054
66
1134
404
71
2121
1746
96
1096
203
1507
3150
386
2819
287
2313
1250
144
24
1510
532
1166
1271
87
3676
2495
6063
2953
488
927
4198
36
253
1303
2401
2354
815
148
217
1235
256
1603
1701
1489
468
4608
454
1641
6334
10
1531
2422
4098
1255
380
3884
926
2
1211
278
4496
573
233
1389
270
1713
870
1264
4224
660
2713
978
81
349
937
2778
920
3051
1993
1072
3713
2830
2594
857
2319
208
620
630
1325
445
731
2186
2411
2964
1777
2145
2792
3080
1736
414
1723
270
110
168
1077
1617
970
1891
296
177
2115
786
338
1981
488
2836
442
146
357
34
2736
229
1574
2128
1084
705
40
1325
979
1113
2133
1669
227
1643
452
3746
1921
2322
1934
1101
687
323
56
18
2637
1090
2804
1370
3096
183
26
571
93
226
4411
2478
1177
911
969
478
2797
1083
3020
469
1331
128
1915
268
2095
225
792
1265
2218
134
141
679
503
1020
451
2860
2032
930
1894
6361
1774
1948
842
1013
389
660
3794
2
658
1956
720
188
288
976
1147
3192
84
1268
583
573
551
23
319
4293
2644
457
3824
1364
95
3908
3326
463
219
4419
3640
1294
296
2491
2661
675
26
32
1712
256
466
27
4106
1374
267
1206
5663
3008
624
574
115
309
3092
2647
1037
3305
1596
2316
1035
2934
42
3792
903
70
3008
1888
103
3246
1386
3387
1300
816
141
3087
278
395
1832
3885
1599
3422
935
141
544
1440
7
523
1427
37
533
990
551
1348
548
4036
2593
264
3291
1099
303
5433
1427
1320
2131
3040
634
3124
1348
2282
99
652
751
1272
2600
1360
76
137
669
1439
673
892
3606
30
860
87
61
2675
1707
419
1268
285
281
574
3751
664
764
1071
285
3739
1758
239
2040
1634
606
1919
291
3471
632
323
1431
288
3398
1244
984
1891
2965
214
229
701
3134
652
1204
1558
2667
2507
466
1215
106
905
1533
2223
527
2474
810
3518
118
1746
76
643
407
211
2064
1348
139
1681
2765
1882
3650
278
547
3274
2609
246
250
11
1888
606
541
1246
2436
52
1283
623
3758
1037
1083
3628
1949
274
461
160
399
2869
1405
2960
485
4104
1940
3000
1510
348
1003
760
2454
2661
31
3393
1580
4988
200
2984
299
240
418
16
195
5889
171
1320
4157
2874
99
2320
457
437
64
1204
296
2678
2314
781
121
104
433
976
1615
160
16
751
2084
1570
774
127
493
3320
1114
214
3608
127
214
736
247
3885
270
223
182
1991
3585
1393
3168
8
1825
322
873
652
47
1148
1320
685
160
360
1538
408
1433
4657
3483
932
504
895
446
2125
1123
319
3524
664
1634
652
1396
765
2066
1698
2224
296
3641
1763
917
3795
2472
1316
3745
3902
99
1332
4049
8025
252
147
2827
813
576
261
458
7836
2707
3895
852
194
328
1652
2545
401
559
4317
1358
200
2708
1570
1754
86
2119
4988
1667
2538
987
5211
2608
7994
21
2809
547
1133
172
3239
2276
66
1367
3758
191
4454
993
649
243
2669
5666
705
1341
4430
2261
1384
93
2017
615
1579
214
4034
221
1313
459
2407
1952
125
84
2737
419
23
1338
2131
71
1025
344
527
1441
2163
211
1752
1719
2381
576
6398
436
1662
547
451
2162
1113
1387
250
362
2017
752
2099
2704
160
2259
865
2268
378
99
1316
1007
1215
628
3384
2306
404
26
41
2938
944
1787
1471
1284
539
3247
1329
769
1029
2054
583
137
159
5988
3976
1579
1679
2063
2028
179
591
34
131
950
136
395
2873
417
206
67
696
1220
2932
1720
1334
2637
2518
471
28
833
2282
7159
1189
1734
2115
1745
2329
923
469
98
314
3058
1798
331
2188
360
658
80
200
1773
86
2393
2774
705
3148
21
3676
1322
532
2139
807
530
1120
1209
2758
6189
1946
134
527
2664
6083
340
251
1054
102
37
623
2541
378
1379
649
425
673
4279
539
848
264
763
1017
80
434
430
75
468
2504
836
2247
618
3109
731
1285
102
1558
1500
1539
3200
962
1287
546
43
4833
256
1917
1529
1348
393
27
734
3941
5142
278
2220
80
2337
2450
670
1419
474
2426
781
596
6448
77
1451
903
1125
1337
2730
1775
704
2431
3303
49
2064
1314
244
427
408
6504
1375
1523
4151
3716
2137
129
999
973
1504
3188
3309
22
1099
247
370
1074
3058
1623
1019
1014
71
1533
1277
247
22
340
1572
3692
270
5590
493
287
504
1204
58
421
795
3590
3011
509
130
3693
2679
185
180
2488
3503
522
1993
748
256
141
678
344
4004
2346
116
5183
1363
2663
570
364
214
4306
390
2343
6481
243
63
3071
596
133
2712
1434
888
1262
366
1007
568
1282
583
395
848
305
1338
373
1491
46
463
42
364
1361
13
1471
98
147
582
809
1854
223
926
2036
3489
541
5728
516
472
1451
1682
4049
484
137
279
313
2055
1765
1220
1259
1218
2331
427
366
3903
4221
387
1344
2352
3124
2148
2218
1535
215
1982
701
224
4222
395
1080
2083
323
1153
1934
991
1702
1226
63
456
318
133
1949
375
918
1809
528
16
2551
72
5072
355
908
1017
2131
685
3965
1451
472
935
748
842
1525
391
5290
2145
344
752
22
622
322
786
1176
640
105
2937
186
2502
2072
300
1653
877
594
223
244
3416
4663
2218
2510
1387
3929
1051
2608
2
448
1290
1562
1940
121
399
7580
973
2287
1911
1592
1997
212
1017
457
771
1774
92
3040
508
1274
2478
745
500
2874
1005
274
1483
57
1597
372
66
197
1688
2711
72
113
193
1984
1593
483
1618
3378
749
3025
248
273
501
646
49
2736
2777
1984
243
2446
180
2857
626
197
3285
813
690
755
109
197
812
975
3513
399
2816
4888
3743
113
139
437
1842
3532
4818
29
416
4567
2025
101
3102
669
141
631
2713
302
6402
299
3835
4851
1783
745
1498
332
1404
233
1755
176
958
383
1655
128
2092
197
695
3446
593
1889
658
3084
119
723
1225
76
2845
2393
100
180
2518
932
698
68
264
2065
1112
1856
1716
122
654
2596
3223
1666
4372
1166
634
3367
2819
5679
1965
397
722
3287
1005
67
2502
1730
457
106
1214
3067
22
2299
148
73
3973
396
4714
1037
1204
206
1020
503
2121
29
1090
1043
4443
1615
560
319
965
341
3077
162
526
22
1628
486
1524
4917
2999
112
203
577
1122
556
205
1025
520
173
2074
1793
98
342
1944
578
4120
2262
413
1029
1194
634
180
26
698
413
250
733
790
52
3518
667
4157
2198
3538
2453
679
1019
1352
1244
1023
3084
847
638
4078
1688
899
127
2176
1102
486
2663
439
6955
1252
1516
1760
112
134
585
1969
2736
3538
1290
80
60
797
425
2125
404
404
183
2639
2329
1580
8
591
1894
348
882
688
359
1358
2351
131
7618
522
60
696
2005
681
3617
4594
1081
2081
1456
440
39
2647
296
36
427
832
1474
821
582
1635
3867
3641
3131
116
204
230
1506
197
1111
1813
1632
1717
266
3102
1883
1386
833
194
285
2411
421
2067
835
953
460
3534
1130
34
317
275
725
636
658
3331
215
1278
580
306
804
2156
159
2148
2008
1042
104
49
1827
996
3078
384
1836
1192
308
373
34
4676
606
2813
20
2122
520
5186
2274
1733
1305
535
802
98
887
278
544
730
134
1078
1090
229
1766
2661
346
3169
2110
926
1854
3211
1577
367
2183
733
1089
48
1730
402
90
102
1687
2965
1999
1206
31
807
1264
234
113
1797
66
347
1107
3901
7608
2224
3821
442
909
2039
667
389
1002
1911
3311
857
81
48
19
373
885
239
3102
1857
1014
737
372
1647
548
1259
543
2430
200
94
1955
1685
3434
1902
758
141
2206
2115
3943
2743
2857
5886
110
690
827
500
3052
1267
996
1647
243
272
302
463
2847
290
967
1835
26
1025
2162
1501
2851
501
2774
1481
862
766
1819
675
526
1159
1544
3258
51
1870
1797
524
1011
655
1344
290
934
990
162
719
20
4757
2573
1156
531
1454
3010
3131
1600
1030
2099
1713
2822
4556
125
819
271
1005
853
2283
961
130
279
3267
1580
2142
1017
1792
2443
1013
917
2084
2271
2238
3471
198
317
3110
1063
932
7
1291
2109
1529
533
3953
4224
766
1337
3494
2647
3244
2062
6220
625
2367
1332
4536
2028
1090
2545
4892
3976
450
153
1012
685
158
768
590
2644
313
559
3204
287
868
1238
1512
3812
146
2451
72
4278
2005
2379
3113
1363
1784
5987
454
1019
1247
1351
3320
950
2593
60
1375
4622
7255
1699
1480
1067
2005
1728
2492
501
34
456
938
749
33
982
1250
6198
979
21
2603
3422
169
331
1479
1661
120
430
4897
3629
2548
5230
707
526
1372
2258
387
841
1979
851
2107
328
253
360
49
1662
710
2955
4011
716
221
2589
2113
672
77
573
1093
1446
268
704
109
3594
593
1722
201
990
1112
3650
2911
1148
1870
556
1092
483
2
413
728
198
311
533
3462
16
2513
2877
127
1200
139
134
491
755
1707
1631
3768
1570
1246
95
702
1154
126
337
1844
379
1016
1740
359
930
3331
3319
244
791
1733
1486
154
148
969
1248
2247
3259
1338
720
335
4
2023
2526
425
49
568
494
201
2897
2084
1372
4701
369
1827
393
2326
223
1040
4194
895
1302
107
708
4460
1477
1034
2
2655
1214
2351
5411
4547
1284
1284
923
2842
3276
659
104
86
2650
1165
819
281
3072
969
16
1281
341
1975
141
2151
606
1669
798
2532
1246
1051
4419
548
2
7
615
16
413
259
962
156
175
1526
2185
369
209
3357
557
1892
1996
2328
64
2046
3226
212
303
45
401
163
168
104
1769
2474
6
1699
1786
36
716
61
228
3716
830
457
2145
1319
717
1908
1615
601
1544
2130
4844
2415
313
1641
1393
2528
221
1463
3498
2209
2321
2
295
2052
305
2376
2013
383
1005
2446
844
2177
1224
337
26
46
524
1144
2758
1589
3130
64
180
3681
786
2533
734
1122
3927
714
3074
214
1883
718
605
2323
2182
118
1463
6416
729
1888
4
3273
1558
2074
4107
1112
556
876
559
1819
3372
1383
39
373
1643
1714
2705
2119
378
2787
96
141
1042
556
2179
778
5911
1462
692
979
2741
194
3162
2955
3000
8515
1643
818
883
139
3106
1705
688
1288
1314
123
233
2115
806
1343
462
606
1148
2104
2736
666
6058
96
1000
507
722
16
772
1329
3467
466
624
778
1483
1367
4580
3166
859
319
1967
1384
1902
16
1150
641
5236
3290
632
453
1020
3176
2416
1630
771
297
19
3022
78
987
115
92
1504
2042
373
629
3463
3629
4902
1186
143
1386
1343
3711
2434
542
2337
139
1329
1428
2463
1542
524
224
1360
462
2753
185
27
58
608
2050
6
48
1844
4748
623
1279
154
695
848
693
1250
5999
3360
281
884
2427
168
183
2147
1967
2089
118
1185
1348
49
352
1956
1660
1431
1835
151
2201
590
3013
69
1954
1676
3244
332
131
213
3127
822
498
1136
743
90
681
780
1058
3220
2165
5335
566
428
369
285
4492
733
113
1060
495
838
1807
874
1229
856
395
1372
1086
2632
3874
308
500
274
1293
894
4159
1090
1653
4115
1655
3083
17
2187
305
1134
1634
1148
1031
3372
306
279
309
393
763
77
4025
239
1372
132
693
745
1576
920
370
143
363
1660
3121
676
468
623
515
72
2300
1074
32
1752
2288
94
1144
1077
1326
774
4970
2142
409
1098
4497
2743
220
3058
548
804
256
1976
442
133
1690
1889
1007
200
352
3857
323
4547
7
2069
766
876
1247
188
258
169
3582
144
2230
1845
10
1498
2131
5467
34
565
1798
1057
596
947
382
670
474
262
3665
3000
2089
704
1733
929
1151
1074
360
2061
17
2446
836
2393
781
1666
329
1483
850
1060
2354
281
404
2151
136
293
2334
2491
4
698
1206
107
261
728
812
2223
515
468
2411
1078
1871
684
5804
1536
2953
382
141
1063
2128
252
1349
2157
3034
95
60
1361
1206
309
892
2169
110
809
259
2172
1291
778
236
31
253
124
2274
1172
266
1902
2095
136
1501
422
2979
3
1351
209
80
3200
77
1241
2230
1481
1238
427
1080
90
3143
2311
3827
1270
53
2
2640
2597
2458
1141
3731
153
1101
1217
448
2740
137
1711
2214
2807
3052
500
37
477
367
176
121
346
1101
879
2853
1258
466
737
1883
1179
3223
5611
177
870
2658
1494
344
141
3527
1941
583
119
370
3567
2236
317
179
32
2521
2894
354
513
544
2728
1396
3943
2320
532
1473
109
1676
172
2265
127
255
115
1934
2705
1813
398
1253
1333
2039
116
664
286
246
2593
443
4052
1326
580
500
4040
696
2343
4915
3529
259
524
2243
1122
815
2279
682
915
1513
401
690
3016
241
1571
2964
80
1539
1305
1730
2422
1670
344
2230
5867
1218
1439
895
211
640
1497
3590
231
1379
422
2894
793
3493
1666
504
453
2450
265
113
1120
46
766
2160
256
2182
766
4467
1083
125
2137
544
113
975
1481
1116
2224
1192
87
2524
195
3917
1780
4723
121
497
1873
270
737
3037
797
3803
141
3492
2376
1512
2102
2862
16
466
3483
2714
1276
1941
2384
1410
1086
3716
2212
89
2967
501
1793
1960
548
3413
268
372
1725
206
926
4351
1252
1354
4363
678
816
168
3536
3812
1870
1036
454
317
762
25
1926
1025
4
1034
5600
1005
341
1370
113
891
452
769
1288
790
637
421
3485
658
2882
1086
448
2559
2509
1653
3730
2095
48
1837
2915
510
582
1535
3912
214
4150
7865
801
402
390
75
1207
2478
1282
3491
51
3011
4835
997
1263
3
1830
366
1921
1049
2958
3101
1421
95
3386
1065
1407
1685
2276
1521
4285
2740
57
142
745
489
381
67
139
3421
804
1594
899
495
66
943
1037
312
40
676
1561
141
2243
637
1072
1010
1652
3911
664
754
1894
235
8
801
3061
1355
465
2238
2453
154
2008
3891
725
530
1054
340
2937
1343
716
2474
1711
4179
2716
2812
2191
19
850
2620
72
1422
4434
984
596
201
1328
1246
692
3411
431
2812
3962
2631
3066
55
504
200
6777
2655
558
18
2512
927
2326
302
797
240
1774
1908
3069
2813
5987
2019
713
85
970
4086
578
4211
3109
3491
1294
894
1687
722
2845
1163
2023
457
172
3284
2259
405
730
658
938
1448
1122
4160
88
1075
1524
107
89
71
1649
1185
460
360
532
561
2666
1133
1220
1917
2194
1138
710
2927
518
317
2396
416
593
348
401
2602
430
1765
250
404
468
2503
2386
2658
2469
3384
489
3102
1431
1561
2920
5679
1
1330
768
230
1643
334
209
1489
240
558
3156
2912
2128
1460
186
3743
26
924
5545
77
1174
941
934
3643
128
1092
106
879
2886
2811
147
43
405
265
3629
469
5183
768
63
940
1660
1437
685
2112
3856
1214
2838
2635
185
1157
1020
496
5013
396
193
1673
128
1227
63
90
40
358
1579
1188
2214
780
96
530
43
3891
334
45
208
1172
2343
262
161
116
1558
920
2483
469
1147
46
565
961
135
1666
326
25
188
1252
876
4784
202
355
173
845
745
4360
300
5045
3212
3131
4946
652
290
5334
4211
1813
762
2438
527
4854
3271
2372
704
157
612
2355
64
670
474
2695
2069
1282
410
2551
675
151
395
3255
351
2313
6378
541
2730
679
273
2227
1503
1064
6606
507
1208
167
1019
480
220
114
2853
1399
405
64
1900
165
2774
188
412
2022
1649
435
23
829
1562
443
309
1701
129
3430
4229
1389
494
1510
1118
106
22
1258
126
576
1650
1102
1941
440
320
1746
404
3786
696
818
3713
46
1486
2259
2536
2058
2993
389
1320
737
538
640
2249
459
1264
2212
719
201
4346
2880
3411
217
1177
608
1739
524
684
602
1748
523
2532
104
1751
5962
728
1317
2580
1267
290
765
2232
1064
800
2208
625
2494
73
3060
1650
185
1774
274
1682
445
2953
2520
268
1752
991
478
1404
1398
3781
332
1026
2394
366
670
901
921
623
3256
416
1676
248
39
946
466
1714
594
1169
3460
3620
37
1178
1186
3329
2673
624
1611
1036
1291
1453
253
3442
1199
31
1241
1521
622
381
801
1681
900
4765
4086
1908
1276
2194
100
983
579
1938
2239
580
923
364
209
63
442
425
445
6926
376
943
1119
243
878
1930
2153
95
2984
1495
3075
373
1180
13
1159
221
442
1892
748
147
4972
4501
614
97
542
2311
2768
37
2809
1740
1551
54
1000
271
25
1712
1092
3617
4637
2746
148
49
4612
883
3247
294
2594
4381
4066
5273
915
982
1227
3265
23
1873
3311
364
1058
1326
710
3177
798
217
2258
1868
84
2912
737
282
352
2871
259
161
42
1160
133
1419
807
1198
284
423
1504
404
1506
49
294
1267
66
632
145
4340
1561
2564
750
1162
4287
5561
746
203
609
1526
150
90
1510
1180
1822
95
3456
4343
119
1751
978
2424
2354
278
2013
4099
224
89
504
940
3258
3653
1185
31
1468
1720
575
352
520
71
1875
5407
679
1330
433
1743
434
2261
3259
810
667
3303
213
1267
1244
185
84
2798
3862
2705
3096
327
368
2010
640
2765
346
450
166
51
67
949
628
381
1115
285
1614
387
64
396
386
1693
1941
3952
6664
2411
2172
3217
3425
3539
