real_Parameters :  gammq 	 failrate:  25	 Fm:  933.5408	 且最后的Fart/Frt:  0.774838864		   Time :  75.0582

75
208
450
577
589
150
165
681
82
148
865
675
383
179
1027
989
338
1059
97
1230
1375
465
832
1128
895
334
79
314
1317
810
650
1722
474
1362
2369
561
464
634
271
387
259
604
69
834
175
69
2632
738
1567
452
2740
626
1169
1053
1691
95
26
322
357
334
2375
129
2767
202
893
114
459
83
1155
99
747
46
316
495
389
157
106
606
791
73
100
1281
997
1750
806
1002
3642
1000
1672
1800
779
695
487
2387
2789
1928
236
734
524
1330
1848
368
197
2604
663
189
1046
1508
1057
969
446
663
1012
489
123
281
277
89
1663
150
118
1051
385
2240
22
214
682
526
2475
1322
951
14
1565
61
675
122
2244
1477
910
1199
579
528
1355
1244
642
4955
10
1608
1122
1977
599
967
957
539
2495
693
273
99
638
2124
2197
1599
475
120
1714
534
357
442
28
636
171
799
779
1806
279
232
1069
567
2028
1269
240
2057
1579
1150
97
146
1621
987
68
81
3050
281
800
575
1438
1071
289
1385
236
657
1293
1128
634
506
53
1074
977
973
446
528
281
771
479
193
226
40
199
57
918
995
516
98
193
504
571
446
175
65
1720
238
831
134
791
1837
1834
618
693
1155
457
493
202
991
330
600
1057
3228
963
651
43
855
736
2250
53
544
442
2187
557
959
526
848
96
465
310
968
1759
136
444
5
636
497
651
1028
1973
1544
2095
463
1080
1012
973
757
136
355
420
344
1083
942
812
789
489
222
832
953
1024
1602
1
134
1124
716
653
210
1185
189
2224
7
783
1563
487
1616
757
1271
1430
736
1387
783
440
640
140
1777
656
639
687
130
57
450
371
1034
642
1489
204
2000
293
910
1348
77
1437
218
314
104
144
393
1934
275
402
169
336
262
1024
2672
218
767
246
769
750
1112
1426
738
48
820
1916
275
542
2195
893
3
46
640
269
506
61
287
681
404
551
308
885
4069
1442
993
577
77
304
1944
297
251
569
2588
376
559
2983
50
455
1463
128
19
1250
2412
1614
2132
2440
110
432
208
797
1420
1906
953
218
436
1838
1526
4
77
764
218
944
191
73
1046
514
697
328
1404
414
842
1417
1590
487
1606
2197
12
889
1542
346
861
720
2036
1280
50
2486
622
1746
1897
22
1136
606
359
869
1255
338
418
9097
248
271
497
2993
2
1889
800
6
340
500
148
287
600
765
3261
922
1267
651
1318
1579
2206
119
238
810
975
920
567
4
534
1753
1067
895
314
530
1640
308
32
3046
142
2306
2000
912
3589
1561
2328
602
181
346
610
250
989
1579
1061
814
1744
1628
340
1924
397
424
802
161
1997
6
471
1089
124
1361
57
1336
195
185
932
155
761
1067
1636
146
1838
446
89
1232
83
283
316
1375
1493
1991
1495
642
55
365
383
581
1012
1953
91
1970
1785
375
277
3724
1812
965
469
936
338
1291
1108
14
220
130
773
718
15
2244
218
1824
1093
3755
34
300
718
977
863
626
1351
634
881
328
342
2622
365
79
744
2442
747
481
583
736
634
357
267
69
593
112
426
1734
651
506
1426
1824
350
56
1983
969
1600
542
1673
2704
1024
1261
475
38
742
159
2451
1845
889
187
855
1122
2012
1250
169
15
167
2024
280
678
2106
1218
104
2773
1979
1489
2399
624
714
312
185
236
1248
506
608
1247
108
77
803
1222
1197
1373
573
267
532
236
228
42
1323
1742
659
242
1173
165
702
8
150
3106
322
5132
1969
1034
1387
1934
1065
277
1228
2300
169
216
920
689
324
300
102
2638
750
85
110
814
24
3067
1608
2328
1906
579
1271
848
2175
54
51
246
893
242
685
14
50
716
544
1030
2461
532
479
1544
1065
1012
430
620
350
232
883
204
1214
108
1430
1944
75
1736
344
3440
561
2734
1310
1308
18
110
91
32
1224
1377
2
295
1069
675
1581
850
30
204
44
532
1765
69
163
148
269
6
335
1340
1536
1466
2755
1332
34
1275
255
1432
484
555
1434
275
2573
362
1751
4077
3422
173
167
1093
1304
1181
1426
1406
1055
248
1361
514
75
1063
985
579
628
1195
1755
1771
829
879
150
983
1369
646
2261
1100
1361
465
2295
877
377
314
2306
1310
1046
224
1750
385
246
569
330
503
610
210
880
530
389
183
3397
767
2381
861
302
742
81
110
530
632
34
657
104
563
2336
4044
18
1742
689
2150
1097
948
383
2791
771
481
377
912
236
163
1787
612
71
2167
465
665
483
879
1689
1232
202
1485
19
173
553
8
918
610
1318
2110
1481
2899
73
120
532
1079
373
273
1726
642
965
940
493
23
442
1077
1140
653
1089
897
668
1787
426
1204
265
1673
934
1142
155
1938
746
183
897
2422
387
999
1055
1136
644
1381
226
169
918
633
43
246
551
89
467
171
1367
1135
1071
456
1126
2
3312
2273
1175
451
1597
787
138
225
169
781
1330
740
426
783
633
602
179
534
1891
379
165
5641
1891
122
1740
14
965
1975
1348
1116
2232
161
306
279
2404
1751
1072
1397
3
626
722
885
206
350
6
3224
95
2889
1369
110
52
395
374
244
1689
502
1250
820
418
793
1581
691
1077
1140
667
2257
4581
269
44
240
4479
222
51
340
3583
154
1936
1204
1136
44
1277
1879
82
995
2326
755
351
1502
14
346
1091
387
234
414
766
1332
755
5647
587
463
104
2840
630
1967
1451
800
481
310
67
2051
1108
391
3779
1087
1373
126
434
1444
336
1279
481
553
224
512
651
1321
2042
55
985
912
3071
126
37
136
1671
283
1418
369
399
1940
226
142
275
524
4
3726
475
1650
573
2048
991
501
799
377
614
869
2793
510
77
852
206
520
646
1583
1528
1567
2083
2177
136
1034
1330
5138
2189
418
561
310
89
3506
208
275
99
977
514
544
27
1597
51
99
655
1802
1136
1522
1602
377
340
1744
2314
387
3063
612
2314
824
671
338
116
593
322
193
1210
628
865
300
1522
153
69
406
273
1985
50
3928
665
2060
1638
559
365
1446
57
140
632
524
783
91
163
60
681
1850
1628
139
2906
555
1853
124
1310
1189
995
2261
1573
1251
1353
2406
238
393
124
476
655
379
450
124
6
9
189
1044
18
816
555
1771
671
3310
1195
1030
598
881
1388
848
832
761
2344
132
305
871
177
1310
2489
677
1191
924
1648
1495
238
673
77
842
938
1814
379
1297
150
103
1108
971
612
1065
537
1310
3691
244
267
1334
814
259
452
1097
461
1373
824
257
681
849
169
165
700
132
481
356
73
812
32
832
250
2065
663
2734
541
783
63
183
368
338
1173
2732
1753
265
2461
1895
612
1646
3518
122
1012
826
1024
653
6081
790
2173
848
1261
602
506
1095
1324
197
306
2430
1371
775
883
730
1706
3564
950
653
967
1026
585
190
393
202
175
87
467
573
395
1151
2355
1183
1383
973
844
1828
1053
989
1533
1320
1346
317
999
2934
456
704
842
1430
1630
65
2722
768
821
63
1151
936
802
244
793
1059
879
75
1550
34
2250
426
83
89
477
304
204
485
1379
602
1367
128
4
685
826
238
695
4
4204
1069
910
167
889
391
499
1059
244
391
1071
1451
412
1919
157
1357
2583
85
293
865
1406
257
32
1550
1075
3046
46
2110
253
208
502
548
1338
191
1951
1269
704
1524
957
52
461
1691
220
816
181
181
1530
89
389
461
369
687
404
348
475
91
2642
1889
979
1258
1383
134
1187
722
1306
550
295
1147
177
2636
1069
546
677
1434
2714
336
622
179
265
189
1246
1244
1024
2555
202
500
440
1567
200
2334
165
493
130
429
2063
2750
85
265
2340
713
2085
289
3200
2397
408
193
300
1251
10
167
2118
134
1075
193
234
479
334
1224
95
1512
173
265
922
740
2134
275
277
461
263
140
885
259
2569
681
1304
314
744
1714
273
242
593
322
177
728
2332
2936
1079
3438
626
157
2275
551
565
1132
204
783
859
126
3442
2218
30
126
669
1693
48
657
614
287
4765
148
685
277
1381
51
38
1163
1206
1169
487
746
650
77
450
1367
687
169
1250
2330
1269
1295
687
581
1618
355
297
285
1748
1316
214
3040
1555
1175
1922
1602
195
167
153
9
928
1073
930
1130
258
785
581
1297
961
361
975
89
618
138
106
197
159
963
254
53
750
759
969
110
2465
532
1230
38
3736
644
116
675
297
859
1187
2363
1444
248
1097
1089
1850
1791
669
999
436
602
246
2222
2830
221
1289
76
657
632
1338
602
124
1285
24
2401
1791
2504
1155
273
71
1422
1416
1157
1242
508
1500
1685
126
26
18
1067
316
1044
1055
308
51
165
97
3732
1079
263
3404
318
735
2885
242
475
59
981
661
263
102
546
522
2210
638
1120
624
408
2761
355
197
48
863
530
1477
3753
12
1016
1161
65
1099
91
391
2934
1942
299
1861
814
589
185
2130
419
1099
1953
728
30
126
238
712
283
112
1077
34
265
312
402
269
1034
169
1132
475
685
385
442
1024
208
100
106
1142
238
610
8
1691
1504
165
1032
397
450
1173
1204
48
134
53
851
1228
585
1100
87
550
1136
3889
600
3750
1716
1118
482
2604
1138
375
412
2387
618
412
432
820
468
1146
640
490
1506
612
2187
124
1169
806
902
40
12
87
1410
602
73
1846
1871
291
25
226
189
1408
559
481
165
2500
2228
1083
153
1392
91
265
2516
3177
1076
765
632
922
1277
387
2112
1346
178
579
1726
116
1000
189
467
3473
346
595
2577
16
585
271
1042
406
2987
57
346
2275
100
89
116
657
1873
279
569
879
181
1693
185
1335
2750
128
1599
859
4787
1087
755
24
383
1095
1283
473
1069
126
448
1300
1985
250
750
644
1618
353
669
1783
508
1475
875
1014
426
304
1129
1824
1450
6
246
132
1606
626
89
206
155
2209
5
1085
1782
791
2204
48
570
2412
336
2138
4
1410
516
704
8
4385
540
3100
4
1069
359
2185
669
14
1230
385
67
181
551
2555
1173
326
328
1163
214
775
424
267
740
1361
265
700
169
679
797
1559
285
774
694
1095
628
1812
524
73
1755
322
269
453
385
904
873
1699
885
979
1132
551
90
748
799
716
210
153
1571
122
259
1753
2993
1310
610
1722
4257
761
3232
193
1220
49
1199
204
941
826
455
1075
516
1557
1108
1004
724
679
370
1212
2238
597
1299
451
1220
187
116
1826
404
567
1189
1314
287
1191
1255
955
1340
100
681
585
847
1069
787
518
346
1304
483
304
822
2138
379
1002
174
1204
369
844
126
2
144
1828
761
4269
912
779
1042
83
600
1767
1050
1616
1081
202
1334
377
163
393
155
1367
2978
1653
342
1155
714
197
1244
224
346
389
8
134
726
308
4
112
3059
767
273
595
250
455
1163
5042
1226
1132
2050
842
891
173
277
206
363
1099
2485
3136
24
983
334
1357
697
1557
683
3302
191
1671
530
83
960
148
599
1016
120
457
224
918
106
846
71
689
1030
1108
528
787
2348
36
1189
58
1822
857
689
880
267
421
338
908
495
682
914
1630
838
512
1500
1822
1132
524
2234
475
138
140
83
320
285
334
512
1450
1632
893
906
1716
74
51
210
1897
893
424
297
720
58
4028
73
440
1601
3020
1248
1014
2285
97
179
1473
1238
2600
1244
228
1951
308
1693
595
287
855
259
1447
138
191
112
1351
1789
1199
2181
875
473
77
363
1359
1112
914
785
420
2995
1930
1324
402
771
204
48
626
938
855
1291
634
679
1404
1726
293
787
1495
887
151
1038
469
2077
3296
187
597
1255
251
1995
771
832
138
304
1461
1167
1079
2377
113
1608
173
426
1516
57
2238
891
591
399
3
995
563
1873
410
577
1036
157
603
17
240
746
699
395
502
2004
2187
475
1124
357
142
659
2179
491
608
2032
166
724
1608
1038
734
3706
944
285
124
193
1882
771
595
1614
389
518
420
1238
746
116
1
2455
403
681
569
1320
524
2197
50
308
1369
289
300
134
432
2104
389
69
1508
875
332
1538
1602
1328
693
1622
340
108
640
450
722
1769
91
442
761
128
477
753
448
318
5546
2020
1108
1963
1232
108
402
171
624
720
981
1451
24
3836
440
981
104
146
189
826
824
828
1879
4018
1265
793
1077
1232
499
330
951
133
73
587
6
2538
1546
40
661
357
583
1804
774
155
265
1465
99
1818
695
391
2214
2503
1628
10
2006
208
150
306
453
1791
2136
75
508
148
4281
283
1488
44
381
2005
61
253
1018
793
95
950
373
79
59
704
244
1475
216
144
984
634
1361
1440
1157
350
3148
1812
599
1704
477
77
1638
899
2075
510
1202
1120
199
2706
1470
1738
557
140
644
879
591
483
338
367
851
148
1493
412
2116
479
524
910
163
450
3102
1604
61
383
120
436
1392
832
799
1608
953
206
1455
118
155
2150
1800
459
1402
377
508
223
2506
112
669
2542
923
3563
2314
163
604
591
572
1977
487
285
900
265
532
69
173
234
465
473
746
857
185
287
1650
1000
1628
13
563
2
924
1126
206
146
1330
410
1828
1481
2079
2089
842
1002
283
680
1571
63
2869
1332
820
79
446
920
444
1148
238
342
381
910
1165
130
1348
155
1528
795
128
2283
1071
2561
530
222
1499
120
208
218
55
404
594
799
1604
522
2122
804
4187
1416
648
262
1797
887
1359
436
1702
1051
651
118
212
1022
191
340
265
1806
1183
965
1069
1220
21
2264
736
110
1453
612
314
69
1218
669
373
153
693
2885
738
2497
298
814
408
681
752
34
722
36
383
242
591
177
814
169
624
1765
236
34
475
592
1651
2010
602
3836
895
114
753
773
122
736
1236
467
2010
200
526
463
779
373
1344
3999
589
499
5079
659
42
1318
227
226
1655
159
2693
561
3334
422
226
848
677
1610
757
1320
943
2771
67
220
493
553
410
3200
171
3579
275
102
226
202
1759
844
1085
504
2
710
1242
2793
3486
204
5253
359
126
259
132
581
1477
3893
69
1348
363
1077
1516
199
3842
1944
6
383
134
685
473
175
125
316
1644
536
132
118
1259
1478
751
70
269
2399
357
351
346
577
1089
867
4012
1424
1771
244
200
225
1000
591
161
423
2108
262
406
1502
36
255
993
1599
26
544
374
481
81
618
116
22
255
733
246
373
1187
399
1967
418
395
1146
1131
618
504
693
789
1773
1769
1179
1313
514
1220
455
3187
789
332
4
106
81
110
2699
261
408
3293
787
1746
855
1853
2542
1388
2
404
2553
1232
950
875
62
322
314
712
1136
2
463
1865
4010
1469
222
134
589
2422
1636
1906
773
4132
1575
171
655
4195
197
604
3
4197
300
1576
2071
2476
489
336
1290
408
75
2606
2463
306
10
1161
1797
1152
20
1442
649
918
1224
1159
389
192
26
20
1022
689
2081
1063
3332
608
2189
406
899
2226
728
1399
602
736
2590
87
467
2
140
283
2304
686
740
165
597
175
59
756
642
1220
2142
2636
110
426
1053
1889
1487
16
1746
567
942
320
1097
1246
989
63
1797
2576
581
1867
577
420
942
640
981
330
714
97
1185
471
832
55
365
1175
102
1332
626
2616
4
2393
853
106
1875
12
255
255
420
769
102
385
812
726
622
1010
2728
1813
3357
122
1038
800
599
32
640
716
1342
102
254
455
897
2114
1850
769
648
3130
132
1087
112
3
1124
1889
1169
687
550
163
726
908
675
367
1696
2118
634
665
840
782
565
407
3055
334
17
3130
38
1779
387
1602
3418
1912
2383
146
363
620
818
1030
744
405
48
893
51
591
2422
104
183
514
1793
269
302
2367
242
3151
528
493
1471
606
1487
814
3195
57
184
1242
770
50
77
1200
746
2810
959
210
1536
924
1093
1883
336
508
1779
963
210
3485
1440
199
2240
51
663
459
789
1210
75
65
829
2106
224
1042
166
173
2714
1642
1061
42
1259
140
779
1236
595
2708
3312
438
651
173
406
957
326
295
914
450
3530
87
812
283
3049
200
524
230
950
991
967
1544
926
2095
5738
2724
497
146
3276
359
3050
348
283
1687
150
3146
151
216
479
208
63
2395
861
706
377
273
2891
48
9
793
10
183
804
104
146
1634
28
444
497
951
310
1491
1279
1197
250
1540
106
279
1389
1242
81
2593
110
563
1965
457
214
626
514
40
622
99
526
3871
385
1220
573
544
633
1677
50
42
442
118
208
1095
2951
3846
1194
1279
1602
569
393
1551
2993
1026
755
2045
1785
465
1959
3814
3085
1800
14
1055
216
1051
604
1504
364
404
1622
126
2026
1069
744
171
1714
773
130
1273
449
1642
1603
1465
2330
3314
301
1361
1720
1174
2142
1197
753
991
112
738
157
538
804
63
144
265
175
277
1102
177
10
1802
336
455
940
124
699
331
2030
404
2
438
1077
642
777
550
1553
652
1444
1867
4
989
157
44
485
221
604
248
75
361
563
1253
134
1514
1059
75
40
291
12
915
753
922
1620
91
495
748
695
1024
889
477
312
712
1669
165
175
4526
650
18
322
934
1067
234
128
893
777
185
804
1081
232
569
357
297
63
1173
1472
22
1400
881
1418
332
259
104
330
295
757
401
806
899
44
892
318
177
22
1455
1689
1320
53
451
1112
602
773
1063
2538
1097
69
332
2891
30
281
1300
1128
6
348
2883
363
306
224
1228
1171
472
530
785
259
573
233
1061
246
1102
4
775
1602
116
1030
962
1046
1887
1738
1171
3059
238
1632
430
1679
510
2
2565
79
305
430
199
1224
9
626
1287
2908
1947
997
116
181
332
687
220
399
797
1375
899
50
750
2379
1589
40
3942
942
6
269
79
789
2130
1832
818
2781
532
2908
3330
551
438
530
846
232
1179
1061
30
977
2095
861
504
673
353
722
57
2736
1612
540
989
2183
348
1800
681
931
504
2206
65
1538
659
16
53
147
316
22
40
1583
363
144
159
2050
216
1048
5165
457
146
381
2689
585
79
3989
102
675
1996
1600
322
422
365
3461
302
810
773
965
246
1040
873
1110
328
4
1051
951
3504
2377
1810
1130
730
76
218
248
455
908
704
412
2248
24
183
1046
3089
20
1057
2820
559
471
563
1357
748
308
2544
450
1351
1320
86
402
512
93
18
1610
2099
236
455
373
104
165
185
234
114
175
1775
344
65
1132
581
576
1114
3444
2008
626
2318
1200
295
2295
1093
65
457
38
1189
1185
393
1761
2161
554
932
42
297
1969
191
1236
720
657
714
228
389
65
1126
1479
63
810
2595
1150
608
332
122
1350
3736
1095
2336
665
306
3
2424
432
1514
75
1620
422
406
442
132
1155
53
208
511
791
1018
524
1183
1467
2477
1134
2353
123
1249
1151
10
379
171
98
1909
163
1158
1126
444
214
175
1126
250
2550
463
850
3891
2530
2310
393
957
1397
961
716
846
665
267
37
2246
530
1781
359
867
2377
5
6175
498
373
381
136
2151
240
563
2293
3936
3831
273
1508
453
116
208
59
508
1675
3477
1546
126
93
51
2822
34
312
624
246
1187
857
497
900
287
363
890
2551
730
263
4393
1924
238
1110
61
1508
2028
1028
59
855
220
1518
83
1946
5332
1102
2016
2328
2563
97
1657
306
461
181
1246
1730
728
1559
1208
2632
563
746
199
155
312
1168
859
334
1828
1397
175
1891
1297
436
750
1267
387
1012
1214
967
165
1166
777
1702
1344
802
738
769
1271
175
1057
193
1550
710
500
2306
1448
81
157
2308
2034
79
1544
1489
416
3644
2534
500
950
1608
1704
1173
624
177
485
50
20
1265
851
2495
150
593
879
1653
1800
352
1057
493
912
655
2036
889
519
991
977
673
271
381
718
999
81
50
818
840
3979
3193
1269
1640
332
1114
479
1681
624
291
1234
822
220
3226
546
14
665
702
231
499
944
991
781
1765
547
297
91
204
522
110
1444
1830
693
1346
1667
2828
569
726
4146
490
110
1178
979
2089
357
191
555
777
44
538
563
559
4287
40
26
402
1652
322
889
855
8
804
57
1424
375
565
1622
218
522
110
1889
414
773
191
344
1589
97
144
1500
238
432
2814
1565
136
2
53
1602
1374
212
3036
1387
495
314
1024
1169
618
195
457
193
2459
302
2148
1161
20
140
1946
279
100
1116
104
1220
1491
36
781
30
3536
516
1448
567
673
920
218
408
148
1375
951
908
381
500
1653
581
1065
2516
140
1504
2199
142
901
369
1657
8
2740
3328
342
493
3477
1220
44
212
659
657
2248
642
1535
1046
1940
424
1481
306
26
600
218
85
254
185
3465
165
114
1985
657
744
1115
1936
993
97
1193
897
275
622
65
893
2346
848
1910
744
955
18
699
2287
777
707
569
281
1432
553
767
28
553
2771
1975
802
2531
53
291
1702
3
520
1716
10
504
112
2455
683
1442
277
246
1667
1957
289
742
320
648
1
1334
1022
1657
242
704
577
1100
2457
69
3012
2065
557
1224
36
485
1391
2493
1546
708
2107
1759
1097
2234
367
144
242
9
1778
1640
471
797
1861
1018
402
655
3183
1704
134
167
279
3979
550
791
463
1418
181
546
624
61
1485
1269
532
69
399
791
138
1640
493
869
906
452
965
3657
557
120
302
932
1414
299
495
1269
1963
1332
120
840
2450
1012
920
2453
169
1587
1799
2059
514
834
228
1793
191
336
66
973
1155
1138
767
594
1559
87
1693
610
108
426
169
151
1185
91
308
393
479
622
242
1471
1220
510
1265
2128
1055
861
487
220
126
300
3267
24
1371
99
238
1483
771
999
2130
283
1304
1132
1738
3
50
197
1414
345
682
581
171
1238
52
559
695
722
1146
2346
3765
2163
1050
315
1648
799
226
84
1387
1712
365
1922
1617
765
1884
585
2353
1363
2725
1591
857
730
638
1269
739
14
2550
779
1223
167
1085
1028
1571
673
1022
593
4577
716
432
285
194
363
1628
1961
2920
50
1179
179
2493
436
300
2771
3667
200
624
1444
1491
1138
740
2723
420
779
1440
824
940
1557
3017
736
475
200
1550
224
14
204
1181
359
334
1085
114
644
899
385
853
2499
1381
330
751
253
810
1450
448
219
58
675
199
1016
532
3389
89
240
1309
4891
187
248
1257
200
204
89
1448
71
1579
1838
1479
765
363
2971
1593
951
430
418
3220
1250
773
779
1528
2163
565
53
883
185
1116
222
2946
1001
1222
1764
179
553
2608
573
979
914
155
1995
145
1520
1467
851
165
448
120
575
467
516
1320
116
1291
2732
2
555
440
610
2391
908
555
1028
1197
455
110
87
167
1318
3789
2038
1777
1218
116
81
1459
1355
410
1744
1477
759
1863
322
1683
161
1887
2808
1379
65
426
2867
275
463
124
1589
512
610
5379
493
753
712
4295
418
1100
251
514
10
1542
2032
580
73
559
662
410
3134
108
117
10
3036
757
697
232
3244
1827
299
132
804
553
312
230
759
183
336
524
571
330
1924
457
326
1146
1493
2532
52
197
1316
1214
11
485
1350
877
169
2579
451
936
181
244
683
391
1438
563
800
175
1728
2936
289
973
1330
1750
2067
71
75
500
1546
132
2126
975
528
1246
1689
1061
40
1551
1346
1212
231
2832
818
204
979
246
423
428
451
685
469
3789
365
1004
317
670
1142
1138
988
626
830
2877
1760
150
334
1267
697
26
1693
1346
2875
346
808
916
550
1499
1857
44
136
920
8
2150
412
993
477
497
873
1530
24
322
793
638
134
1181
304
32
971
658
195
2269
330
2004
104
104
727
404
1083
263
260
830
893
1826
2455
83
716
832
655
297
3067
142
657
48
1322
540
1026
1262
1969
2606
3083
2338
1002
125
289
1454
702
281
2034
226
2299
269
772
351
1338
412
661
448
216
2
179
185
1842
620
79
30
4448
740
679
1124
40
99
973
399
175
957
1371
1042
69
2589
2675
514
808
38
1718
200
534
708
75
1047
1904
124
244
457
5136
606
853
232
463
622
504
151
83
1367
3616
214
563
1142
36
2022
1549
171
34
316
38
53
508
2604
410
822
18
3577
953
1167
455
681
728
381
71
550
34
749
334
1354
242
228
634
124
1755
57
2251
2593
120
1199
2765
276
1861
126
2
899
1912
700
222
367
2012
891
491
961
648
134
434
644
151
679
1938
1477
128
2304
2293
1253
287
914
218
2436
738
377
359
1334
1304
169
346
1428
3650
559
1373
210
2135
1750
2016
1108
1310
575
310
653
273
2189
797
826
587
4
44
455
1226
928
2199
1124
499
348
861
679
1422
2465
908
81
3030
408
1791
40
444
587
371
38
57
440
1979
923
116
363
187
7
297
402
1669
3542
3046
479
156
342
157
187
885
191
622
522
4253
242
653
1204
459
63
65
1860
1046
1087
3318
2
720
1179
665
2516
295
1320
261
365
557
1606
544
342
1055
897
1789
1412
1512
1981
1306
663
1754
820
717
1402
340
1426
816
146
853
638
36
1936
34
1367
1793
628
544
946
338
2795
51
132
173
1322
2485
838
404
2493
467
497
2385
310
338
177
242
75
832
4197
693
41
238
526
189
261
2
3473
367
165
14
1167
138
8
146
253
1130
4038
359
391
1526
24
2555
187
159
617
506
553
1428
657
1759
104
493
569
18
699
1400
2605
950
14
1963
1157
1185
691
134
693
1793
148
1300
1140
2385
655
506
32
955
1987
44
51
142
379
259
1944
904
448
357
38
1785
2253
214
475
138
148
1451
171
104
200
128
134
142
108
79
334
104
193
452
363
606
1561
2181
275
630
53
634
1087
2
861
942
2450
521
1667
961
1393
312
1002
160
1148
1222
500
179
391
857
99
663
278
616
1524
926
2055
632
136
357
24
34
1442
230
595
1226
371
804
1242
500
783
257
540
618
934
2302
867
1114
1481
1012
1610
587
1169
44
2916
1463
1159
420
220
551
1526
1016
168
934
1389
175
512
1416
967
2334
2
1534
542
418
1695
450
755
1138
364
1197
983
1010
1432
1277
202
3528
2118
95
442
133
951
235
895
1450
426
1010
565
88
910
746
224
220
950
120
826
1067
926
1661
363
1189
4665
2732
6606
2985
5702
