real_Parameters :  golden 	 failrate:  25	 Fm:  1831.5234	 且最后的Fart/Frt:  1.0073378700000002		   Time :  242.5544

517
524
664
132
556
292
1082
788
167
1298
1054
629
1194
1558
216
1242
2591
1604
1920
945
533
706
2113
3025
1470
3665
3174
4080
2986
1079
3662
1029
3820
960
77
2111
3729
274
3001
5317
5651
652
900
2036
841
1644
785
5057
592
4177
6642
6785
908
1477
2347
1172
877
497
4206
3211
4131
907
6898
4748
146
5659
1950
195
1671
2142
6841
1907
1937
652
2633
509
3493
198
347
102
904
649
4179
365
2015
376
64
3509
3094
30
3913
4697
462
3963
4575
1240
5262
1290
846
3116
1416
2340
760
3277
2501
1298
1714
7623
1016
4782
480
1133
2591
1568
277
2192
687
4125
353
271
4164
85
5956
2241
1919
318
234
388
8713
169
395
3146
945
545
2659
1717
1298
1237
464
2802
954
2238
123
1703
35
1923
133
350
3578
3546
3609
3343
3729
841
2188
5083
337
8224
264
359
1525
1581
76
1131
313
3371
2246
606
4903
1725
361
2289
1447
1499
2298
1081
3635
7072
3281
3216
5120
7941
1242
2452
10
2289
99
44
118
786
202
93
3191
1331
1721
3128
5493
1662
3093
689
1926
2989
2273
1718
4384
2573
3578
2096
228
1668
149
2827
79
120
1476
727
1172
2042
3953
2552
3266
1056
306
1418
1430
3004
505
4171
709
310
6156
273
832
3153
4541
4
1450
121
1932
1100
592
2849
148
697
1766
1967
1812
1221
1948
3718
1408
2272
519
1242
4693
4539
3305
922
2770
15
756
1666
606
384
486
5108
1124
5791
293
1185
990
4495
2158
2981
73
380
2050
971
681
5770
5271
142
68
1138
1228
2021
99
891
1621
1347
3511
2669
2571
533
4585
306
1520
1982
6714
5379
1781
5029
566
277
3887
2397
30
529
2913
4917
158
1619
5449
1628
849
1413
775
1044
1639
1771
158
1176
2317
194
2944
441
2045
12
76
1039
2084
165
677
1487
1324
4323
447
1304
783
4744
2642
2137
646
1581
202
942
4184
219
3053
5662
160
1495
4577
3129
4474
55
1371
2020
626
425
827
53
2720
4277
2166
729
1512
624
783
2235
241
37
243
1260
921
1284
2862
1861
990
129
3261
785
330
830
584
1582
633
194
2094
51
1582
244
499
232
1066
2152
5323
8880
9492
1682
1957
413
8626
64
5385
917
295
3368
1955
2079
2996
425
2018
1414
332
1312
1846
1531
1000
766
3096
581
8869
32
512
4829
1060
1884
1980
1196
2149
471
595
1855
9364
574
1267
43
677
564
129
199
1389
1738
3874
174
3799
4548
1114
3750
447
3070
1178
1942
1074
3535
276
1478
752
2576
1499
933
1145
1216
431
1999
11773
2213
3315
1426
1345
696
7738
464
5186
557
715
1078
1479
906
1765
2884
2505
161
915
2456
240
1103
3696
2091
4995
709
895
2813
5531
849
4216
486
1051
1811
1242
9971
4700
409
1011
116
1854
1459
219
2300
518
264
2246
459
2976
1808
664
1616
1103
3371
70
7199
397
1997
636
857
417
595
1328
1290
451
79
79
1619
2249
3356
9073
4891
2649
1190
3185
434
1416
413
366
1998
2773
1043
360
4015
3138
2124
4750
6923
2552
2238
601
117
492
1268
896
6806
308
5321
3310
56
125
841
449
718
159
99
5125
1341
1211
2592
1668
1777
1013
4941
1047
1496
693
8070
258
1160
2081
493
750
1942
1018
2286
1379
701
3278
146
253
194
1724
225
2668
607
3914
355
508
2356
399
5780
60
492
2409
786
4051
241
67
1508
163
656
2126
1196
1062
1464
2582
572
246
350
2288
18
1032
4403
1967
1538
1295
3881
1231
146
1405
1237
302
3788
699
573
537
656
974
4073
129
1070
5944
916
2479
4071
1441
4968
1957
799
712
1047
1177
2182
1830
2521
184
1349
691
1196
1976
4118
7583
1237
775
345
2526
2315
1731
1164
4413
6362
901
5298
374
761
257
4218
507
2761
88
2127
3197
3826
1181
4830
754
1443
2133
2294
2043
3864
3084
3886
2240
1913
1896
3639
5112
562
1744
999
1925
1773
3401
847
2387
215
610
2359
2524
558
8085
2773
689
268
810
709
3529
3746
1655
627
4754
1345
3260
7502
512
4826
2180
107
1676
321
1721
3
4310
304
368
180
558
2940
295
2330
1613
422
2205
2248
981
1890
412
2500
1595
381
2642
322
839
6433
718
65
1367
662
2492
1012
455
1330
1464
2104
729
2424
2762
958
1845
70
677
1104
5638
945
992
836
715
4507
37
833
2035
1609
675
922
2572
1029
2196
203
509
4467
529
1103
151
1857
780
3779
626
221
3659
58
4524
2558
4149
556
1748
1855
772
86
1539
2637
942
326
1679
3607
2273
311
7858
744
105
247
4697
215
476
717
449
1651
2518
2861
1937
306
842
2511
730
1587
2911
2441
890
1612
1324
3900
29
2720
56
286
1397
240
2051
3484
1771
326
918
1428
1793
3445
717
1911
66
349
316
672
5135
1759
1567
5484
497
700
7284
13
5566
1693
2391
284
3022
2161
549
1681
1413
3643
4585
589
1593
3362
177
2055
6452
434
2251
3158
2091
2150
897
2673
1411
590
533
4361
620
4307
547
1088
1907
1190
2169
2703
989
2543
1280
78
2786
2120
1537
4868
1447
2187
73
3709
469
183
3843
117
1097
1428
590
3456
2855
2152
2141
385
1230
670
540
132
616
241
5011
616
12
56
2926
831
770
313
470
3268
115
470
1977
17
7921
6597
5563
4649
20
767
1228
4435
408
630
1552
785
3753
1446
1588
1090
1021
1241
178
330
887
3557
3371
2198
556
73
327
4345
4552
720
1461
4237
2307
1312
1767
977
164
1537
387
792
4599
1154
2874
260
588
455
1371
46
2921
450
5533
971
828
497
5343
966
336
449
427
967
300
5189
4154
823
2590
1665
997
3237
1045
1233
444
124
2627
2318
144
405
4797
8377
121
3262
3658
1633
2736
557
5213
73
2665
658
521
2135
3579
3900
2811
420
659
2517
106
753
2482
912
1003
889
8271
5075
345
917
129
1432
1664
1194
1133
1086
3820
1132
1936
1138
6202
2972
299
1938
820
1767
3958
952
213
1291
3558
3549
85
260
624
4935
3443
1359
332
1141
184
130
834
1490
575
1725
11243
18
74
1956
1899
772
2947
791
457
461
1123
1031
4206
487
2866
1562
1742
1700
4686
1767
2030
199
4394
920
2279
1999
388
2699
1246
1415
366
472
613
581
1580
884
1316
1034
546
513
108
601
193
2006
489
1033
158
1051
908
928
327
1296
3053
291
1697
969
1199
1013
4587
87
400
211
2783
122
1411
668
1084
1587
2327
1840
207
1547
4078
2097
1236
281
759
196
2739
694
170
5453
1884
1011
65
5373
536
2797
1689
2612
1808
2842
67
1180
1482
1867
13997
1175
35
1234
1531
275
1489
183
9015
1225
1226
430
242
2085
447
2432
1816
394
662
4206
9055
184
3280
731
5174
1961
829
376
136
372
391
246
586
1966
2120
3016
1608
771
209
886
3907
254
1488
460
1486
2755
1176
173
6595
123
3837
1024
38
3836
1330
4629
370
2830
1510
849
111
1
3365
2831
663
69
645
1211
506
5187
1225
5603
2536
1584
3658
4057
4654
3037
2980
1395
3945
115
156
953
380
199
4151
1607
717
2960
1562
1193
3895
795
2226
2566
2516
181
2696
2274
3527
144
62
93
1573
548
586
3293
1497
36
505
280
703
220
2573
7030
2484
5297
1101
1798
1898
1245
1068
14
3546
1425
1537
3955
742
1545
1412
4015
190
1885
3485
1542
2828
1397
1014
563
680
722
2770
171
210
169
4099
612
8578
4037
6
1734
681
307
2932
3001
609
1167
11568
886
3107
2479
806
2493
4324
8398
1374
4423
368
1534
2298
1469
319
3123
654
875
2906
1711
110
2665
2839
3202
2004
487
1026
1028
799
8116
1932
630
1446
35
1275
1105
870
233
5780
3213
276
2065
6341
8181
1221
638
243
284
1257
777
4084
761
5451
3643
2222
496
521
1310
2531
394
500
563
613
3756
9161
5035
651
55
365
993
2448
1975
1877
2003
3770
404
560
269
2433
3354
3124
1275
703
2431
4674
294
2122
2493
636
346
2740
122
3250
1583
216
40
2725
3636
2100
260
1615
3349
982
1431
2390
1339
163
731
508
4493
1119
718
2126
65
423
330
362
2306
551
155
377
44
488
2517
814
607
2593
980
6094
1406
483
43
399
1362
57
2269
5310
1405
3291
1428
598
1028
563
2615
813
805
4125
229
304
1485
2288
2759
7402
1951
1634
473
2891
2001
4679
1676
6146
1570
1263
2721
460
1604
1045
235
1106
1957
190
223
50
990
2046
1038
670
410
2373
490
827
1412
740
3018
21
150
249
6524
1764
2648
194
1519
53
485
1420
1138
347
291
1870
275
299
1922
2456
828
1390
2295
180
1446
203
13
781
90
8089
2748
5552
1475
582
529
1623
5156
592
841
1523
44
3327
216
557
937
2505
1465
1000
1107
233
6128
1606
5182
2826
4788
935
781
11
9706
4032
445
116
524
5938
12108
453
801
2836
21
1287
22
2065
2758
362
312
132
1989
151
574
1724
625
3155
1635
827
2577
585
1267
171
3622
208
3001
229
1039
1597
318
3297
2108
210
1769
1785
2464
217
3642
57
665
1487
2187
438
722
14
1671
4355
765
255
4339
486
2148
4274
5093
1065
106
597
1533
4286
2862
1148
160
1639
634
523
1564
4095
1333
269
377
1656
457
3248
1754
3963
12
99
1601
1359
4241
2761
483
1757
4205
956
498
561
2453
2685
497
8528
443
2142
633
4450
1859
1886
1097
2256
916
2201
4692
1957
3303
1375
2535
340
3512
3903
5164
4061
7276
155
139
6093
1
1715
623
1983
152
1106
750
1433
1163
1212
3035
1601
115
1572
585
88
854
3288
1123
2613
2523
2449
2155
3349
1441
1961
58
1342
174
792
2318
1887
207
998
621
1303
3812
167
4021
1472
1444
244
1138
1351
703
1948
467
1122
758
369
65
236
1783
916
368
1237
925
8274
3321
1514
793
2998
538
1149
1255
1867
278
1913
328
228
66
220
11344
6948
1856
267
1248
782
4717
1023
658
2561
5705
9151
172
957
284
868
1438
2504
2224
4584
363
1464
1298
4328
1487
1088
656
598
598
91
3149
90
914
2238
3452
760
1933
1190
3759
1570
2655
2855
1104
2304
2011
1541
2726
2544
196
41
4948
782
1575
1289
5172
474
499
2593
2371
3199
1076
3356
2225
643
1605
441
1508
710
1817
1199
332
1269
6401
1784
789
240
1539
1076
3310
2789
533
944
263
2189
4746
98
338
1248
5121
1933
3777
1272
1893
7200
1219
1104
2963
20
122
931
3668
966
2297
1952
2773
3030
2632
860
2117
1572
1071
1756
5219
3633
296
1698
2277
2137
3049
4843
968
501
7495
750
1387
602
2512
1215
582
2441
314
173
513
892
287
233
3708
1493
1226
4498
3
3767
989
838
223
2199
4089
1870
351
3047
543
1581
2083
2415
1974
654
1189
2283
400
23
3871
505
1470
3545
2550
2051
67
2149
452
2741
1097
1293
2815
1083
6492
5998
6738
2576
60
499
62
1814
1201
3372
6707
1530
5309
1065
2347
2635
2371
41
2260
164
1330
931
748
1292
508
1563
385
1491
173
1291
2059
3050
170
622
2229
4333
1706
2322
232
931
1035
3584
1075
2642
333
3349
112
789
1245
1641
4496
883
9601
257
1135
136
5453
575
2318
1018
1227
579
1647
2152
9447
105
1846
1118
1645
3000
3756
4003
842
3446
2210
261
822
2010
6893
601
1642
120
1354
955
1123
330
993
286
455
149
1358
4569
308
1815
906
24
8838
6473
721
663
1597
3097
277
575
300
2603
5258
2175
836
728
416
2252
1221
1575
262
519
62
8007
677
645
6158
6805
315
3735
2643
1
10865
2435
1958
4
1392
764
838
2205
2435
307
2216
1274
2621
1582
199
6899
236
54
1790
835
4025
1477
3312
2382
91
3792
1231
1210
853
1483
8228
243
1001
950
1305
124
1237
630
385
484
569
27
1872
1376
567
3182
958
1072
1891
5529
526
1781
150
281
3711
5601
640
2585
852
566
1333
2320
65
2159
9705
68
2686
3931
1581
2250
571
11553
1312
6076
163
1030
44
1455
195
432
1000
5500
8056
1230
2339
8425
4210
498
1906
2441
890
620
2567
4207
447
817
2347
6465
6189
117
3376
3534
1244
91
27
5724
336
660
97
8320
2488
2276
8059
310
1414
101
1676
712
6300
100
5190
1223
126
2441
1847
9522
2173
7094
2502
1152
3120
152
1441
182
856
847
438
709
33
1471
797
1724
1453
637
5908
339
1132
457
3341
3494
4651
468
671
1523
689
1373
1537
393
5719
2691
1728
3975
1566
147
2178
322
353
33
479
8112
1939
208
481
2802
223
1602
566
2134
3624
484
1092
59
1346
1048
1782
479
1043
167
198
5023
1850
6452
2170
704
2050
1848
672
2544
306
3122
966
449
4769
373
1671
2072
1888
2763
404
1978
68
659
1175
2336
97
1257
3693
2167
1996
5374
373
5237
403
1901
61
1680
1187
349
651
1525
342
975
382
778
2788
191
4606
1044
1043
96
1803
4621
566
980
1182
2473
2419
1024
390
982
2
2843
542
1702
1803
174
1315
811
7848
2834
257
1610
271
239
181
730
2327
91
1269
565
1535
137
2614
2958
3554
802
79
422
2482
1213
2041
604
31
327
473
1499
916
680
280
1612
849
1962
18
2513
1543
696
241
1046
79
1310
633
3937
1543
5713
437
229
581
2446
3444
863
647
981
1746
688
3643
882
1089
1109
1280
296
285
181
731
228
36
411
1693
595
8119
7610
4412
4851
1359
2779
4289
680
625
6651
1607
1770
2190
1013
37
1755
1024
4021
584
300
108
938
973
207
2858
881
6124
1015
509
106
416
912
351
840
4295
310
2320
1660
3249
1248
1105
1953
1050
61
814
5
4205
413
1258
1718
694
1181
157
789
2309
2744
1574
2866
6210
189
744
4480
2156
420
1048
1497
13680
13
799
717
497
2632
1747
46
5709
5794
406
688
183
3016
3179
295
329
184
612
2247
476
645
898
933
3582
2534
117
301
150
6500
4135
537
643
3626
4111
400
230
118
4811
3430
238
3079
940
153
3129
841
1668
896
83
1565
305
1616
3429
350
3413
572
2563
7310
2211
410
312
1554
3661
1012
1576
760
1307
1901
703
970
1574
2636
290
1234
1563
934
223
609
5150
8062
2213
3492
81
1500
285
3836
770
630
3205
1039
1794
1800
358
2465
2593
272
2053
1137
1777
2563
1091
1010
773
444
3032
2060
2768
640
2214
242
1024
1049
300
1384
5673
5610
186
5648
1482
324
339
4072
1074
686
213
468
2861
4827
3735
1801
799
983
8892
2645
1772
553
21
3865
277
374
76
3190
1273
3519
4970
97
1010
83
2389
129
3159
185
505
587
648
115
5680
134
371
3136
96
2382
804
3664
2916
497
109
1033
1760
134
873
2387
1966
817
392
164
1381
4659
3887
4379
1971
1519
1829
1794
457
4388
1128
14
1213
1602
3604
2384
1892
2220
470
907
3447
601
2701
601
3870
93
617
1376
379
1836
967
971
2348
258
623
466
971
2994
3587
6
9167
4482
356
5609
2644
671
1108
211
409
108
603
1072
2959
306
475
4215
546
621
2205
1165
9
2858
454
533
3539
4863
346
1452
3444
1352
2104
1508
4142
3689
510
2753
1170
2380
1341
444
1044
6522
187
284
3563
1155
1097
62
2033
6619
3578
1333
2217
777
4452
447
1057
13726
936
1496
62
646
994
1110
207
345
1764
216
2707
780
569
783
2084
2438
830
447
2438
1692
227
1960
4027
2213
1470
530
190
2587
3650
86
269
1212
581
1898
1058
951
3639
842
2818
289
2239
1636
293
1181
183
3998
525
184
451
364
893
5584
922
2633
1654
1106
814
2084
3602
3761
727
1304
2974
4704
696
806
302
135
3106
1266
1804
2604
887
1190
1563
243
250
1476
1062
595
3021
1146
2428
2030
10268
2110
2152
1105
1812
957
4384
2859
1784
573
331
3747
38
983
3610
3269
4380
230
4581
967
3252
3346
5818
1009
1532
294
3981
4822
98
4614
3268
2051
949
12
1957
2886
235
1279
1488
2598
2698
44
4645
297
138
3686
796
548
735
1992
368
308
1175
755
819
921
1106
2101
1050
1528
2797
5046
278
270
1342
325
741
4014
791
2075
801
1569
1094
62
482
260
132
5537
3626
3211
2339
3377
2293
4545
277
4050
196
1002
1855
3576
3457
5042
360
749
1332
738
1487
242
476
1436
613
3468
484
323
946
33
3003
576
5078
2356
4316
1395
716
1269
1046
592
5870
1518
3705
2112
2282
2448
811
379
2016
534
1383
2993
1972
327
598
6552
434
1622
4771
1248
1678
3980
1488
2306
1466
1330
194
469
1808
1830
1855
1508
1142
479
3711
5674
332
68
6284
2298
753
401
3947
2124
483
1362
433
89
944
1481
1825
2140
1260
484
898
2731
3039
612
240
1059
1776
1275
1095
824
5003
2736
330
2630
1937
193
4115
2554
572
1696
5400
1539
1175
846
2607
11672
1606
2045
4650
2878
615
1517
808
266
937
1185
265
1587
4623
1374
363
4489
677
1541
422
747
485
584
449
52
1304
1607
1425
1683
2062
665
124
514
2516
2799
2931
2560
2934
1809
1199
575
1648
4422
85
4140
255
288
4683
385
795
8707
4674
1517
3915
904
7267
782
4890
22
1517
1770
1530
1517
1729
12
3683
1026
52
168
575
1721
825
4631
294
1640
3505
1557
2469
1204
1186
7047
458
1953
378
2858
166
4961
807
1913
807
1556
686
5556
3942
324
2195
4944
986
3985
138
140
1381
58
3807
337
1686
52
82
146
268
1641
1170
873
1741
2052
3213
3738
920
1277
3483
172
1543
2689
2788
2082
6303
221
652
1783
3621
494
869
1126
544
1298
1275
1641
210
409
1817
6521
5466
1387
2374
64
1666
700
1889
175
310
1219
1891
671
4175
3016
1070
25
3075
1732
144
12459
1554
40
3747
680
130
1750
453
4444
335
253
708
1210
419
4488
2082
2933
1159
4120
2458
1840
2122
3262
960
3277
4374
992
919
4337
170
1620
2539
18
1681
1350
1360
1848
1803
289
1759
775
1744
2877
1903
1067
2198
5128
983
761
1619
1505
1302
2365
444
2148
113
145
298
1333
1647
893
884
1898
409
1375
1479
391
542
435
664
1615
396
682
3356
18
1334
841
272
495
4779
1376
611
1033
953
635
806
2327
2355
3655
271
998
1119
1167
4034
251
416
3497
1242
942
3136
1268
1799
6502
615
878
256
394
81
2757
1314
438
854
3943
5686
1776
1298
3024
2108
3429
558
236
2296
1561
1079
5554
3760
2729
196
747
662
3213
306
4720
155
5812
2219
1130
4487
6377
2085
9067
3312
1607
2887
2550
1951
1185
578
953
1506
347
750
493
988
577
347
6810
3669
933
47
1012
1591
2241
887
6488
1339
1721
1164
3681
2718
1573
1172
266
837
44
4324
626
2668
2056
3923
845
613
227
315
307
640
2210
1950
70
985
1353
545
1095
1202
85
621
2391
3263
132
3056
4875
3981
301
435
270
4557
2246
2610
253
329
1259
566
481
844
73
4114
2686
101
1779
479
705
2228
670
6846
493
1033
324
1409
67
678
1020
589
1385
1046
286
762
1998
1216
1414
1657
2164
73
193
611
5295
1174
710
3168
1731
167
659
378
1074
3020
2449
980
4158
659
446
1782
864
1437
4058
562
623
2138
77
6360
403
495
1785
53
1620
2950
1587
534
801
7603
3243
2383
813
624
569
2506
1318
760
95
2294
3936
925
102
1955
4967
2516
534
439
1542
617
231
2616
185
566
2100
125
1244
1588
933
1422
1816
168
1755
2254
140
4798
2505
242
2083
1468
900
1313
33
470
51
304
1637
1645
1011
2598
2571
1910
6195
795
1463
688
25
1008
1595
222
680
3086
5638
17
939
3939
6589
18
292
1123
3175
170
2196
5842
3659
1387
650
449
351
11610
846
764
2689
1324
6
426
736
1105
390
649
826
6849
2797
1154
1194
1980
3074
353
2362
1303
382
1498
2077
1398
926
2828
5652
383
100
2103
1790
1369
1584
3210
1339
2785
980
601
5659
2050
3305
850
1212
12
174
1038
2339
4172
1143
2008
3976
3366
5005
137
353
330
1285
1768
1273
218
1502
3184
733
485
4272
298
193
2021
372
1471
3716
321
5935
604
320
348
774
2447
1307
131
4177
1831
819
805
1385
1172
421
6060
1365
3402
5462
497
76
5796
222
1624
181
3684
1032
3809
784
626
1258
2010
2033
928
876
2103
980
1872
1596
150
770
606
619
895
327
3582
71
941
1808
3616
2943
254
3117
2508
43
8149
404
15
123
5557
3
4530
129
1484
2230
382
1282
975
782
566
2645
793
2631
78
4327
2561
1531
94
1517
6132
2241
277
3831
67
842
1820
238
672
431
1543
2849
2386
777
2563
2689
845
167
152
2348
1142
6187
693
683
501
286
2321
718
170
317
1321
1774
4448
494
957
1447
412
1974
1712
283
3849
449
551
753
2603
97
1704
142
734
1405
2299
2177
3813
15
718
3322
3729
4268
2287
256
2868
1114
1198
275
3277
1129
1424
9311
1552
773
3932
1711
785
2200
3962
234
1097
5455
1891
4087
595
718
215
2040
1474
7254
1308
257
437
3703
365
2829
1312
2263
641
3194
4309
4792
91
3776
675
294
53
55
4549
589
1064
751
632
164
3088
976
141
1697
1473
4065
1489
2045
4708
3087
1287
313
2233
662
1717
6464
1440
811
1289
74
1034
1313
1400
7616
30
3782
2122
127
3283
1662
4798
2549
117
805
116
838
791
1234
1269
4146
155
664
3743
331
735
88
846
627
4087
1167
2718
987
1425
354
184
2895
3643
1602
950
1280
1018
2286
6534
1181
203
2015
1431
3266
3279
1615
64
1164
4346
328
1570
257
2494
2862
2757
609
382
1191
669
1382
4423
1778
770
112
420
122
3210
147
1779
776
4427
595
1366
129
5147
487
2954
519
788
789
3767
718
487
1065
817
5671
2892
247
972
230
5295
2531
1877
2902
3409
1540
502
137
254
1686
91
1468
7965
2904
2660
733
205
392
489
1940
994
14
3803
910
5
587
1464
845
1583
1621
2209
1526
507
24
3187
396
410
1389
1777
4724
1096
4717
7961
2146
3069
462
7842
9495
677
7711
4464
721
107
56
775
2601
389
2751
1280
1347
1616
215
1175
6325
2129
1592
3752
2409
336
668
2747
1366
734
709
2541
5961
2510
409
640
575
410
2555
792
1597
1012
1029
5456
852
1068
34
606
537
2540
371
1612
1964
2276
7376
2056
5764
6963
4062
1038
700
222
2639
607
2949
6723
1600
331
3248
2958
1325
2577
148
3403
692
27
12330
4537
2581
3701
1492
5504
3824
650
9323
4113
996
4289
560
1210
887
2586
5007
4761
5035
1333
4029
1039
2337
3089
922
899
950
280
2094
245
397
3033
1237
2150
1506
535
30
3875
4039
105
175
2555
330
1799
120
1412
845
622
3773
301
799
2358
1143
3077
2265
934
1392
21
2489
2975
4879
217
2782
162
2383
980
3607
374
41
1596
4034
4611
1429
1103
323
578
5242
1362
298
1431
513
3517
263
1273
1109
195
2995
1393
704
2146
394
1267
88
686
6
6934
1191
1487
1131
1302
3803
2153
3459
4237
585
3367
2153
659
1497
650
2942
5513
4056
2982
1320
130
967
1565
1268
4191
118
4021
1061
1074
180
1699
1294
657
1205
1613
2113
1307
1449
1684
143
115
2415
915
298
2473
2615
57
55
680
283
1049
2438
1796
1630
1949
10245
750
8965
799
1033
694
4347
2485
99
671
2576
69
1583
2327
2531
1840
3887
388
1408
670
1913
2397
157
279
6966
2892
4153
3381
115
158
4326
437
2332
1379
3400
875
3621
1516
549
108
653
1562
3432
3098
1047
3004
2100
1532
1433
342
577
429
681
1720
4120
2696
2266
1114
531
2867
121
2697
2630
805
245
2937
392
7512
822
364
545
1114
264
862
2869
149
7907
2608
6536
68
1219
1589
513
551
3552
674
57
446
1899
417
4080
3050
576
1837
1710
389
2461
2355
2054
2527
5751
452
697
1378
7948
369
831
33
1424
600
1332
461
3683
4869
137
4283
4543
630
810
1875
1327
3252
4062
5402
1004
246
2524
1038
27
970
206
199
1611
787
10079
928
4518
1568
5759
265
3908
6977
120
5215
1585
240
2530
826
162
3770
2919
1380
701
356
54
2464
769
196
1834
1634
791
967
3462
173
178
1868
1684
3861
1065
1414
3374
1746
102
1730
4473
306
337
85
455
522
660
973
216
4056
543
1035
376
1900
568
340
2775
63
1064
7473
318
1206
3823
661
2196
114
1572
3136
4499
2976
1738
3351
557
2821
5414
726
624
2657
1865
791
813
1151
49
333
129
441
442
4025
510
453
1568
1348
519
22
1897
6543
887
396
2676
1593
386
3546
367
102
303
922
651
3059
524
1427
1173
91
119
1164
8733
743
2636
2078
458
1395
1567
281
95
462
69
1436
744
2227
1420
390
323
114
909
3795
4207
158
566
696
65
7694
2221
8828
2538
1518
4027
1099
1555
171
1135
373
17
1980
3852
802
1400
2008
1621
2646
694
2166
2952
764
1802
2112
5543
1251
3159
2538
3353
2416
99
2555
1335
457
455
944
3168
2457
1147
697
862
1637
26
172
3
3149
941
75
1036
3107
230
1881
998
995
884
92
403
759
70
1191
2111
2508
3102
3283
527
448
677
1418
3512
508
4705
7059
1182
1837
1646
1558
6100
1102
102
2289
159
3368
5319
2175
884
3372
124
1318
3508
4626
963
1295
231
333
716
3183
2703
701
247
309
1736
2981
105
215
2210
3740
1846
5688
626
2460
2149
2697
3907
5314
224
484
354
1632
190
2268
1205
2177
4546
99
1556
4487
791
917
3108
3006
1279
5700
1284
5036
1318
269
5423
803
4871
1704
1082
2611
767
1810
27
4138
6019
1024
126
1549
2654
3221
8044
1594
62
3491
4408
282
1101
1348
8
2861
470
792
83
805
1560
1133
167
2183
1477
1118
895
3195
1018
4534
3603
1036
156
1096
1259
1530
272
1280
2303
1378
505
17
2175
8494
1383
473
2861
717
1592
1012
610
3922
3502
869
114
235
3401
4872
510
163
835
2234
1144
1207
3921
1202
436
729
866
269
683
255
1121
1566
961
1572
177
1079
2270
1484
894
8245
838
757
3692
852
5904
1607
1139
1187
4922
50
219
636
331
443
1228
290
482
1784
2355
1767
901
2070
1402
294
333
2517
615
938
1910
4332
3898
430
4978
979
1488
2371
1575
1742
841
1895
728
2454
3011
135
599
1466
2328
6036
961
1120
1079
3699
455
82
229
1552
3751
1603
4068
64
983
1064
2968
3361
1931
1620
2645
6037
3573
2679
581
3752
5647
100
785
183
8552
1257
142
1242
1073
1351
3137
1919
1126
2090
995
1508
188
1557
138
4729
274
126
19
2039
603
5694
4895
1921
1393
4327
1740
430
1355
98
452
902
1375
804
1251
2092
1376
500
1944
513
497
9
2770
537
1141
455
717
130
4234
457
3607
1971
1257
1447
4181
1012
705
869
8787
1040
3225
2312
903
114
1327
444
27
1251
173
755
1217
339
1604
4
1113
910
1224
630
1482
441
592
341
817
385
2575
6076
4452
553
1280
1225
210
1375
650
1727
980
5442
3203
116
1357
2307
1280
839
1001
2600
1698
41
1329
2616
870
3928
1279
1246
1179
3354
2454
2931
298
684
1770
1899
1113
3167
1764
1954
1116
3384
942
53
1061
520
746
539
3584
472
441
12490
989
52
294
1855
2779
432
412
1340
2212
50
4315
1528
1994
1870
547
2955
862
5234
1233
44
347
894
155
166
5374
713
1391
2456
6455
751
497
944
5327
296
195
696
2426
1033
1588
265
2034
114
2123
2519
1916
2260
3829
1039
1609
1353
11750
58
1560
1525
68
490
601
86
291
1138
366
88
875
566
1291
1448
1018
254
159
2325
906
826
3666
138
1727
1851
886
3855
2251
636
208
3254
3769
586
990
3942
1982
7376
3942
8046
