real_Parameters :  sncndn 	 failrate:  25	 Fm:  613.5448	 且最后的Fart/Frt:  0.9957832104000001		   Time :  32.8368

97
67
148
151
36
113
74
328
376
438
507
125
384
711
676
499
752
897
572
219
187
54
309
231
20
261
1038
663
1101
328
848
218
184
1514
94
494
379
328
565
1552
75
254
899
144
924
610
46
312
1883
754
733
225
1784
1388
610
183
1938
1373
23
216
266
467
835
973
201
987
321
69
151
372
219
1324
861
2206
781
584
210
712
459
448
13
328
375
1310
148
132
374
839
83
2091
1330
576
141
241
66
267
510
40
1579
548
2693
583
1343
164
446
635
142
1688
2119
1105
701
465
107
334
475
371
895
202
176
1176
283
2781
44
1274
2972
600
334
61
826
1441
523
632
850
271
40
2069
180
261
1282
19
609
393
197
1443
153
86
492
3189
1639
84
83
804
605
203
315
2570
1669
939
712
1421
164
268
269
637
1014
328
1330
1790
671
138
314
1001
818
843
601
1926
567
670
1323
453
478
697
218
1192
1228
276
89
105
91
810
2143
481
41
67
1846
1787
145
829
51
231
672
2850
49
1427
15
46
86
773
1183
457
123
809
35
152
463
776
631
2751
1077
723
441
297
64
271
981
680
559
255
43
145
15
413
3910
1906
2034
2877
117
483
643
1546
255
482
442
209
113
438
395
213
441
1606
17
652
244
78
139
80
77
2319
256
617
139
211
722
55
429
691
755
228
663
105
184
585
694
931
727
138
344
281
202
281
284
696
641
1660
22
956
499
1110
755
57
1434
79
824
1204
1807
1596
29
1995
281
211
322
316
494
809
1219
156
300
1210
803
385
1009
491
159
81
950
2606
11
204
2479
869
1508
15
381
301
782
271
774
439
33
291
153
1122
1793
135
561
598
1206
694
417
176
265
42
1285
151
28
497
504
459
188
238
215
106
149
456
196
87
1259
422
128
329
273
2056
207
2871
189
685
101
982
683
1820
132
427
130
133
817
99
704
18
1342
631
246
1513
560
541
900
240
290
147
120
1548
1702
469
403
300
385
58
1679
79
1488
13
366
1011
513
190
603
1814
379
104
1341
377
712
297
93
127
112
344
382
127
325
341
846
122
284
486
81
216
8
895
160
968
373
281
363
30
323
709
1301
38
40
1
707
746
329
805
166
250
1902
83
634
425
789
502
83
3473
221
136
97
651
324
1689
622
138
575
742
321
52
312
67
686
34
1634
754
339
400
233
5
664
268
1318
1010
1942
437
1594
180
371
910
158
50
1331
175
1095
701
658
806
565
639
82
608
206
276
163
905
646
1037
507
932
519
179
414
1779
426
713
36
1017
1059
314
712
885
419
320
242
530
984
35
278
256
61
478
2415
773
196
81
536
176
437
684
1946
507
331
4284
79
503
10
1034
2835
137
71
433
681
374
741
623
1311
968
871
673
63
901
716
2218
684
512
595
425
24
595
379
339
628
45
811
500
33
121
170
269
162
275
1003
718
669
495
681
598
763
263
1222
1271
229
617
53
1237
2084
1174
415
551
82
166
210
1004
84
603
163
199
1781
425
197
508
684
565
165
1123
462
713
711
102
2598
1326
565
665
227
225
85
679
1243
126
513
1400
179
304
2498
116
1303
740
610
304
613
267
41
1780
688
994
221
1378
184
866
782
330
954
650
780
1758
500
69
1411
488
306
694
36
273
126
65
118
142
2491
639
1977
50
1057
60
329
115
718
313
220
75
79
602
893
201
235
13
1054
205
384
47
86
490
112
718
226
173
1209
45
1115
733
103
1120
1028
3
98
260
1032
94
398
735
331
1183
466
1289
73
746
86
1350
431
113
128
69
119
452
181
13
706
1313
865
77
663
162
2738
1025
3198
162
586
19
177
150
888
108
11
31
83
1629
1192
56
806
3528
1317
1883
681
1114
70
479
386
277
125
1733
1082
215
161
321
460
840
695
405
133
689
162
2075
916
254
416
45
634
54
16
57
519
520
1031
296
698
95
502
148
1484
1239
574
299
490
675
277
95
346
192
526
178
452
153
165
180
67
644
213
128
1053
137
768
607
1172
480
61
132
1857
104
1228
508
350
125
465
752
22
799
1036
1957
2273
581
10
506
29
157
537
22
144
1006
1143
22
299
727
302
298
405
1899
391
224
819
567
475
150
139
563
783
185
324
357
1182
507
156
567
1501
1065
1186
20
742
406
123
456
41
39
398
117
698
304
281
431
179
521
1426
441
208
187
320
307
2960
35
239
253
409
224
1379
253
560
391
684
999
75
378
19
620
323
293
545
1010
331
765
363
678
2196
328
951
1366
500
65
440
2
7
238
36
293
813
1222
344
60
105
35
296
186
1693
528
808
229
2964
1847
482
2871
110
91
1160
61
324
404
29
2838
685
388
1346
151
959
356
576
25
580
107
312
41
269
1092
971
33
1753
89
167
1053
117
592
1198
1191
489
401
373
195
247
453
1329
721
1547
437
783
2275
1
249
1044
1154
114
160
340
2658
1241
269
124
1220
102
145
749
293
159
746
42
1099
224
101
1364
802
461
1515
1889
38
57
207
720
510
568
591
1789
212
1038
469
1075
101
294
1687
39
121
1071
111
171
444
1822
814
312
367
1295
34
371
1491
198
574
172
2908
602
1157
480
854
67
122
520
1996
197
47
826
974
811
33
1149
27
608
308
249
587
40
255
191
1585
240
873
394
753
918
139
628
91
638
37
530
178
722
639
23
166
467
12
924
199
426
167
646
1090
1885
436
1840
484
383
1328
742
260
161
929
1221
440
4114
312
113
52
256
773
6
166
210
406
343
125
60
17
945
205
335
37
525
1660
1734
1347
908
1854
593
235
4827
358
980
264
115
591
111
315
1777
1881
82
23
715
656
1967
770
124
105
254
1263
398
2
713
111
199
2056
125
227
263
103
630
347
952
1660
172
216
1119
201
233
356
92
1107
488
773
23
580
410
651
613
334
103
71
502
2347
572
923
39
1191
2647
357
449
62
33
170
1026
1695
1701
390
246
369
995
446
463
296
1580
831
94
1400
33
517
447
2668
890
1134
128
712
1976
132
470
247
59
488
459
1864
42
295
190
436
20
869
233
1563
762
109
203
1546
1713
354
2868
384
164
131
74
1399
497
925
1354
123
26
420
1631
155
281
88
954
653
339
1169
928
148
52
55
2283
484
158
1402
3627
4
413
657
127
1422
322
2
157
492
447
1213
1506
955
686
72
947
88
231
732
918
845
712
450
1115
502
391
432
295
68
1099
1546
180
836
269
769
475
1360
734
1276
432
1368
512
190
296
577
936
706
21
118
129
49
770
702
705
698
1662
376
463
374
213
50
309
178
272
1423
143
2205
763
80
66
530
53
605
1198
611
137
1148
1598
1744
1325
16
2572
57
1906
156
638
473
996
1867
393
410
576
413
374
117
390
413
818
250
109
73
1146
1289
508
1660
10
570
24
498
843
103
2813
199
296
217
301
146
660
29
354
685
1318
338
2114
737
464
103
76
25
1406
346
450
995
1994
44
1596
433
1655
174
39
718
278
2230
110
149
305
541
259
43
1458
233
696
973
100
898
600
698
34
168
286
278
176
120
632
617
12
716
795
131
851
183
217
410
561
803
263
1966
1772
428
562
1017
1314
849
163
91
315
2
1166
713
621
2278
1907
332
425
362
157
1954
2088
1402
412
459
189
677
429
40
702
1809
286
144
13
1752
202
760
882
104
3649
1539
784
264
1902
482
619
1367
476
864
45
763
609
462
1321
8
17
875
197
648
574
953
624
295
49
69
823
1796
473
682
167
604
180
11
130
436
49
164
1343
310
23
1148
49
159
276
289
1441
1200
130
134
50
606
564
627
528
497
191
706
245
749
1920
428
1932
374
97
191
473
125
94
987
363
22
81
296
897
97
1329
929
219
82
446
3
57
2014
380
20
2090
520
1238
234
1475
644
960
123
829
127
598
48
615
1093
152
37
354
130
1319
44
564
599
151
579
159
138
51
163
546
353
2047
327
1431
228
857
328
1043
185
937
176
222
399
324
327
121
235
141
576
221
220
72
221
877
112
48
987
1631
17
619
143
473
2683
652
723
413
491
64
700
166
191
6
577
122
140
181
347
448
304
480
39
544
412
29
17
703
2948
839
345
321
992
25
389
145
16
314
570
49
255
118
226
102
257
698
158
294
442
199
1116
869
571
12
254
1156
2006
271
10
328
109
540
350
195
22
208
554
1136
1913
62
435
69
893
457
1406
1110
1325
814
191
1837
91
1942
494
173
556
51
107
243
105
196
696
1252
290
491
302
196
1177
156
1724
2927
122
824
2331
50
2101
732
101
39
22
96
219
107
519
1699
178
410
1576
902
1277
631
90
1284
39
1996
503
89
1225
765
139
165
459
1040
850
103
221
153
259
143
209
98
258
1357
369
274
227
367
54
1427
245
580
1084
1057
1464
692
38
706
13
20
240
760
182
97
1389
1215
296
257
455
613
1370
267
319
92
844
49
113
43
6935
2144
125
1326
493
109
11
352
17
2413
132
1079
447
564
542
2008
360
518
68
586
242
2423
703
439
147
832
3666
1150
394
231
1356
260
3294
2531
273
1498
141
1392
313
91
1406
161
457
75
860
80
510
739
240
443
281
601
1232
193
722
152
37
2607
404
107
275
348
166
284
333
640
644
432
127
202
314
174
727
551
448
636
524
1276
572
156
467
126
118
745
392
859
370
1073
1004
124
195
190
153
410
539
268
919
334
62
1064
1439
228
595
675
669
39
1133
227
3704
623
809
783
265
150
291
60
926
702
17
2071
6
220
136
521
164
9
12
111
1183
367
894
610
377
1136
53
1468
474
101
312
318
672
2
2898
449
34
272
778
150
825
1357
467
440
319
105
245
299
238
881
77
35
396
507
958
591
389
140
33
214
402
70
990
1128
924
1459
399
41
1076
355
213
440
623
1539
88
110
467
629
825
221
404
459
4036
1680
1699
1054
1859
509
359
525
2197
1677
1368
128
1173
340
246
701
111
921
369
988
419
344
1657
62
133
374
63
3340
541
1034
131
2030
291
1037
417
1283
584
387
925
222
923
613
439
270
776
296
1267
1294
877
1725
1981
51
1507
92
260
794
87
267
304
209
8
1096
1086
1352
485
358
243
105
519
794
1690
673
255
702
280
482
99
140
989
1488
35
240
383
625
421
440
10
348
581
90
201
2588
231
504
68
906
690
1879
38
3
1101
751
1405
730
1244
575
581
175
115
97
426
58
554
63
236
166
152
605
302
381
471
705
257
347
60
1129
483
179
1052
359
30
493
469
2270
630
1174
1755
314
1525
1028
259
258
737
762
190
139
231
699
717
303
130
670
893
239
46
923
1213
200
1661
919
1182
41
592
377
784
242
475
219
381
566
911
602
592
486
260
405
177
404
615
89
294
1436
771
322
139
464
488
714
490
338
214
1780
782
27
539
925
427
682
1030
372
65
399
660
996
1017
80
304
839
3165
34
6
88
774
245
493
235
442
287
488
352
950
54
1824
699
983
99
603
56
467
317
271
1039
924
122
1060
103
568
201
860
35
380
70
1166
28
1036
259
1267
713
672
134
653
413
453
1563
820
895
765
98
183
21
13
201
164
1950
349
677
245
403
727
38
10
549
827
32
225
687
234
149
73
219
206
146
376
202
24
4
257
157
557
58
1018
523
915
48
267
1181
1183
230
1960
1192
270
611
19
276
669
182
186
706
83
490
430
1095
44
305
790
1038
938
46
606
1752
344
135
428
787
119
381
202
502
759
453
237
977
386
146
42
828
2636
204
422
424
941
837
305
125
518
1010
71
380
301
39
476
513
115
684
22
249
675
647
37
1288
329
238
777
363
113
644
123
488
192
397
2134
190
195
622
1804
446
222
1014
566
808
1285
2521
51
975
575
274
145
656
206
89
615
1346
270
2260
1024
138
654
444
191
1724
464
676
1294
71
641
453
322
116
106
608
786
63
274
796
288
144
339
505
190
473
343
2007
330
429
619
1818
186
838
513
1419
1134
161
123
433
99
30
83
850
607
418
75
498
488
660
524
803
561
652
2166
560
135
85
93
546
127
573
673
203
662
17
484
2515
667
295
456
495
326
373
3665
336
632
243
502
662
94
541
852
230
180
55
40
2297
5
866
379
26
124
447
1196
194
102
786
219
357
633
277
876
750
64
404
131
475
1441
300
758
180
244
18
1418
363
480
197
325
634
1130
367
1016
1562
360
119
880
921
143
2134
1062
1285
731
3015
67
1615
20
168
1043
1003
365
366
987
1216
106
285
1107
612
53
368
86
86
305
1145
176
1377
232
817
129
529
90
28
1142
1241
1028
120
437
257
470
936
297
1573
1034
742
287
1097
435
834
360
333
64
72
1045
802
467
196
222
102
558
1134
59
969
438
937
1283
181
2605
71
1772
790
29
728
558
834
409
265
176
22
83
1170
123
326
521
231
979
833
28
348
1252
1334
315
54
572
1589
11
204
889
795
311
296
1748
136
2259
697
492
276
1939
116
622
547
269
578
181
204
3190
88
1118
774
18
288
375
193
232
430
264
215
1155
1198
768
2382
81
58
538
33
134
535
1064
82
394
300
227
781
543
68
842
871
457
3
96
323
245
1211
597
171
150
171
1370
841
649
323
323
515
108
829
1353
238
1366
111
475
80
90
838
690
7
1286
52
830
283
369
57
461
484
2148
202
362
53
558
115
177
23
73
651
489
15
157
129
1788
56
37
540
397
28
380
927
213
742
384
48
2486
12
1825
1086
164
889
391
93
430
515
1120
1608
627
33
305
78
304
1049
449
4
902
2370
77
1313
395
380
552
458
1293
538
2340
196
198
630
1298
1913
391
949
1009
125
202
213
700
176
1316
827
481
280
162
131
470
71
1094
825
61
1018
349
169
704
1170
1472
98
362
83
2758
161
190
321
61
405
2308
700
1267
500
620
8
73
869
44
422
1402
159
603
270
666
879
313
1225
229
477
790
1316
1438
1955
139
1940
752
488
340
2783
415
2
119
43
18
2747
312
326
725
42
967
1231
161
947
607
279
1869
253
489
362
727
830
154
333
149
47
108
1182
852
2193
320
95
657
3228
208
1573
228
92
389
968
648
326
472
125
402
126
1877
1011
730
155
31
920
777
92
68
8
362
58
522
222
42
262
381
1171
349
190
2266
1690
112
685
55
60
36
640
78
3455
84
142
459
336
1030
579
34
1082
4593
131
261
28
501
280
551
59
1633
518
47
281
1560
35
110
41
47
55
589
1810
654
890
412
240
22
49
897
93
301
677
1602
801
85
23
752
870
859
253
711
779
121
29
284
1710
20
519
104
1734
795
212
1861
590
32
460
284
836
810
1254
261
506
76
1497
225
155
394
6
161
474
275
430
127
1256
72
45
82
176
239
45
8
360
1142
186
172
270
175
28
282
346
1434
56
315
362
1918
127
395
1011
928
316
470
22
383
557
321
126
262
803
107
497
679
17
141
311
790
1167
36
896
1345
1860
540
463
424
508
558
449
531
742
677
1086
725
2650
320
1613
68
49
384
641
408
1041
667
253
1836
536
8
651
228
1546
29
58
104
108
592
565
1712
668
1270
139
954
402
118
716
410
1238
1607
204
2207
23
13
323
545
459
1120
393
808
697
742
213
348
242
495
662
121
100
1977
655
19
1255
2760
451
415
943
245
1617
134
576
546
1148
496
1597
106
5
422
318
1929
235
800
348
981
431
877
200
1275
42
1119
1083
4287
425
948
1923
219
279
1669
182
413
37
127
596
29
416
341
1162
643
217
1408
656
179
2880
2
1236
111
38
73
695
127
401
600
532
56
1349
470
592
17
20
1565
1190
503
143
1138
302
185
1095
172
72
517
1356
1961
772
377
119
1005
468
319
19
98
120
72
839
1600
471
456
1114
394
341
129
432
146
251
112
396
50
369
530
589
165
187
169
306
146
618
279
239
203
140
103
419
8
1081
2618
469
529
804
38
721
90
585
1849
472
758
700
140
574
202
124
720
68
614
8
610
688
237
1064
351
19
1426
863
356
462
977
1191
827
379
674
357
249
403
371
666
62
712
34
107
337
2522
250
54
124
81
156
1711
651
948
2362
93
87
2123
2074
265
2252
1677
379
413
996
365
745
87
991
621
1522
170
9
1037
720
1676
635
302
41
838
45
488
2033
2816
219
110
1157
560
155
751
1043
481
775
585
708
88
46
366
997
314
1019
292
161
287
1330
186
290
302
400
638
1508
235
227
422
189
156
652
229
920
1489
557
4392
497
981
188
932
374
210
170
424
2589
50
375
1018
647
108
120
254
1089
1299
1114
58
845
1689
1043
2370
631
292
532
17
906
51
213
538
2739
46
195
178
362
109
6254
1338
260
66
74
78
1269
342
543
1359
349
78
30
50
248
64
1469
141
427
313
546
894
142
212
751
137
44
98
198
469
35
815
1628
432
888
351
433
1337
66
65
62
25
523
393
152
204
278
139
354
570
4
98
602
10
171
1517
118
529
66
92
646
558
115
1715
760
704
795
176
1524
561
20
228
89
2121
109
2539
113
215
123
282
1014
746
238
2648
241
1790
112
1322
56
673
194
1248
796
525
427
308
503
26
276
23
1122
339
2211
513
439
166
1026
843
989
256
579
939
1623
265
165
1186
493
189
77
63
681
337
1404
1761
131
402
664
770
99
263
1785
100
1274
588
340
1030
34
478
84
1708
823
1006
1872
397
213
533
2264
531
398
460
252
961
82
442
233
318
10
552
602
120
177
296
1642
1048
86
159
22
343
1238
982
268
14
606
400
276
1128
1466
1389
645
56
258
854
3639
898
75
2671
554
509
1656
623
23
2855
211
355
599
3
3
265
1987
158
289
193
945
654
708
364
717
2167
102
388
399
110
770
547
384
302
522
896
308
320
1085
372
715
17
3093
37
183
1982
1120
421
79
677
146
134
1495
777
22
13
223
226
244
1223
6
276
1038
1271
388
646
1867
1000
304
1113
1516
88
1723
226
1496
377
1175
670
1629
3067
1342
436
58
386
461
934
140
166
26
402
265
286
131
1691
575
1003
397
40
605
80
40
523
55
472
348
963
1535
72
131
127
252
345
1418
177
1185
302
393
107
124
408
423
283
912
40
800
1516
1290
743
1789
159
322
704
406
506
1476
539
798
68
300
904
1448
590
659
3
220
334
582
430
317
524
16
1404
1627
561
444
1529
97
65
166
96
75
468
2104
658
2936
98
1548
202
414
1346
1345
1042
687
472
1497
176
450
713
204
862
535
53
855
522
177
396
120
193
506
696
99
398
9
580
42
112
657
192
267
72
466
56
2559
183
719
645
348
306
1328
220
117
1216
584
2678
199
356
901
635
1143
30
3
608
708
2110
241
37
237
239
2785
582
466
106
893
95
41
238
10
1135
367
206
776
1096
3187
1024
975
390
415
57
74
75
424
551
657
484
219
14
684
54
421
92
1136
81
3
607
664
1166
9
1379
367
122
11
710
794
271
2986
2542
245
709
249
995
228
381
385
372
143
1385
836
637
53
219
782
1279
603
955
623
239
278
58
1022
84
534
1423
693
524
1109
1088
1053
53
880
412
391
273
60
722
640
126
87
49
6
245
398
6
1042
878
224
863
2663
334
3246
399
776
984
19
457
360
327
550
594
573
222
2956
1446
103
319
242
267
581
48
593
142
14
615
283
71
424
109
51
1155
2039
761
640
830
3
1052
613
1173
170
431
445
303
821
994
454
10
190
32
54
417
106
241
512
536
75
102
328
113
1210
404
529
591
386
2416
4
113
387
192
555
16
981
2423
1104
313
1824
1752
813
589
257
16
495
47
31
393
604
230
118
656
814
290
111
947
365
86
6
631
265
1668
424
545
296
678
397
345
599
178
1128
624
344
119
1669
405
161
350
312
607
517
937
990
446
765
26
208
627
592
47
865
49
79
154
425
563
472
1558
241
112
1089
20
270
1263
779
135
287
39
13
258
536
369
1393
326
7
627
2
1030
827
206
118
198
193
427
83
837
617
135
591
156
690
24
84
64
983
9
659
1267
774
1708
132
345
242
1060
903
1911
148
5
3157
365
64
2125
67
813
626
298
1607
142
579
1740
2219
2130
577
804
1292
124
851
16
202
165
710
609
213
658
114
338
319
443
12
941
901
850
2362
335
51
133
109
202
24
1574
244
25
758
469
847
1266
486
835
200
365
571
211
95
100
115
950
590
1384
1569
1371
434
103
478
1173
947
37
118
810
76
1561
166
438
307
435
1182
104
669
692
41
932
985
81
650
287
161
25
957
994
304
681
1191
296
54
755
81
793
333
691
961
2523
135
141
3202
623
213
1963
332
430
391
234
805
227
205
301
798
208
2302
149
14
18
192
235
792
67
179
77
1128
265
361
6
287
1991
521
359
398
417
35
357
717
705
127
974
531
139
141
172
228
970
352
63
36
912
247
54
52
2417
114
463
454
37
246
1535
389
400
141
736
253
172
83
340
45
4
823
60
298
402
428
881
260
266
78
813
245
161
1795
1019
86
1019
14
61
321
460
799
1614
472
68
1058
180
1663
1982
282
212
368
167
253
115
2282
1934
129
53
371
722
150
646
277
1870
3859
1390
711
232
1557
780
579
856
2403
513
896
375
582
356
1533
2023
1569
826
1373
88
210
572
100
651
482
235
513
990
613
469
724
338
494
480
698
1657
11
962
12
978
270
382
274
403
1406
120
144
268
103
355
167
577
138
30
994
1142
872
607
646
1063
78
1793
860
451
813
1881
504
1958
635
6
2346
611
122
2240
1392
1062
268
124
839
1961
152
824
511
805
210
38
745
660
68
273
768
495
980
1630
335
287
1136
49
123
1485
85
117
1004
731
1014
15
443
117
441
791
46
312
1747
765
177
80
503
852
500
937
199
245
109
42
51
637
626
565
1106
648
328
53
1253
457
769
153
276
479
991
381
237
5
606
66
14
577
568
2049
251
236
1391
1106
618
70
473
3033
1205
156
321
1591
72
873
194
524
257
122
120
902
26
640
2071
1323
141
58
483
184
98
250
150
69
92
1154
587
723
1029
436
126
135
531
142
439
282
1151
802
165
1805
21
451
1052
1061
559
33
1009
375
500
703
1099
73
16
778
380
360
8
122
206
286
742
213
803
504
37
53
901
181
1382
203
247
68
802
171
1995
221
79
430
402
354
331
329
369
287
392
1072
563
216
1423
664
897
317
322
818
18
407
1611
226
708
82
554
10
216
364
182
220
1111
1668
448
448
1205
862
336
576
703
552
59
162
463
1210
150
846
26
189
1111
1935
112
137
664
26
294
769
36
624
342
121
788
9
1276
562
298
40
526
2984
816
230
217
72
129
997
1717
1125
104
21
753
353
783
1394
24
721
149
481
436
798
1166
775
254
1957
529
150
460
491
81
1677
571
549
1554
20
708
216
2776
302
160
1433
499
987
748
421
136
709
37
791
1104
852
54
26
168
487
519
181
2124
297
88
2785
3
191
506
601
598
330
354
253
664
604
181
238
180
163
1480
1814
606
1076
673
255
133
736
609
181
154
987
726
1236
309
1462
122
2765
339
586
214
842
186
1895
954
158
341
55
887
195
36
186
37
615
2850
663
171
202
49
111
408
864
592
879
475
277
651
353
47
1211
1489
87
207
442
19
156
60
871
190
562
1045
315
436
393
6
91
1566
759
1532
185
726
877
2285
90
616
1164
15
367
2844
82
159
71
61
2157
44
182
64
314
447
1611
1026
247
699
1396
191
294
83
393
1666
870
581
1110
1398
913
1664
337
750
197
1165
133
1332
856
222
37
1492
281
876
141
1009
791
42
3364
709
346
132
136
87
193
86
172
1200
1126
1362
172
231
718
1928
31
1785
397
81
556
442
132
1041
1313
22
376
88
1812
665
453
118
1787
321
146
215
225
1732
667
896
112
300
512
483
355
1052
1855
355
2832
313
69
328
29
568
511
985
100
41
851
954
72
829
2035
773
1735
71
840
56
840
709
756
100
937
328
485
835
589
778
876
127
2512
334
329
1574
745
1334
645
11
506
157
974
455
587
405
456
248
88
118
100
213
377
450
459
110
125
68
231
224
961
74
379
1280
532
102
883
1097
249
150
1068
189
530
1307
52
320
382
77
51
53
1151
101
467
66
350
99
315
702
213
257
264
483
380
506
1270
2547
196
435
825
151
268
616
367
1183
488
457
63
248
151
41
219
295
2998
818
384
959
286
967
434
1967
68
315
109
623
561
1216
1
863
283
1242
710
787
80
854
585
39
232
114
1019
837
329
260
1605
181
781
82
780
605
547
1663
269
1057
329
37
423
89
44
18
553
259
161
502
810
1169
553
288
453
840
1404
146
210
755
1622
1097
952
1572
1749
4593
