real_Parameters :  cel 	 failrate:  25	 Fm:  1199.193	 且最后的Fart/Frt:  0.398132076		   Time :  92.7926

124
288
94
322
530
1543
177
1659
1959
1902
623
2397
1207
1994
2723
610
2199
1365
882
573
174
1049
18
2267
1882
844
1385
778
3685
934
1815
618
1724
887
86
8
2923
1794
2146
3077
785
494
565
285
1711
557
1068
1137
4127
557
702
649
2826
572
111
631
682
803
361
1857
444
2778
693
349
178
1740
530
227
73
98
937
677
1752
376
669
941
340
129
934
874
335
16
5475
136
1489
4089
183
143
2299
574
686
64
458
1236
1499
670
37
1123
1070
1276
183
92
251
1019
4362
5100
991
197
447
976
676
851
2234
263
3185
364
915
615
65
1355
190
664
1199
151
1927
2758
60
1557
272
231
158
310
1720
1235
89
1270
4005
1360
1461
397
315
718
1805
40
138
265
177
4508
40
498
498
1519
1724
615
59
1973
1440
162
8225
1226
522
342
312
35
299
3523
2829
203
222
1489
1299
736
2420
356
3329
1080
2124
516
986
2602
1495
2567
1168
622
1942
1970
2482
440
232
179
58
95
393
1859
5420
2435
1601
5104
269
131
1882
1328
578
54
86
3093
1639
12
923
171
124
1270
1019
1545
135
745
1289
1066
247
2592
344
1586
6312
533
1439
552
1034
520
1009
3613
2861
402
194
318
918
1238
82
637
27
1134
260
594
1299
285
1005
752
331
3834
2437
276
228
989
615
1923
2890
203
2255
550
241
480
1613
3107
1818
765
110
560
2405
203
278
174
722
580
581
1983
168
2707
951
1147
3271
790
535
5080
489
36
785
312
3346
966
637
1732
1285
244
2290
456
2143
335
483
1122
169
69
185
2156
186
642
1689
69
308
2453
867
1348
3456
208
578
1778
728
1794
3348
524
1833
169
2274
441
666
1069
3238
3221
493
741
1238
1534
1977
1790
66
694
172
226
1753
93
392
422
237
451
514
223
1018
572
3044
289
40
783
2296
406
2488
314
1288
4117
457
4585
533
97
397
1145
247
923
1881
505
1423
1430
2031
430
1272
1010
2705
732
2014
390
439
2673
158
2243
2689
573
452
1408
2168
522
686
1720
4617
329
1602
394
179
493
106
51
4001
37
268
8
627
70
3698
1611
1630
793
1096
333
147
1909
3143
1640
2990
11
2315
2397
2872
566
2450
381
1010
279
1527
377
265
1294
1259
1520
1024
154
2843
961
2715
518
389
3476
495
252
83
391
1374
1799
1303
2303
5254
936
279
3307
590
455
279
219
968
1189
658
364
324
515
299
305
1807
1136
1570
1093
2009
1024
69
1678
1498
477
837
49
1939
1948
1990
119
3080
1202
53
616
3002
2153
4514
1729
945
546
2052
74
144
2535
3
210
828
386
573
630
556
1661
2618
220
1161
186
701
583
465
2439
472
4
20
615
926
506
1459
1316
3608
570
1448
1154
229
909
1043
3606
455
837
1308
476
357
519
199
1939
827
851
363
266
683
2396
1175
1953
1144
1397
1247
147
1435
4662
2452
312
3615
374
398
761
282
118
328
727
1281
1036
2410
211
3273
103
881
337
1111
2719
1307
751
512
266
1524
630
19
154
569
602
1291
533
4130
1097
793
1709
637
966
832
27
718
206
4244
511
749
4730
312
618
364
2086
3015
193
314
1072
2378
39
326
24
286
469
345
1413
2468
227
453
786
2709
140
1821
660
530
894
1434
906
162
187
1664
1049
1393
4420
3651
2101
126
241
425
1695
2182
41
133
3413
1709
1995
4392
901
3109
143
289
386
1732
151
831
1460
1953
632
170
274
570
265
2338
1186
815
762
129
862
245
1174
2119
907
214
294
245
260
297
848
364
839
1145
198
985
1626
360
67
1795
683
116
3038
458
699
101
252
1694
1276
36
549
528
157
995
951
58
54
843
1053
3134
595
291
2452
577
2019
1229
274
2509
2210
114
1209
1927
46
1243
945
803
814
2794
411
1859
744
635
783
1523
495
611
4035
285
412
99
2931
4973
715
577
2500
2684
1393
2310
768
422
320
206
3625
1068
331
635
74
2107
495
1048
466
749
1193
15
361
1365
1110
1214
1302
1189
322
1235
2838
2074
1802
44
69
853
661
1671
652
1172
849
2073
1303
2173
2471
2649
730
327
3067
495
1014
1541
1141
99
119
124
349
178
70
326
251
423
513
1631
51
804
3476
2802
1706
231
297
1055
1757
161
2037
1240
1238
1478
144
91
842
128
114
65
505
1598
1715
734
6163
219
785
932
2288
3348
3890
383
191
115
323
3289
2605
1003
1273
177
182
1397
878
187
299
237
1322
216
481
2068
505
433
2207
1148
1876
4468
1606
765
147
633
111
139
1632
1173
1601
298
866
395
5068
909
1218
1240
2152
3311
327
2911
1541
1953
266
14
1536
341
3355
2533
2185
1351
599
6
218
412
964
881
1507
258
354
1297
237
1266
1193
614
1469
4169
2498
1430
376
33
2172
527
993
4031
839
3138
315
3434
411
45
3629
2269
979
104
276
41
439
1256
1214
749
487
1676
216
1309
577
187
91
1543
219
481
3446
1234
174
490
901
1720
672
1124
2740
511
417
1403
443
831
532
878
656
3111
1947
427
558
133
235
1269
937
274
468
6043
932
214
680
1097
103
1664
3267
380
3323
115
364
1464
1875
2023
666
3321
319
636
662
206
430
5945
2948
441
1705
158
4071
8
1294
490
1023
708
1490
143
106
287
1605
151
1215
7
745
2575
1664
1630
4
798
514
966
1006
1277
895
164
2209
1471
344
227
2752
682
2768
477
414
2551
2486
662
901
1915
91
284
414
288
3276
423
926
722
1187
300
367
339
253
2623
1905
961
1422
64
426
1366
1826
1980
1823
1332
851
353
374
735
4675
476
832
1382
1014
323
2996
72
214
451
849
28
387
1743
8415
719
485
61
1465
1777
1209
624
386
623
66
2034
587
3720
665
548
2159
2482
1328
389
2197
544
831
1552
1223
947
2096
1044
433
103
1478
1186
653
826
1714
1605
440
5418
974
244
74
748
4938
326
658
520
635
5866
220
1447
1190
4206
758
3868
519
428
3082
691
859
1323
588
2615
2231
160
791
1099
806
611
154
1240
172
1168
2094
33
6162
2967
498
1168
1797
3027
1742
227
28
6384
372
576
1508
505
1263
112
637
953
728
2247
603
673
314
1519
2464
1553
3969
870
154
76
257
3348
1224
202
687
2451
948
2032
1415
3064
3694
3499
663
633
606
357
2148
849
2927
598
1603
327
2390
318
2982
127
243
36
970
1199
83
3109
485
147
186
828
2511
2306
483
433
1277
1591
326
4571
1834
195
329
922
840
362
398
1006
136
123
53
1306
2930
2564
249
2804
907
793
203
827
624
1251
144
382
3565
389
711
2203
18
1249
1206
785
2844
229
368
351
320
1835
691
726
2182
196
481
352
3287
226
2323
49
501
2
432
2317
755
453
783
166
6043
1742
818
43
1136
798
137
315
578
1068
805
116
1785
1
62
1012
1007
1332
805
468
1389
153
4864
1847
186
5197
310
1759
1493
1035
1144
2211
739
5131
464
172
1173
1268
1563
10243
1922
59
436
920
219
76
158
506
1380
726
1431
1334
2072
239
506
3994
294
895
846
1035
367
620
1956
812
1480
4539
1761
1398
785
2653
2490
693
1311
924
1481
990
2609
4012
1197
748
4795
1378
2228
3533
5100
95
455
2160
1420
1033
580
107
2056
199
1265
436
605
376
508
1501
911
639
6090
27
485
356
453
715
1231
1843
1236
756
1181
295
1251
179
2464
423
2498
695
4066
433
4054
805
57
477
323
166
2911
228
410
769
279
269
3651
1472
498
686
52
4318
2523
307
410
893
148
1569
1031
136
581
42
1289
1101
15
3575
408
4363
414
3622
707
2550
990
103
433
498
2568
2138
810
308
641
4087
1348
216
206
4805
14
3388
5862
553
2839
2519
251
2210
1037
583
1501
1282
448
1136
66
556
1865
244
614
302
349
1943
402
3318
3098
841
986
1051
459
761
185
1336
107
1027
741
1359
1091
4040
5265
2443
1266
780
450
1099
203
1039
662
1747
1019
12
1334
124
502
1436
1299
590
1732
493
397
449
223
129
43
465
1394
1044
1355
143
1806
2357
1347
1003
23
1119
3250
172
633
1244
237
1256
377
765
651
518
377
422
736
436
69
1899
1844
330
731
687
1286
285
840
181
403
4241
987
627
486
838
101
899
349
372
87
167
2383
170
2462
147
398
95
1083
1436
229
1027
537
976
781
289
1022
54
1518
1316
1068
922
2817
3422
24
932
715
431
169
874
201
540
1032
98
1859
1328
664
945
672
476
98
58
1524
172
60
2144
1202
506
78
157
932
2168
1257
1464
766
161
824
430
1947
1203
799
1186
287
396
926
3272
3542
1120
1198
1205
1469
1230
1031
2024
203
2606
558
1323
1203
792
499
658
3415
235
84
681
1695
2988
374
48
941
670
1461
89
389
6225
2042
3094
826
31
767
2071
662
60
273
1307
1044
1680
416
930
277
402
752
8
539
216
139
1388
3335
1490
2342
501
395
1613
32
268
2832
4301
755
395
1002
2780
95
27
389
2575
291
984
1127
2552
347
174
953
1473
2051
948
2930
1102
1745
94
501
2252
874
886
123
911
3221
7
498
260
1228
333
1227
631
1441
95
735
60
1118
1066
843
943
2015
1984
89
848
25
298
1632
2285
98
2888
828
1015
1455
2217
343
39
505
1040
10094
1072
290
147
324
873
3389
586
794
618
2205
519
252
1043
4608
103
566
787
1010
870
183
922
1507
1209
676
2860
389
594
1911
403
336
2661
299
1073
793
934
1923
1456
2596
89
1410
32
859
294
376
281
1107
1526
54
134
174
37
18
1518
1438
106
1935
1690
1111
797
1122
2509
2831
1110
297
470
293
3844
129
2677
1315
781
2859
341
735
1465
352
2465
1593
2546
887
3015
4433
686
152
261
703
4646
742
411
162
3397
928
2779
2228
315
708
303
697
951
1389
142
1105
368
1726
7
2703
1399
95
77
887
1285
720
1344
1147
562
1031
1988
1574
632
1822
131
771
107
68
433
191
1220
149
528
485
1452
615
24
128
1078
251
176
4925
1289
848
1351
965
478
448
3539
1015
640
148
44
793
660
1022
2755
403
3222
2285
2649
331
153
386
6692
911
268
1086
39
352
345
1344
430
1257
1460
3168
15
4034
1753
1793
639
158
2249
103
695
180
144
1115
383
1538
2211
2730
170
73
3729
819
189
1339
58
1284
2273
2440
152
1257
3446
847
351
248
2352
3430
3514
99
622
343
576
669
245
706
144
1995
610
756
420
457
1335
802
103
536
348
1765
162
823
814
408
4964
379
2121
1297
274
1045
2051
66
564
218
162
956
1849
117
485
1547
4330
428
64
491
586
934
303
176
5403
608
148
1137
451
414
2235
1645
486
2047
8
1472
1318
198
705
77
3201
1635
762
312
1043
2371
578
524
1226
1114
572
1439
1165
2397
270
1231
2419
1328
564
290
116
630
568
260
3186
329
1499
403
191
387
110
816
376
2761
1338
341
2686
97
345
2160
150
2990
2507
43
455
1728
452
781
1280
1248
179
1007
1838
1943
183
797
3552
3996
302
697
1851
97
2301
1341
1052
766
54
532
580
2907
1870
5525
711
1461
282
981
726
1207
690
910
411
98
2763
956
836
2492
101
158
365
1595
1765
4198
1353
856
327
1851
985
597
589
170
655
1294
4595
1589
245
81
1536
2755
1518
673
286
1705
790
1166
207
959
848
2393
3348
149
1155
716
1066
752
1094
1
2290
235
1317
745
669
1695
899
720
1141
1453
1193
143
549
176
831
1049
12
374
2355
1323
1602
450
556
42
127
2531
2435
2010
260
373
188
2585
4779
119
2472
2039
1743
222
363
970
497
1093
462
29
2448
3485
467
1453
1156
224
948
303
153
1389
567
1686
22
98
282
174
3415
1827
36
2218
437
981
630
2913
1910
353
655
1173
3993
272
1466
2164
747
761
168
3811
15
1056
48
3087
336
747
994
1546
77
1689
899
621
261
812
2525
670
336
179
1226
3671
3097
5764
3121
2617
1394
1352
47
657
1186
1306
681
4183
894
3418
1162
3498
3837
869
360
47
747
39
4188
1528
184
545
477
164
65
852
366
1432
405
3682
4267
281
471
1152
384
598
403
449
147
294
244
1189
1681
733
2355
502
527
649
466
202
723
1207
2902
1367
89
208
549
176
601
340
752
1169
1834
1100
408
1326
4188
81
185
1024
1066
793
984
1427
295
1413
383
786
661
1430
1626
1495
1428
2102
456
1443
1034
522
3300
719
1992
2078
1327
1266
686
1106
2509
2026
208
1561
2488
687
795
379
2038
239
1261
1386
2553
2124
391
519
1047
1609
1398
2042
1069
195
1295
141
953
1112
643
169
1732
981
1924
36
638
3358
523
4480
193
786
503
478
156
104
2064
368
304
176
803
6078
1049
1157
727
1809
2925
3052
801
2121
918
2301
691
676
1008
351
1374
485
2251
840
970
3615
1936
790
1431
1328
1045
249
681
4076
7569
328
5617
133
1931
98
518
643
68
614
480
4600
1511
502
423
1889
3383
325
457
4730
1901
1850
903
331
415
851
411
798
2094
1607
243
2645
207
107
4392
1738
316
636
503
599
685
650
1441
1131
786
2392
4086
473
1590
3392
811
970
1632
52
782
633
1805
181
844
927
142
28
1531
2407
476
730
157
2482
1143
1652
2218
3511
686
412
268
4302
999
1202
2751
116
1464
2786
2122
3419
484
27
819
2293
1370
2314
21
662
1910
1175
279
2525
618
323
1126
968
1514
103
874
293
332
110
2188
598
878
1288
111
353
426
1231
1953
916
461
978
1131
5937
440
1206
156
1880
1170
2034
166
614
2661
1014
1894
1632
1393
755
866
56
1484
43
572
140
843
131
1363
1530
596
1173
154
5205
3433
1180
366
159
1934
370
1152
1219
636
1439
1378
1166
1186
1850
561
127
73
519
549
215
1753
440
233
456
174
2780
1400
1407
152
1274
329
1457
1311
1391
3779
3701
4560
4285
2114
1327
3486
1112
869
1555
1064
627
2209
1103
740
237
87
1259
347
1256
1241
1023
112
79
2901
1009
439
247
1168
777
56
449
1037
265
90
1778
87
1119
4119
1764
399
431
449
1713
1530
290
186
1718
855
1111
2076
90
2819
894
1364
1535
507
261
1744
515
977
739
173
74
335
2451
5843
768
72
671
5001
64
969
984
2193
4266
768
466
995
1864
798
3157
135
920
5374
340
373
1039
714
1003
1050
2469
149
922
402
110
662
1228
647
32
377
3174
1849
268
2231
1197
1123
1112
567
460
2388
3633
540
419
1261
766
1064
248
1611
33
76
245
880
135
4067
552
940
56
4243
248
64
162
2372
3563
340
277
532
1485
1908
999
5417
1127
1148
2446
3051
1223
340
1239
3386
2451
591
3098
444
341
1239
185
1781
3660
298
1099
1266
47
969
976
664
768
801
332
574
1557
252
435
578
262
1249
4001
2493
2202
619
227
124
996
1284
1248
162
1091
3080
87
1869
341
1010
1509
1586
35
54
936
3310
853
730
430
3710
168
1135
36
2311
382
612
1130
855
257
3122
403
2092
1339
1566
1978
1761
4626
585
1591
999
881
789
923
989
1838
1538
2072
643
219
31
374
761
3489
677
1123
1133
1024
306
3251
2452
3156
819
823
1628
1403
648
1735
594
44
1340
1202
101
1298
906
269
766
2634
226
162
1502
1453
41
2232
1069
4210
4659
1740
5689
114
477
606
349
133
881
1126
364
2126
1008
343
798
1213
1135
272
919
4673
276
645
2181
360
936
2909
797
1186
4179
1359
1772
2099
569
2481
2723
1249
1485
499
1482
1060
397
880
1105
634
1352
701
3039
4188
464
286
332
2717
1317
352
7475
281
145
477
180
2686
414
3502
865
238
79
1505
2671
1714
1415
1189
4381
2840
364
393
2326
1481
252
1851
1665
1571
1647
189
1880
104
45
2661
76
237
769
2463
978
313
644
118
755
906
805
239
623
133
2155
52
1094
985
617
662
3163
5779
1213
270
1259
149
177
401
585
4725
773
880
31
7
557
439
1360
3783
864
657
626
2485
1209
1898
1143
222
2386
769
1331
672
1358
64
1663
315
2069
5853
2113
324
744
774
29
798
1240
1924
29
216
2890
1632
4323
1448
398
964
1159
2955
1627
389
4292
181
397
918
1278
886
3965
485
107
395
4862
1568
381
2028
156
268
418
790
436
948
237
3090
1728
1307
162
3800
1187
3654
1930
291
2381
1657
1674
547
1247
989
627
822
1020
1115
2147
2318
2309
583
164
1885
1035
191
1139
752
741
2943
398
752
276
548
1403
2285
2582
649
887
5090
1302
1644
1241
1364
618
1195
540
585
287
723
2071
910
778
49
1780
1376
179
488
164
15
1660
1649
4854
393
1131
69
1568
202
2274
1661
299
2859
316
122
724
1140
242
4217
1894
712
2994
606
37
424
369
794
350
58
1106
899
1535
3006
931
120
447
1099
130
523
1007
283
2038
23
3801
1455
453
1380
29
2530
173
186
1162
1097
895
389
3367
976
1830
985
432
1222
1685
268
77
378
364
772
3248
2738
33
1824
3798
2534
1248
1836
12
433
1097
532
40
316
3569
823
708
185
1001
2122
285
304
602
547
653
789
2960
1897
1409
686
1664
957
208
198
104
3364
266
341
505
22
2598
245
238
1738
891
741
2485
1660
856
1290
714
1007
322
3591
360
293
1053
3049
15
2160
29
531
2292
5167
1243
212
1752
410
197
764
1627
1470
391
1622
32
128
696
480
219
1064
422
61
774
2651
24
2853
1972
2526
97
1670
472
2425
1810
184
782
3681
2794
879
169
2140
316
39
140
1764
405
1282
1711
1609
568
137
4728
240
1730
4102
702
2346
209
1165
1624
1767
999
540
222
1210
426
1728
1024
2349
568
99
1868
382
780
428
2609
261
1352
2015
64
1826
899
2464
1047
691
569
51
4063
594
2378
1244
726
566
5741
1015
2314
757
319
1719
708
981
1070
623
548
8
47
1016
256
1920
972
1078
4597
3536
160
197
1307
310
648
2040
87
757
772
1156
1842
729
1926
1164
3218
464
133
537
490
2955
52
557
4889
344
2094
6151
4235
39
408
231
1501
310
26
3939
222
1169
354
972
3747
2735
76
1422
1309
1162
907
1193
1297
4114
348
298
311
1055
652
1686
1166
1098
2148
1116
2213
498
1473
1726
1922
1006
299
1343
1661
2901
1090
774
118
949
1493
248
1059
1978
330
1695
11
1566
161
408
2131
226
1331
110
4185
326
461
748
353
1018
630
90
397
726
1628
193
834
1744
1332
705
512
372
103
271
787
99
136
1723
1260
1477
1621
668
1585
1416
92
819
730
415
1632
2397
3839
2363
351
2248
1475
2982
1152
291
1019
19
2747
2169
294
419
223
1137
657
37
1415
416
89
877
1868
972
5466
395
159
187
2677
708
4526
301
2585
912
2161
52
970
1007
1260
604
1456
1207
569
1372
1086
2252
137
8387
3454
185
2532
351
411
1718
599
274
1243
106
3381
694
1235
1563
2299
4629
1204
257
1164
4238
1252
1018
4008
1233
1767
269
1060
621
1227
191
1004
1228
4193
831
653
614
264
1811
144
1967
1563
794
256
204
994
836
706
254
243
244
341
1119
1306
279
28
2488
1382
87
566
222
516
147
1992
74
438
29
262
132
1404
795
315
361
1059
3271
469
998
1806
98
1210
2559
1011
3598
1
1002
882
1290
27
1455
947
1917
431
819
1684
544
1028
1334
740
127
1571
2371
1057
418
491
1568
582
448
118
221
1144
2990
2277
1161
75
89
144
4110
1730
733
2038
3529
527
1573
1924
946
2934
113
860
377
256
148
378
1578
49
1797
1047
678
316
135
10
607
143
2526
2439
1809
22
2222
3964
182
6782
446
580
7
603
110
1578
1578
461
3567
1480
525
185
3733
3413
25
129
120
691
124
1148
1697
393
1048
4089
40
618
120
508
2242
932
885
8
1977
237
557
826
523
1664
2755
452
416
1551
178
548
147
939
671
66
153
335
60
695
1585
66
3303
2261
1378
64
1353
2330
2705
283
252
33
664
377
355
678
1270
394
669
261
1232
2023
1024
270
1095
382
983
279
2786
3050
373
706
102
558
1447
172
24
2381
1339
152
728
2047
198
643
955
1679
949
5088
290
354
215
2303
770
2285
1305
774
5218
3413
1294
189
519
828
1856
5659
372
1076
197
857
1349
47
360
2534
1039
1056
198
1531
611
658
1320
1074
40
1028
53
147
632
1355
3152
948
185
4547
652
877
5567
101
399
2138
6057
298
1232
177
1380
491
791
1069
977
2315
2550
401
1127
562
60
1319
51
2403
1190
453
141
90
412
572
894
21
79
844
1735
411
2211
3289
697
2001
1084
2265
1540
1202
175
4335
88
626
2392
2227
1015
641
1139
653
2056
778
419
293
2117
1032
553
2813
553
798
1157
67
3568
645
2653
3568
683
511
1016
2453
1106
170
1331
179
3648
3426
3290
930
2893
482
1452
248
8
410
117
563
2359
1302
798
4821
264
1706
1251
430
41
711
2200
840
123
1147
39
322
346
859
3968
557
836
1352
520
1606
3754
747
44
2176
445
903
1435
323
398
192
993
97
407
897
106
227
174
394
844
36
1591
1260
1241
1106
1870
418
959
1657
377
2276
2347
124
48
249
2559
1231
4933
876
44
935
857
776
74
95
681
3772
1486
1906
49
849
283
1388
189
728
320
453
2201
81
1131
235
698
1558
145
5080
110
40
739
731
505
681
523
316
831
1535
811
1215
244
2101
2964
1505
639
3381
251
164
1516
1917
912
674
36
1482
2378
2942
1595
1460
2273
11
129
1915
1300
1414
830
441
102
281
977
428
1968
881
154
5347
1026
2690
6038
1767
58
1847
1316
1393
1309
701
848
2631
972
1176
193
1087
248
1757
580
3368
348
1593
1452
351
256
191
1701
1491
734
1938
2030
27
1985
5313
932
456
164
916
1559
293
1961
787
686
491
4121
2036
906
251
1362
2309
1510
1651
3164
268
739
46
740
4029
598
3470
735
2330
6024
101
93
286
4291
1477
1693
193
2476
1455
2438
78
398
580
2501
1418
935
458
1451
726
405
785
487
237
627
1534
2208
524
1820
2459
2005
3376
3129
162
1341
2094
29
1432
4759
356
1901
104
1326
819
358
415
38
316
974
3118
2143
139
123
1623
5226
1494
465
16
80
232
82
3085
4568
1098
533
435
352
170
167
1357
462
911
740
2669
1863
72
1989
2407
1756
2874
636
814
204
2913
64
1000
572
260
234
164
4820
491
468
3781
819
153
636
2484
6245
5605
1012
1263
4001
1902
70
1014
60
237
2321
914
755
1328
18
3109
1330
1151
356
401
815
453
1197
7457
3763
43
2430
760
453
3272
345
2369
1137
3704
618
1918
173
1407
1019
2921
486
160
403
924
2296
376
5389
1330
3294
943
2586
3336
891
1681
6
994
2552
412
106
389
459
1699
137
43
535
2030
2179
573
1227
1792
893
2255
608
330
1338
415
2374
3101
2092
279
671
1360
430
132
4326
149
42
1115
39
2121
2451
1081
1574
2246
306
2857
628
1097
94
1162
350
961
98
32
5558
2446
1553
40
3869
739
306
394
218
97
158
529
482
447
348
732
2446
783
262
551
1401
806
641
510
148
2965
1607
316
1513
202
605
2178
844
3079
1720
258
331
2231
2775
1177
1319
323
415
1444
2172
1795
778
1815
329
691
846
2718
757
1207
910
335
818
1050
4884
522
1785
1857
2647
385
105
1073
1055
58
361
916
287
231
8
1340
141
2617
2768
655
682
2839
769
82
5497
121
1023
1639
784
815
22
530
323
98
561
347
866
111
2988
587
1398
95
1134
168
584
2260
1090
1124
516
5464
519
1564
1223
327
315
873
278
445
1318
1619
1555
932
2573
1060
3423
3373
201
390
3406
1301
441
2885
827
101
612
348
116
5816
1121
651
3165
686
1151
1976
2592
393
98
2423
1027
368
1306
686
119
648
240
424
760
626
902
806
389
3909
743
2698
3871
462
2331
447
595
4255
2677
1005
460
198
482
157
81
452
1149
495
998
627
1023
2638
970
987
2904
58
841
2281
108
2124
564
2975
2219
3912
1398
258
2480
2372
3364
1199
1093
481
35
2621
686
2725
610
6024
807
269
1098
614
564
669
173
516
1003
244
1201
535
2203
1132
368
310
440
3030
1242
2855
4123
433
2044
1520
805
3038
1043
1973
343
1070
1019
443
1831
3685
458
657
10
467
201
1328
661
886
657
666
727
937
1074
240
2918
2264
112
1716
455
1316
1502
747
36
672
4455
2996
837
1006
1024
946
343
1418
2126
1105
4597
1156
389
516
437
502
4108
1323
959
1043
56
1310
1561
670
428
168
2078
251
704
1310
1425
1624
1199
1466
915
1634
735
43
617
549
65
299
505
224
547
10
101
823
7088
1627
2335
152
747
1576
106
1207
1423
403
480
417
4995
736
1215
3450
1530
1064
597
812
554
159
3242
2402
2384
4451
828
264
1089
1016
15
1552
2068
131
652
789
1430
894
1390
1040
105
1631
133
396
1419
927
1087
1426
982
1877
2036
240
1230
1265
253
1012
737
145
1639
2752
430
669
1894
1378
314
1886
591
1373
1952
647
2160
240
2381
314
61
35
1157
139
486
103
6605
156
657
1290
545
3477
630
1384
204
4477
466
341
86
101
299
206
209
8
176
732
111
866
1357
712
226
824
2607
766
1840
6865
1474
1823
2121
291
3469
358
801
989
1534
1489
990
834
2214
1107
98
1920
401
195
722
107
469
697
1139
385
73
628
624
464
1482
1273
455
3147
86
802
422
580
635
1439
3204
1584
73
2221
1411
601
1541
239
823
398
1117
693
918
61
1073
822
3602
2
58
1441
402
978
3930
707
1815
415
226
3837
502
1790
597
349
797
112
236
418
2646
736
563
360
2076
1448
2869
73
347
160
427
977
449
2048
279
524
1511
845
360
104
61
143
984
791
3631
512
840
526
957
841
1934
696
2009
2594
13
1510
3172
349
1164
1112
777
1274
1293
1194
1369
2581
860
1141
1617
530
877
189
1555
558
399
1213
1777
1189
1413
1551
2461
876
1040
6064
1630
686
275
73
517
116
226
808
4572
1320
3063
273
964
1536
356
147
408
1498
735
1720
1536
361
358
1111
694
1006
445
3131
424
758
114
76
2446
2056
749
101
443
232
315
199
62
605
1110
824
1964
2738
445
43
1576
1062
1598
2065
4130
857
1488
39
252
112
2513
577
1485
3582
249
798
360
1211
570
127
455
1034
2174
631
427
338
1488
102
26
1441
640
200
367
5039
1530
1239
2294
595
657
1140
231
828
886
198
735
909
349
70
261
1206
816
3136
3031
463
1105
1156
948
4579
1288
762
529
408
186
894
2093
323
935
1851
4455
1894
494
374
739
281
35
834
122
101
443
252
1949
97
163
553
791
1035
494
82
73
4227
2077
6483
2371
2971
2413
3641
6675
