real_Parameters :  airy 	 failrate:  25	 Fm:  735.7088	 且最后的Fart/Frt:  0.5267675008		   Time :  37.6482

212
73
309
353
421
336
785
782
783
38
703
3
148
371
933
8
58
355
431
181
1202
802
968
1043
628
601
441
1231
1433
33
52
632
1253
668
903
413
878
1656
705
308
738
188
1185
1028
1421
313
971
229
1091
11
63
128
1213
488
949
523
562
461
1509
758
146
1351
369
1358
186
1708
952
175
169
51
963
793
185
445
513
1239
729
798
851
556
108
505
426
539
63
32
612
1081
1061
1669
1033
16
879
566
1078
1206
442
63
263
825
353
565
1099
1512
458
523
136
742
1098
442
513
998
82
398
529
826
281
191
1793
526
1308
2193
1672
396
603
332
858
828
73
1443
896
336
653
572
509
1881
2033
1899
148
26
1111
725
6
905
972
53
888
318
409
61
848
1073
1332
125
1512
2483
386
275
1452
489
363
38
703
1099
148
2095
491
206
556
65
679
1056
962
476
42
442
2248
589
273
86
1438
1422
1522
799
925
1169
199
908
322
912
708
978
1012
505
255
281
485
733
363
1412
392
625
315
441
1525
653
195
596
1696
586
2069
403
156
516
769
1708
1168
792
568
893
1382
993
531
698
353
1116
1465
1003
1522
1583
751
835
831
329
2758
1181
769
343
571
771
1845
201
221
805
542
1093
321
686
1001
722
1409
459
648
692
815
216
576
283
1788
743
1716
741
3
925
1772
692
679
618
391
948
411
865
818
522
1228
315
661
758
518
189
953
243
1396
818
225
315
52
153
371
3071
1168
753
471
303
1501
241
719
253
552
372
216
1611
613
661
1171
1669
2668
306
22
36
1002
1771
905
468
975
676
641
803
1805
101
46
558
555
42
276
275
386
769
278
1216
2115
1165
485
372
846
149
521
576
383
595
1033
1512
832
1101
1106
1833
293
689
113
271
1551
239
1141
122
331
1175
293
406
432
1032
311
528
1105
93
185
1048
772
1778
262
2023
45
492
593
1652
571
139
2442
552
1498
245
1235
208
839
168
382
519
591
479
878
858
911
803
689
673
963
1912
623
558
1173
118
373
433
238
741
798
539
548
79
721
2883
1033
99
1286
478
1219
232
548
769
1018
466
211
575
581
1451
286
615
168
485
1326
489
92
76
779
1022
785
928
1073
473
741
176
166
102
1312
351
182
418
473
605
158
1558
945
183
269
388
709
1576
876
113
131
2199
643
569
5
1158
2112
185
8
592
1042
1293
802
508
242
146
1129
259
706
272
203
173
1241
576
745
912
1648
608
1272
309
11
712
345
1025
702
985
338
995
546
728
455
823
481
16
555
276
1483
619
749
586
162
253
408
761
555
711
1593
465
1192
919
96
708
673
1258
1012
431
128
846
392
549
305
592
129
871
428
575
663
298
1335
2079
1453
969
402
281
699
1042
621
528
116
172
1949
1046
105
49
1199
1175
205
805
1299
769
41
131
68
1135
191
1949
685
1168
1505
945
68
32
492
339
486
923
1213
751
346
1639
623
981
466
766
123
552
1646
1602
132
351
226
335
568
891
521
1325
655
562
123
781
233
29
786
1252
256
1028
1188
1325
9
189
966
793
822
209
3
791
642
1976
213
1051
1863
802
1366
656
709
862
449
1085
243
1245
1225
918
99
32
99
652
842
545
968
221
1013
616
79
969
113
372
45
1451
776
182
506
758
618
2059
301
759
919
646
1323
262
499
365
95
613
168
373
206
446
573
131
678
331
431
429
845
1451
18
206
1005
602
928
501
1279
1751
966
91
1015
343
701
661
318
722
428
1639
215
423
1082
495
205
208
213
683
923
1202
1746
432
349
153
951
598
665
528
178
1108
1139
43
61
213
2178
416
985
751
952
188
1039
1251
186
1891
691
668
296
872
191
1
843
219
768
178
239
1293
53
208
1121
393
991
261
239
1303
832
635
348
1925
276
878
596
1302
651
663
1049
1591
626
145
463
1615
542
616
229
1469
1316
751
1019
939
2308
1242
179
503
383
142
39
123
3
1629
8
656
1299
26
1105
8
928
222
2043
155
1003
848
61
101
58
332
306
661
841
876
12
1095
455
815
663
1238
323
525
1492
146
696
726
181
1219
1235
1055
18
442
609
165
505
766
401
786
775
936
388
203
136
329
2018
961
452
599
1835
19
145
783
419
795
829
1722
1301
495
599
302
141
1232
739
896
822
1306
796
1168
78
261
969
1151
1512
782
1589
286
415
242
655
569
1745
142
1116
309
735
1451
2052
363
695
736
971
338
1021
1001
1141
662
1325
1285
439
952
118
495
162
945
1622
775
428
443
371
1388
826
845
52
393
988
32
1286
678
613
305
201
48
568
618
578
1162
639
1239
1205
731
1132
791
673
926
815
18
1079
411
762
493
1226
1171
982
36
1121
749
559
963
1695
843
133
1141
389
703
1819
455
916
912
1418
868
28
626
688
573
38
351
709
102
383
976
148
641
109
1092
825
865
1213
808
151
301
753
289
499
2402
1542
789
301
303
719
223
799
793
1166
769
188
1018
809
469
259
721
663
223
91
605
1328
455
31
156
418
199
515
801
1543
735
555
1475
611
849
479
352
699
1102
1302
1248
1162
801
125
352
595
868
1129
1998
792
1705
821
562
741
741
793
1446
1152
159
1405
1046
359
15
923
549
958
719
346
842
1111
899
472
615
983
59
1282
556
335
646
1076
946
453
455
1622
416
922
1255
576
302
105
473
1185
45
185
223
108
1902
1182
1159
461
1591
63
602
453
922
306
226
1105
499
203
818
321
1083
406
473
181
423
939
585
1562
949
848
952
656
615
1088
179
282
896
553
478
1429
1076
231
275
123
2013
713
1629
846
1465
552
91
583
808
401
22
521
1099
562
956
879
1031
221
1326
1598
36
2262
221
1111
386
29
449
52
775
672
968
19
956
638
366
1246
139
2322
1232
331
802
211
1172
99
531
426
939
153
198
951
193
288
733
409
629
921
43
2472
599
1111
645
1268
271
549
222
62
135
638
1391
871
1078
1163
972
2718
2039
563
52
746
2378
1028
1732
329
759
29
989
679
12
1363
1723
1331
593
985
1002
619
532
503
121
533
292
906
323
1946
462
75
308
473
159
136
765
381
1562
986
149
58
2071
1189
1893
1102
1908
199
542
178
603
1475
953
226
148
183
292
252
948
1241
913
1095
99
902
598
252
283
1295
873
1039
245
563
1662
2188
1121
683
929
1613
1103
355
1342
316
263
376
1553
155
1812
872
8
515
596
506
76
192
841
219
418
518
105
329
898
1292
13
592
1419
81
745
759
46
1021
1729
112
166
178
32
309
392
1025
946
249
231
1101
1176
619
91
671
868
175
406
1408
323
1579
1925
599
919
553
871
219
798
1518
1092
449
362
832
1245
1448
1013
361
83
1156
1339
741
758
193
1458
523
1166
863
1881
282
413
1626
1133
645
35
571
728
52
581
1853
205
525
918
626
1075
971
1199
866
1486
676
405
72
1103
1866
298
352
632
406
328
321
586
543
126
406
58
1153
1125
193
466
548
1698
651
72
448
811
222
69
328
1226
76
1078
298
133
489
436
436
622
1262
859
2102
2175
136
539
881
321
76
946
36
776
1299
561
653
992
1253
571
873
1113
155
619
1652
535
1516
746
1139
1449
1332
378
651
698
312
13
1661
452
588
545
336
1015
199
1758
1885
22
419
1081
715
602
785
1598
419
1076
453
1909
542
621
588
386
242
1639
672
1191
893
98
858
768
208
1088
116
23
349
756
775
545
926
899
56
305
832
1816
1363
1285
63
446
266
1278
299
1013
952
1142
1416
19
511
1295
893
648
146
621
131
823
869
478
463
85
22
1596
725
1502
299
1545
1291
779
2922
249
968
331
955
142
835
308
1675
8
255
1998
403
212
618
723
763
2586
702
2536
1021
102
1835
1821
539
748
1063
1042
815
339
26
748
498
738
969
836
1046
989
1093
1352
1076
1656
602
1116
285
519
818
331
416
719
1396
88
646
623
1163
981
648
639
953
871
341
1121
838
733
1122
613
83
488
2231
543
445
373
1569
502
652
375
128
1183
38
149
15
1058
1323
701
2429
848
996
665
853
1032
1758
133
409
319
1936
766
196
2612
673
981
91
285
728
446
723
102
539
1142
292
938
93
861
133
462
886
738
773
632
98
458
72
712
415
329
611
1566
963
1226
328
1096
345
645
921
319
162
631
916
168
803
189
1396
1042
446
231
1449
496
531
1456
2502
498
878
1009
691
652
51
758
1562
776
133
445
455
136
748
1488
118
363
698
828
305
1201
1662
436
682
988
655
835
113
632
143
1706
626
88
1466
233
42
1453
375
1342
476
688
136
746
918
1251
391
891
1333
1339
813
953
476
679
992
139
1202
1492
1648
1119
1186
486
819
1325
596
2242
375
1531
1101
273
646
219
756
815
1392
1506
293
645
396
228
1569
292
1125
365
2999
1023
345
243
246
1042
841
166
302
681
1683
676
722
153
1313
358
341
552
783
728
649
1042
1538
76
1033
1385
785
953
195
635
469
1315
469
746
615
748
292
73
705
642
1095
1325
791
618
485
1429
802
215
1191
358
1275
522
833
2385
553
645
36
431
431
786
1948
992
398
55
466
179
1486
516
543
1011
608
86
398
842
358
62
118
755
2093
2666
749
718
1739
271
311
528
215
1155
1488
1063
579
935
275
276
1071
46
5
629
826
402
706
136
729
321
645
726
1821
599
61
1169
1802
108
1139
709
1285
1158
1615
569
348
183
2213
271
448
541
1332
31
455
941
845
989
1025
343
545
1039
108
268
856
1625
753
1126
866
118
3368
2048
239
1316
815
186
1029
265
499
808
481
526
29
1371
739
188
1255
432
543
1603
23
501
472
693
1199
989
1512
1205
62
488
913
476
741
1508
322
1662
941
746
3012
839
369
462
12
519
269
1073
1088
569
1061
809
1043
598
1882
322
239
452
478
48
681
245
1146
1146
1333
261
466
1738
1345
682
82
133
39
725
932
1225
1788
1553
341
733
98
1349
713
611
592
653
473
1192
1412
525
302
528
403
495
1166
393
512
389
1208
218
868
1006
982
866
1868
973
1038
585
599
328
713
322
1196
1015
371
1355
599
395
1142
611
93
162
705
583
589
552
732
388
141
1288
173
878
1039
1445
216
61
75
1889
1942
1749
1258
585
121
75
1348
772
941
606
772
298
736
1009
1048
298
205
538
446
1082
372
415
993
973
1455
1265
1243
445
1278
1045
476
1069
236
202
402
1143
12
222
1005
846
1361
338
3
948
56
96
1109
606
1791
329
266
206
39
233
1141
1099
628
876
553
1233
502
346
712
1496
1119
1209
145
911
975
288
492
1119
1042
1228
43
1455
512
262
735
1653
751
439
245
696
282
578
299
946
563
409
221
431
43
931
942
1183
1279
828
1793
1866
603
255
412
1478
221
273
1602
793
143
12
322
1138
412
749
498
151
416
759
579
1362
578
141
75
1226
1345
993
755
406
433
808
199
271
895
206
602
373
479
988
163
1003
1082
532
259
945
322
1679
1173
929
978
532
852
476
635
265
849
708
508
183
665
422
1725
263
452
1249
1191
358
801
281
671
1365
1378
159
255
805
1681
1142
811
535
325
826
322
855
806
242
346
252
915
728
273
1862
961
1135
913
316
1031
1295
969
1199
673
746
1206
551
743
1821
1036
2301
231
1491
379
976
275
1341
352
785
1176
426
656
85
318
1335
1209
392
913
706
1203
856
1422
908
179
121
681
782
1769
1622
513
116
892
799
1708
219
803
169
1061
779
476
613
468
1402
1476
118
1076
1056
906
633
51
961
363
263
519
766
939
749
235
109
363
468
372
325
1058
569
763
451
1936
43
1025
172
59
1073
663
752
1518
666
149
921
368
799
923
311
489
179
822
666
946
392
1802
923
758
1648
115
315
29
182
728
331
116
218
362
1022
1019
1533
296
629
348
2306
623
412
801
131
983
721
886
185
1032
438
53
1248
1568
1662
589
912
1068
812
1112
1573
13
441
305
468
1025
2606
449
345
445
2285
149
352
118
846
725
1196
682
312
241
111
549
1195
256
1416
978
773
1052
379
253
508
116
442
473
281
732
1473
1375
2155
1732
1103
171
1563
566
9
83
519
598
822
1508
1501
762
1995
648
31
598
62
1012
578
446
282
968
578
239
459
332
153
975
85
1713
448
995
158
1362
293
152
798
466
86
776
1741
706
306
1375
808
322
1463
566
636
1042
1318
773
708
426
1266
228
605
376
139
252
432
621
1795
961
401
199
66
235
938
1581
195
659
213
509
462
443
503
245
115
1991
609
328
498
1871
329
2649
1636
469
178
1975
1276
63
908
145
1041
1191
613
2141
678
1838
553
1403
531
808
418
878
1511
1285
651
168
1043
39
449
99
823
505
975
881
439
925
582
1488
1225
75
33
369
153
979
695
1458
595
866
1265
1342
1792
1519
351
913
579
1052
386
1638
1328
655
956
1558
1073
518
241
936
156
1365
129
699
115
21
432
1485
269
322
1775
972
99
68
929
1513
813
872
538
1496
1381
1163
1329
988
1598
1241
3
421
639
412
781
718
1553
391
352
1498
1089
252
52
202
1273
248
1055
41
42
879
1773
1142
499
692
1896
209
956
1046
1021
889
273
898
233
648
279
563
263
481
1611
2851
1163
649
78
552
418
769
346
1768
366
126
413
341
41
349
472
6
319
1749
558
806
583
279
935
1085
12
208
1688
811
66
701
829
651
419
1278
1809
455
375
122
738
282
412
136
781
196
52
1915
1222
696
729
642
1359
703
461
123
1223
518
336
1032
601
538
1051
435
573
2213
2319
1955
651
1185
12
1006
139
645
1971
333
513
219
78
1735
1085
643
498
852
522
333
429
665
282
1006
363
639
576
303
1001
135
723
1135
616
863
965
299
3292
751
935
1033
376
548
313
389
619
468
232
876
1499
735
319
462
322
43
308
308
75
819
99
936
353
481
763
288
28
83
1463
1276
398
235
741
68
1101
1226
1061
529
912
226
963
845
1292
603
192
1421
631
315
278
271
535
91
328
328
1133
891
1212
391
683
1966
815
1539
2025
152
1165
285
961
363
395
6
782
1088
1452
856
1508
211
588
456
1328
51
715
1192
968
653
669
1101
1305
458
559
1269
592
671
493
699
1386
1075
189
578
858
543
1096
193
662
861
129
182
268
396
389
158
1398
389
563
1092
53
539
776
419
1405
215
1549
1382
1569
781
1119
479
1166
1891
425
65
565
342
586
886
1266
968
1202
403
751
303
2202
191
265
402
1333
66
233
776
858
783
211
1292
879
1995
716
613
321
986
211
18
321
105
933
275
992
256
303
28
143
1108
1042
162
212
371
632
1329
1051
1366
1019
573
736
6
533
1558
1516
155
46
542
109
586
715
33
599
873
475
498
442
1636
199
1239
1682
186
551
1143
1006
525
1071
382
1045
1422
303
438
398
353
1965
8
342
366
328
1099
429
32
952
99
1201
375
42
475
275
1182
1131
1288
279
188
763
929
646
732
8
208
689
401
1145
655
1335
1683
515
1276
909
941
1506
1328
95
851
278
712
871
59
165
623
253
389
1396
795
1235
706
38
1183
553
1079
308
245
203
548
481
1128
1576
82
491
379
445
153
875
566
565
1843
5
46
273
1236
1258
333
648
369
908
1701
1765
1323
1473
771
606
1448
1429
496
99
159
1326
1062
153
591
686
522
436
712
456
1236
1126
193
195
1386
1193
2148
1382
832
115
948
429
1189
333
149
2133
709
61
305
199
651
919
845
429
46
831
753
225
83
569
1449
842
213
905
759
88
841
1159
562
1316
615
1996
905
1305
991
1822
1273
1571
402
1108
758
688
246
85
839
1878
893
779
658
306
592
829
342
276
1885
213
141
183
678
868
1036
51
963
1591
1019
178
1169
1742
1065
466
1839
562
511
179
628
1221
1073
55
28
643
1313
1432
322
236
676
1011
1099
31
175
698
476
1283
1036
969
2129
1275
1068
1513
601
156
878
125
2636
749
78
1861
852
172
411
586
518
1471
823
2138
532
172
143
1442
1525
571
148
541
725
126
1188
1405
933
923
865
219
1033
691
1382
483
268
588
583
596
1279
1363
1193
959
479
249
473
885
682
206
216
109
6
1196
1333
278
1616
311
1249
413
2141
501
262
242
6
389
1568
89
745
1358
2039
549
119
3
738
1066
1173
311
973
166
62
522
1116
1339
226
579
1121
303
682
778
1425
719
289
466
401
396
399
186
295
451
676
691
356
556
91
512
49
829
698
19
1031
1435
1245
309
222
532
715
921
76
2461
478
789
391
68
633
1198
463
1358
426
198
362
1201
1309
266
468
776
1168
125
213
868
403
16
408
735
676
172
785
612
345
746
573
1076
1428
283
236
965
732
903
596
111
512
1131
915
272
806
855
119
451
346
435
331
309
1325
55
1435
1443
475
602
66
816
426
1031
69
739
773
1019
1908
1908
772
972
1125
1089
432
288
563
1413
829
668
471
1536
141
645
1068
908
596
848
241
46
1211
981
1029
342
1372
726
1095
972
365
29
209
1283
482
462
341
926
688
936
456
1379
1111
699
208
236
1305
1236
931
903
241
998
192
1215
1546
98
676
616
779
888
259
1026
1252
255
398
246
443
568
348
655
969
515
2386
658
1185
509
219
1709
76
645
522
1155
1026
1141
163
469
662
693
555
916
268
175
1408
202
295
246
406
2732
789
689
1246
282
539
1193
65
61
688
1321
1249
41
1385
399
325
28
135
75
309
3143
299
875
496
1068
2256
949
559
783
503
953
565
472
336
861
505
869
449
196
1421
695
691
1121
745
838
1001
973
638
689
552
1283
1205
548
431
1228
466
75
683
656
525
198
86
2073
178
155
506
1035
118
115
1552
299
1172
845
1972
48
93
923
1412
518
1106
1265
413
715
576
131
1431
72
136
1159
485
599
699
1449
969
1138
283
179
882
158
645
292
1072
289
483
168
746
335
1161
186
83
742
432
51
759
801
182
789
228
648
209
646
425
136
538
51
1072
1002
305
842
1046
1876
756
688
756
526
195
28
9
1835
706
368
285
892
2018
1275
732
829
749
1029
982
846
29
425
548
545
332
1585
726
62
653
325
1399
721
276
795
1079
452
118
866
1585
278
386
985
1118
1239
613
1371
1141
1442
1208
983
45
2102
156
308
573
139
72
1062
501
53
306
706
96
581
129
1688
1589
1225
459
78
262
1432
19
805
772
773
1161
92
1291
368
526
981
1769
1621
506
489
1289
163
1608
1215
241
273
812
242
361
111
329
942
1642
578
799
121
1203
1772
401
453
579
445
1366
45
678
1295
465
352
18
503
73
1391
805
348
153
451
278
131
75
736
1102
86
688
1428
935
1806
275
346
336
616
248
875
161
238
596
292
366
1663
452
579
1196
246
156
569
1343
718
172
608
669
509
806
365
283
955
843
598
615
612
491
1902
1389
1253
135
782
808
1378
668
733
398
23
389
698
21
1078
209
1323
826
1161
89
846
505
1083
1138
855
421
798
149
255
1002
111
2512
2082
1213
1285
1108
691
95
723
229
103
1235
538
1166
1263
323
1711
675
812
605
171
1205
191
1633
422
711
846
38
1549
373
325
1081
753
166
1225
766
1478
1272
1643
589
82
636
379
702
923
1319
906
183
1158
321
695
476
95
541
346
1312
843
125
405
722
1095
61
372
649
692
979
538
842
1082
51
696
423
242
521
135
138
755
711
126
979
575
473
815
62
1441
265
342
1141
636
139
1773
966
222
1888
2353
1222
1039
228
575
1275
1149
21
366
536
918
1779
649
881
715
488
1553
338
285
621
796
1073
641
371
948
148
205
936
283
1595
1428
739
1249
1052
1372
443
922
176
309
1922
1366
425
732
465
853
731
1349
433
1868
436
173
1769
99
848
366
1463
193
962
3
1263
481
1825
616
1066
893
1559
595
155
652
1348
58
821
875
242
59
275
618
509
1113
425
65
86
16
1352
1111
243
192
1139
138
862
276
159
418
481
689
576
393
985
1265
678
1196
672
493
1593
1018
932
465
472
839
898
339
111
785
505
186
865
19
701
1006
89
229
1011
789
392
1321
3
1258
105
2869
232
1361
1208
2083
815
462
629
765
1381
619
205
1149
292
1178
858
318
496
115
1453
963
1092
929
1205
196
442
496
368
126
1089
748
1522
869
745
478
531
91
508
63
763
533
536
1121
68
1015
116
1132
12
988
808
829
702
833
521
259
1353
48
518
976
172
99
1176
43
708
131
582
1022
996
72
138
369
735
608
499
651
231
125
1168
1585
298
615
345
519
148
993
318
836
866
973
215
212
281
1479
1266
573
1043
932
2171
1315
1335
1322
873
299
436
268
1539
413
351
575
495
1909
876
746
11
151
618
726
2621
413
1699
1345
831
273
551
161
595
849
222
843
523
1172
132
899
813
16
1348
765
529
1362
978
858
643
313
988
499
591
3436
1636
521
1821
495
695
1136
3089
1745
771
829
1043
1076
565
1119
1773
759
682
69
822
183
165
1255
712
909
38
321
741
719
466
1795
638
119
1923
389
1351
2041
746
81
231
108
61
272
295
741
162
398
686
35
395
1283
1266
748
672
299
708
2501
391
81
448
582
549
555
1955
612
456
1218
518
1135
258
263
248
718
615
888
1073
78
261
1922
483
303
803
1015
52
423
1375
278
305
346
566
955
151
572
1611
59
626
968
1136
432
748
526
243
242
551
576
209
383
1008
862
191
1113
502
2899
1113
475
838
669
886
1405
685
1208
1105
1005
461
1499
921
752
365
719
216
333
522
373
1088
1636
645
1011
642
1761
1009
453
922
673
685
501
212
781
1309
1043
173
571
1156
1006
948
1225
305
386
1028
1305
2628
16
525
51
768
1331
101
406
863
715
941
295
145
568
891
1086
65
261
846
1228
786
1481
1711
826
539
526
308
308
218
478
476
818
296
1469
126
895
1538
1156
872
55
28
605
1268
1376
736
262
1086
315
1012
1433
925
999
331
1753
615
1448
1145
122
296
342
1351
912
143
892
1142
312
262
802
332
1515
1072
1055
255
205
81
732
608
718
1175
1431
819
1603
1112
775
679
1025
272
3148
962
558
803
202
245
819
103
911
719
371
1962
1092
75
769
99
403
229
363
626
359
1391
1249
966
581
1139
1403
1066
1293
1022
1369
1531
178
1162
1206
76
788
1068
228
446
1929
1301
535
1351
1166
365
1729
522
165
826
379
1681
552
865
772
126
716
809
862
408
113
25
156
143
438
845
583
661
1153
1389
1538
613
926
382
1211
1683
1206
611
1549
411
348
145
839
29
701
656
1912
785
1015
748
902
808
633
708
1323
282
243
546
1056
766
548
545
535
558
503
1269
728
293
469
48
635
63
595
872
923
486
1811
1059
498
1428
1176
541
2169
1056
1108
803
632
1408
2596
555
2485
195
368
485
828
816
2282
1033
1359
391
1035
419
729
1672
975
815
342
81
1248
1913
1302
52
592
1079
755
146
1683
105
706
411
648
983
432
1033
1139
776
153
631
485
5
341
269
112
605
1299
848
168
169
18
23
739
1552
705
5
1638
1266
92
1399
1438
1033
676
172
1558
715
415
228
401
611
852
1346
223
105
556
242
183
298
1101
606
135
351
1171
396
1109
382
95
306
81
621
901
541
656
1385
66
1576
2112
1512
1096
42
309
242
986
702
983
993
472
701
145
452
799
1015
566
731
1319
266
921
152
585
1126
861
989
1316
565
1201
12
28
1686
722
1152
973
649
1206
1242
985
1195
553
471
1278
86
738
709
1471
1439
1692
1493
822
495
221
641
479
1032
2
223
848
503
753
1115
1052
511
789
963
1111
1502
1009
1511
51
1689
2085
972
376
172
388
272
1155
225
2238
71
961
529
1231
168
239
286
1005
599
215
342
396
1896
835
401
93
1259
828
676
743
1083
628
12
718
1586
39
329
608
198
1173
913
242
776
1619
1679
681
295
1419
988
713
1269
3
71
2493
208
599
1141
339
203
995
519
1815
751
1579
409
296
559
1109
1106
1188
853
1032
612
795
349
219
642
808
279
1452
265
58
255
121
295
2191
1402
155
666
748
1542
1418
289
806
321
1259
299
305
225
19
208
891
368
906
1953
973
699
895
1483
1692
242
1646
572
322
168
959
473
2432
505
206
835
658
86
955
355
272
381
1378
198
231
1045
99
836
1488
3
358
62
761
1146
796
1283
1085
581
69
338
158
408
676
548
171
318
136
403
572
491
1355
155
173
1549
1553
159
749
38
1051
72
1379
762
2085
703
782
235
468
529
1148
839
579
1151
605
41
639
1303
419
1239
279
1601
1516
1069
1025
645
873
388
828
1041
382
569
178
9
121
451
1951
6
1069
1273
1595
541
456
621
388
848
1075
1002
95
488
498
56
1739
158
2266
821
2426
548
505
666
536
759
168
1702
881
453
325
876
75
575
1686
391
581
712
1566
673
1243
258
568
896
656
2781
981
501
735
383
1212
93
231
762
623
1072
296
543
259
258
1411
702
128
142
329
1769
228
646
523
559
513
482
978
1328
221
1412
599
13
1286
201
546
683
306
906
1166
168
1021
322
1131
736
32
101
1245
276
1019
848
1552
725
643
656
76
505
346
82
405
18
352
1576
499
1756
1592
1508
685
798
1245
368
78
158
1321
311
345
453
2259
1159
389
62
1076
1042
1109
89
385
948
1869
461
163
301
743
779
905
809
629
252
1028
221
762
1585
409
628
938
855
1299
1253
1936
