real_Parameters :  bessj0 	 failrate:  25	 Fm:  408.0994	 且最后的Fart/Frt:  0.5603204762		   Time :  12.0336

128
173
232
55
28
3
118
289
16
265
53
68
425
38
339
348
491
553
505
231
603
431
101
245
546
198
539
806
51
68
406
38
683
688
358
398
301
233
88
173
371
249
455
13
41
406
746
853
203
332
168
538
451
821
346
589
979
553
125
1343
646
391
451
232
282
1346
113
219
592
1242
45
223
1181
671
296
172
121
215
111
465
49
32
852
1041
42
918
96
411
863
455
86
168
52
1382
189
359
499
292
263
898
185
736
436
608
996
612
221
3
291
405
276
25
542
1039
171
441
291
329
429
428
266
555
443
488
91
49
15
495
93
68
42
328
433
376
116
823
231
572
302
92
125
166
763
425
511
1291
362
125
1769
625
158
488
471
461
159
608
353
423
416
1012
338
111
143
662
136
253
638
295
683
378
175
835
175
535
316
519
1161
335
478
1128
472
346
1368
45
206
559
448
565
186
198
278
275
572
172
455
211
348
1028
79
76
331
651
901
45
223
261
502
196
1002
181
23
53
795
235
929
2273
85
593
1245
86
175
368
371
335
235
926
399
28
302
282
49
705
393
411
386
638
542
179
722
221
285
35
76
169
39
545
646
1083
139
142
383
79
672
242
323
178
55
143
219
501
1072
49
283
669
781
111
469
433
818
781
3
541
145
635
473
133
252
748
342
59
419
993
363
632
271
506
348
489
13
225
792
225
433
306
411
239
316
801
898
468
715
445
142
766
153
522
306
176
508
361
126
736
282
309
496
188
428
386
13
309
175
208
95
602
205
143
88
1591
205
222
436
513
305
583
11
569
183
2035
1235
763
293
279
156
638
542
938
1176
1059
93
176
363
341
793
5
359
1421
251
378
571
481
639
168
678
85
433
443
196
19
106
711
21
848
312
316
151
508
295
341
631
255
3
562
869
522
142
632
222
15
371
369
896
518
1091
1196
106
83
482
692
26
232
203
1249
139
433
78
152
8
389
191
425
708
105
405
278
448
581
9
492
153
108
638
413
928
246
291
136
981
36
105
16
541
136
812
118
585
192
542
1078
725
701
122
323
293
1475
595
8
979
89
369
993
176
658
202
465
46
492
542
193
436
275
702
329
345
241
283
679
436
261
311
192
732
712
195
728
722
653
51
323
588
1371
243
18
333
202
13
431
432
809
491
422
728
442
231
729
163
243
168
238
139
155
295
303
729
442
359
456
363
55
308
513
268
683
601
395
425
45
301
451
541
542
89
425
236
745
989
625
293
56
691
72
198
15
1009
45
542
161
331
498
118
903
101
172
139
161
476
326
339
82
1332
228
409
605
219
406
805
612
1418
229
608
13
336
91
423
271
375
531
105
311
148
122
109
373
11
296
462
278
95
1185
95
791
453
171
521
369
969
262
549
538
182
266
511
1113
136
903
791
648
209
76
1426
392
235
379
345
439
185
518
88
236
563
298
655
266
1303
169
275
366
333
419
173
909
928
46
61
173
979
725
96
799
163
822
549
235
628
1156
266
408
438
122
786
861
269
1018
359
229
1015
148
121
318
758
85
373
596
422
498
132
312
569
292
279
299
682
179
693
706
992
441
446
106
76
35
361
299
598
225
293
26
698
148
956
802
342
472
291
1078
3
383
215
759
273
236
678
93
669
525
309
673
208
236
525
429
518
496
449
438
43
885
935
71
276
473
1541
209
111
272
465
139
101
1028
81
533
845
231
572
402
425
489
92
108
672
128
776
278
121
601
371
298
92
195
268
41
173
475
246
193
155
1121
358
72
339
309
538
103
555
441
952
416
893
75
288
115
505
133
433
543
481
459
386
818
586
506
165
365
21
61
911
198
216
96
293
659
586
185
699
448
132
376
59
315
141
678
602
178
5
351
145
343
659
628
8
472
258
321
212
173
698
272
511
181
963
459
146
473
352
389
458
805
798
71
42
43
625
1113
225
506
76
546
225
206
915
161
1022
1056
293
276
61
83
81
106
409
282
216
851
393
425
772
136
173
133
349
1079
149
2169
159
565
75
896
275
66
106
51
716
46
316
68
66
466
698
409
203
123
82
25
45
519
938
708
19
86
618
168
432
483
739
166
145
179
593
61
211
578
28
36
286
265
201
906
379
159
688
575
392
662
48
153
242
679
918
303
586
1702
438
73
56
492
63
175
258
415
1912
699
513
589
78
569
1063
893
365
646
78
146
583
186
521
319
183
792
512
1588
521
1298
948
93
116
205
162
401
569
9
38
629
168
546
213
485
248
595
1245
148
91
263
181
735
141
125
733
342
922
363
78
1113
255
516
155
206
668
235
505
319
452
755
46
388
462
52
606
318
439
863
255
503
778
411
495
676
1002
626
531
1106
156
303
692
485
72
441
661
199
139
822
322
441
499
303
238
353
241
502
879
102
45
235
163
91
815
1148
1073
431
3
262
272
1129
533
13
201
325
722
565
22
102
602
36
962
36
815
263
853
413
149
342
145
135
168
703
165
116
245
353
525
1241
641
808
403
458
511
416
159
145
599
792
373
3
555
256
1042
426
126
446
98
33
399
653
93
509
21
58
849
73
106
666
9
352
93
33
26
1943
638
368
945
1122
222
115
496
398
202
115
818
18
219
193
579
131
195
301
312
492
332
239
32
135
649
205
758
412
1316
543
212
318
821
708
481
5
555
199
356
552
1476
181
1239
156
342
242
71
379
506
243
312
302
238
103
262
165
416
372
308
561
273
349
39
961
569
99
346
208
876
613
261
36
399
482
366
343
659
363
25
165
186
342
379
53
103
479
196
43
45
291
839
625
193
156
1163
311
66
261
225
206
173
288
1123
236
162
682
711
142
329
625
302
519
1015
21
198
356
851
315
502
899
1033
566
533
1462
12
768
36
255
1376
335
269
412
32
125
109
361
713
1102
353
303
408
526
22
98
759
453
361
403
9
39
1033
265
695
305
186
139
522
543
619
458
241
651
75
581
523
102
759
628
428
285
855
286
176
488
525
478
318
283
409
99
178
803
436
161
1008
206
651
453
39
1848
508
339
48
99
236
136
119
116
101
31
251
72
232
825
678
332
212
251
61
712
472
633
111
3
1123
476
623
288
16
358
222
363
305
76
799
645
552
283
518
622
792
749
411
78
145
462
825
242
599
181
239
643
503
199
131
221
79
232
151
332
109
249
516
253
111
26
651
273
508
1181
208
399
558
449
271
299
119
269
733
523
351
285
253
352
139
506
25
168
179
793
659
355
398
22
793
86
406
62
522
181
421
1255
185
156
61
112
499
768
512
199
413
79
229
61
32
503
552
1211
469
576
56
866
56
643
533
823
581
793
55
299
722
289
152
1178
142
1093
406
742
265
355
122
186
362
763
683
611
29
1078
76
419
822
116
731
69
343
1026
22
229
131
91
186
566
603
362
596
363
233
555
81
682
272
728
116
721
299
659
379
418
398
322
42
1013
109
259
519
31
462
128
561
1088
179
102
552
699
198
1009
96
476
669
203
235
216
232
606
86
11
282
153
159
172
933
743
323
495
376
721
875
1552
62
431
876
1202
65
211
715
849
172
315
281
271
45
129
389
451
753
543
428
899
1291
351
313
309
266
299
405
1205
479
319
142
459
135
256
775
371
203
398
246
221
966
949
215
586
656
169
113
8
381
471
421
223
518
398
218
528
762
662
32
73
412
12
488
348
716
105
113
341
591
429
288
55
33
988
133
9
411
831
168
846
219
298
258
353
378
665
299
378
199
193
575
755
356
1313
256
412
398
676
939
209
381
188
683
158
148
473
88
228
1038
23
538
51
222
773
975
463
393
1119
229
638
321
75
721
53
885
761
161
366
778
331
192
76
65
5
632
101
543
8
151
128
391
225
813
156
801
713
529
32
583
3
533
546
703
858
195
366
1118
949
63
598
599
288
531
813
185
566
11
53
199
271
49
222
182
1012
1322
231
59
416
126
248
556
188
45
531
75
508
856
452
56
1002
31
31
592
519
52
489
352
1018
33
145
343
441
559
19
358
92
921
389
451
571
466
376
555
159
69
162
245
3
615
283
1412
359
356
182
173
688
661
661
35
783
432
288
451
293
108
488
89
126
381
743
608
522
228
223
729
246
263
12
649
3
52
95
248
229
398
789
643
538
451
152
785
53
435
638
205
148
345
619
248
593
185
829
943
498
255
408
222
671
546
463
449
562
565
86
445
151
476
235
23
315
103
166
76
515
521
258
629
332
363
266
726
548
11
239
423
673
45
98
383
83
439
628
963
1043
199
149
113
521
618
733
298
192
842
396
515
283
156
423
382
293
131
293
715
218
362
6
345
183
1975
119
736
85
273
6
245
299
708
185
613
232
972
505
349
356
88
33
125
13
39
26
331
426
106
485
1143
528
239
912
372
126
329
381
402
158
61
381
89
603
621
621
501
236
243
715
43
326
81
606
136
339
119
102
375
575
271
501
821
838
332
91
241
792
782
208
241
403
549
621
129
258
1508
52
166
598
833
181
565
323
222
471
282
421
621
432
598
146
118
439
198
435
271
881
291
239
391
853
181
868
711
259
149
788
359
66
551
341
33
633
276
98
316
503
1096
338
321
682
139
11
538
781
145
86
895
702
339
116
503
321
385
83
238
472
593
282
73
229
162
462
1045
379
159
696
329
119
142
151
521
408
373
396
422
542
295
171
362
758
613
392
109
1142
632
333
436
498
408
145
59
272
836
175
49
249
898
496
313
385
195
3
426
96
241
115
225
89
1321
1259
95
458
89
526
298
435
618
239
1099
79
672
148
496
728
6
409
758
358
461
245
345
53
55
278
433
245
1446
719
392
169
28
3
432
323
138
386
172
781
248
319
512
822
542
283
325
583
45
651
691
1671
242
376
288
55
263
998
645
366
282
195
242
76
828
352
186
359
16
18
379
19
295
611
168
165
71
216
68
275
461
532
166
818
535
109
1085
213
721
71
165
333
105
832
1172
39
196
73
985
202
193
449
41
1286
521
119
786
468
558
562
455
886
346
21
852
136
671
982
422
608
18
176
558
229
199
222
176
299
271
489
121
162
686
201
663
215
313
396
115
105
376
621
59
322
179
411
196
359
93
439
68
946
236
216
1021
469
423
81
132
266
221
115
183
451
3
256
619
103
65
156
463
899
603
49
386
805
106
173
315
178
101
421
558
451
875
86
63
771
336
366
535
141
211
292
318
381
489
325
515
252
441
488
313
151
495
18
271
288
245
328
999
235
185
1711
126
1633
22
36
355
245
108
685
316
168
445
795
448
595
331
183
106
613
171
1009
1203
805
632
225
495
249
539
118
226
193
118
543
485
315
871
152
235
8
378
202
179
369
321
191
492
769
13
558
19
355
141
491
879
111
915
405
316
423
696
98
651
818
43
433
509
285
662
326
869
465
555
235
1292
278
316
21
138
159
432
281
398
443
73
348
529
3
306
1109
33
198
212
1221
336
159
672
506
103
673
278
39
488
112
55
1131
808
1096
6
406
245
131
273
633
103
1949
268
1235
308
218
118
505
175
388
181
619
126
202
389
722
526
401
559
483
53
1051
162
229
642
282
726
382
559
152
172
431
689
421
548
102
99
755
621
39
115
166
165
303
241
181
96
901
549
333
251
389
581
741
81
612
709
479
198
819
181
345
639
313
1105
291
193
346
973
549
698
139
216
589
342
716
408
326
1
791
585
212
123
599
276
691
41
1246
396
312
305
1018
566
471
545
961
158
516
246
303
488
243
328
645
1706
208
709
191
32
532
626
369
266
179
255
422
531
499
283
768
896
645
355
715
412
438
465
765
108
73
329
13
565
81
506
609
133
539
392
863
148
3
701
1025
292
493
291
199
566
288
503
98
748
511
446
82
686
72
1116
79
218
59
638
353
253
745
669
9
236
212
676
323
928
1015
433
453
436
105
72
1211
508
176
1081
271
506
1059
772
489
103
192
128
321
75
113
32
285
226
176
32
153
396
5
419
1268
128
402
409
238
62
366
496
435
46
742
403
938
236
11
101
509
645
363
451
136
599
1113
95
405
651
463
3
673
466
605
733
163
472
559
358
571
88
183
31
139
173
888
93
602
136
336
196
13
446
191
332
129
585
15
583
665
263
716
48
398
409
602
386
531
1482
143
171
29
46
243
723
269
649
1235
951
396
728
272
466
391
352
403
679
242
288
495
75
132
245
263
248
69
391
336
265
273
872
803
185
783
212
756
479
601
722
139
448
225
1248
65
231
541
345
153
113
243
13
381
363
443
632
733
376
145
298
182
413
528
359
408
721
245
593
683
319
226
25
585
75
272
41
245
515
113
32
506
765
226
303
1169
843
632
448
261
36
232
403
618
295
775
459
678
19
3
375
656
359
179
556
1565
1666
1389
371
943
441
526
31
89
101
175
126
828
59
112
333
186
26
1096
968
852
933
453
172
1313
363
325
301
1303
475
318
726
685
148
266
121
883
371
33
179
83
148
575
353
943
6
23
32
1508
551
683
751
435
142
328
349
135
222
432
63
79
321
28
463
795
702
201
403
131
1066
101
338
62
412
165
128
122
333
856
251
373
22
259
826
732
598
209
833
398
282
582
911
78
255
671
602
1035
423
376
356
109
863
328
461
1245
111
401
11
245
365
83
359
255
1051
358
511
812
609
535
491
62
353
1042
228
922
298
21
12
386
193
291
1235
29
482
355
136
931
91
845
518
1022
79
85
692
735
335
243
246
251
691
505
288
206
22
68
368
448
571
31
478
979
662
912
26
576
422
572
241
658
258
293
469
35
338
1082
703
88
505
968
329
145
219
48
72
712
396
12
899
902
375
448
492
12
23
575
1041
161
719
422
311
178
565
446
378
506
495
629
343
456
1476
449
45
401
335
259
282
539
369
402
8
36
105
415
205
163
1052
53
192
275
133
511
202
172
69
499
178
85
366
1063
275
142
171
28
211
586
102
178
561
586
736
429
781
762
112
59
56
288
135
99
158
339
53
599
706
48
721
6
792
251
808
205
812
792
99
335
295
435
598
186
549
846
143
866
352
35
531
192
438
232
595
599
821
36
515
361
346
226
336
423
269
199
201
88
3
282
1045
429
23
541
593
1118
753
1132
316
21
492
103
499
129
668
373
696
151
1306
718
318
3
243
449
95
172
391
249
1159
428
123
738
168
185
163
152
178
376
488
521
349
16
333
469
345
219
649
1229
742
141
978
462
488
169
443
152
76
483
306
233
69
731
78
5
192
69
138
322
875
151
508
841
92
181
609
711
209
415
15
898
373
552
532
659
371
168
19
518
501
262
723
43
439
303
642
122
456
799
611
186
165
836
245
73
421
203
473
189
373
2145
376
1042
21
155
339
595
453
292
232
681
508
282
1062
1118
53
45
99
845
659
56
1186
273
602
1875
61
541
271
39
135
492
273
135
836
368
128
785
742
873
655
382
52
855
98
652
76
78
72
46
512
501
153
311
783
831
221
305
496
185
1699
633
595
16
438
301
549
649
53
613
205
272
812
213
635
205
1071
141
288
522
241
469
749
245
492
272
216
115
58
429
502
158
443
133
362
338
712
959
265
592
408
175
1288
18
266
292
1055
125
1181
185
136
39
269
996
6
11
826
295
651
772
138
86
352
692
32
53
156
773
452
658
179
715
136
303
343
352
375
623
611
13
475
738
83
8
283
241
306
591
448
51
843
1091
703
363
353
363
61
72
338
182
511
128
409
355
243
396
1439
758
315
236
452
539
882
1453
373
1232
1039
399
21
6
701
599
95
68
189
261
242
41
251
245
521
572
156
603
1358
299
566
596
308
82
226
441
305
319
595
79
499
138
48
141
339
563
431
101
835
195
425
755
245
333
315
449
1175
25
206
361
888
146
572
298
159
706
776
645
15
656
426
1141
239
873
498
148
193
162
49
168
82
626
311
241
578
282
341
499
316
118
801
66
638
553
829
339
42
575
138
229
398
86
778
292
418
179
683
1295
119
93
1023
206
168
225
473
628
23
656
221
192
308
631
9
796
562
131
368
392
828
425
838
171
415
355
166
718
101
242
246
33
191
276
708
8
655
118
52
318
452
68
378
96
288
549
641
173
215
1062
8
1576
186
316
1022
548
612
22
889
65
142
238
13
71
333
302
612
601
199
213
8
352
208
549
576
183
301
539
302
3
589
253
666
626
153
409
1093
85
571
289
366
186
668
608
113
423
82
459
781
646
81
632
188
1292
228
579
116
528
186
82
146
952
56
59
53
459
1043
436
535
283
391
426
28
519
123
279
189
9
343
532
126
312
575
472
42
19
1181
39
826
331
1081
719
162
511
555
182
879
56
998
698
1042
1128
373
365
212
112
546
471
299
591
103
268
36
723
701
493
423
1391
602
38
852
131
371
91
443
368
406
231
833
65
132
638
232
108
181
412
151
52
135
628
663
11
28
78
919
223
348
273
402
32
843
448
385
1143
135
78
275
735
386
71
196
46
148
155
733
521
65
482
572
493
278
366
448
575
176
379
296
829
663
973
169
402
263
102
106
253
625
89
206
381
72
126
585
3
161
522
179
175
433
715
205
575
469
732
452
479
265
508
39
312
498
266
368
316
429
41
242
283
245
199
163
625
381
303
185
235
402
838
441
286
1009
836
371
259
266
409
613
983
1792
422
716
558
503
465
286
438
992
252
456
113
133
122
176
36
578
3
452
412
1019
1143
138
143
216
195
3
168
756
685
223
669
329
429
771
298
185
458
452
222
441
135
135
3
165
673
42
129
126
232
18
588
251
3
185
48
642
159
48
238
898
522
246
162
143
42
66
312
165
109
321
361
405
18
462
519
723
553
396
548
856
1141
419
229
31
109
553
1343
18
458
661
621
472
918
851
91
275
131
29
339
235
29
148
442
172
1329
263
389
88
439
693
559
432
503
962
53
195
629
739
208
335
246
378
513
846
289
1039
488
29
231
421
3
236
521
1008
1199
751
241
776
9
303
39
396
6
303
409
286
506
62
451
426
268
96
163
433
231
318
93
102
135
412
332
629
255
471
183
375
243
239
672
725
492
78
146
799
105
168
472
49
461
266
509
638
1145
128
1162
143
349
603
293
283
602
52
433
421
478
582
362
986
1383
521
241
303
391
965
166
338
593
472
278
665
178
105
281
82
265
586
862
855
509
78
646
235
243
185
211
165
99
112
29
311
739
271
819
425
338
755
41
249
398
439
13
116
713
42
228
643
9
173
1172
529
445
759
832
233
183
458
695
136
423
515
603
583
76
651
785
581
848
86
183
268
713
276
562
553
376
288
3
233
189
26
186
256
1215
1486
38
46
131
506
185
526
703
212
486
145
401
361
398
1591
813
549
475
439
472
1233
1416
263
793
575
381
115
781
406
26
738
508
1012
663
369
261
421
105
565
643
252
302
756
1153
575
413
612
133
36
136
388
229
385
28
21
98
168
671
251
286
336
152
129
623
63
199
421
231
605
183
675
275
431
319
141
1036
322
63
408
235
668
305
58
531
13
552
96
619
773
611
246
3
43
78
351
595
686
402
306
171
61
468
1215
605
398
1068
156
69
492
276
1105
1312
155
261
486
622
188
61
159
461
598
465
883
143
185
848
451
593
331
1088
331
339
411
193
1453
156
86
222
1085
1212
3
622
152
709
31
1
466
331
222
702
126
149
388
888
103
331
191
116
456
909
891
316
193
246
513
548
62
111
111
166
703
253
893
751
298
181
403
276
668
125
266
3
302
269
36
1482
879
82
586
68
466
111
341
165
33
222
1045
252
25
386
671
1018
658
175
353
525
769
638
322
1365
46
96
55
283
201
93
38
208
81
385
52
493
199
203
188
809
365
501
741
143
581
29
622
1158
125
39
1558
488
81
26
396
245
36
862
771
135
388
398
1088
186
359
218
321
508
381
272
728
796
919
263
125
245
492
488
85
1333
858
371
116
512
186
805
605
722
372
131
255
208
229
139
255
312
1052
579
801
385
108
215
1
503
145
626
575
458
263
416
289
948
288
579
801
352
156
169
311
428
301
843
1171
498
23
21
499
253
171
318
19
321
393
588
112
661
699
425
303
39
862
206
379
252
281
71
85
29
95
326
565
186
171
475
45
393
151
76
202
751
88
225
85
508
96
592
495
119
932
463
388
502
311
109
286
553
1491
658
419
288
456
522
369
345
452
345
215
896
331
102
323
1056
175
15
66
976
396
112
288
265
645
446
113
28
486
195
338
346
635
501
682
631
592
545
189
366
278
59
45
549
19
195
235
253
793
448
205
1285
643
248
2858
46
109
293
1103
405
392
1278
79
796
293
561
356
146
1035
605
122
211
131
96
305
112
315
79
389
208
288
561
706
535
422
728
798
783
461
16
371
96
372
271
225
56
386
401
303
565
445
509
1396
348
433
212
545
376
316
213
1105
238
183
175
333
451
23
425
23
476
3
295
751
56
256
121
111
205
1061
316
166
558
826
583
396
265
151
522
161
548
348
702
826
8
275
39
149
499
548
408
349
255
109
901
279
112
281
98
75
253
103
79
535
435
143
389
388
58
836
166
261
293
498
45
341
76
488
71
358
776
208
109
335
291
456
279
6
79
348
76
926
586
285
436
241
665
321
79
52
505
392
3
841
101
916
1013
242
576
292
999
79
582
569
326
241
311
373
226
646
319
111
82
679
466
1152
766
463
719
331
225
573
86
25
1336
428
391
1626
88
653
596
88
18
538
199
55
371
721
206
468
605
829
215
219
171
575
135
575
359
253
1119
496
593
9
508
543
371
266
295
245
282
746
42
668
161
219
99
163
568
105
203
305
116
246
349
79
949
581
312
35
385
556
732
458
49
1305
583
366
22
196
125
142
252
25
85
435
878
651
219
746
632
121
448
519
521
268
478
85
631
128
795
295
199
491
136
193
559
286
595
308
316
103
155
436
538
102
359
1519
175
211
422
31
189
206
391
32
423
61
562
348
268
82
172
21
175
556
142
1142
953
51
1005
131
336
1503
682
198
386
172
148
519
681
326
271
266
413
495
458
345
83
576
172
606
798
162
208
232
166
691
138
146
476
348
553
552
512
575
3
809
242
258
111
453
352
329
509
91
566
303
201
192
292
305
251
91
431
1053
415
563
58
376
358
612
216
499
935
653
342
301
181
38
32
216
153
592
36
301
585
479
1188
745
698
272
49
1032
91
142
293
28
428
15
1372
163
473
242
561
749
376
103
1566
335
656
1518
255
1239
835
352
1702
942
258
73
29
282
982
562
335
33
419
82
99
323
402
125
582
698
605
371
693
723
593
192
42
221
366
343
399
121
1129
89
319
433
596
98
478
371
439
461
615
539
402
922
176
658
161
48
182
273
751
419
56
106
411
325
193
282
165
103
336
515
652
246
78
108
405
311
783
322
703
173
772
415
642
73
498
82
631
163
522
473
29
279
138
18
149
179
218
628
912
762
298
541
919
212
755
639
163
631
1363
139
655
368
329
139
631
333
762
241
283
385
681
623
125
189
86
249
271
135
69
801
282
536
86
235
656
578
531
1041
443
79
221
563
239
378
93
541
598
3
268
373
249
45
213
29
322
49
198
292
113
612
78
493
213
586
519
262
95
686
282
781
1075
196
319
193
162
112
561
101
51
1196
546
392
518
106
169
158
106
345
436
141
631
262
533
701
579
732
1572
