real_Parameters :  bessj 	 failrate:  25	 Fm:  444.1674	 且最后的Fart/Frt:  0.5765292851999999		   Time :  14.9452

65
169
197
218
252
245
63
43
124
14
277
197
351
463
279
487
572
257
680
264
330
46
157
910
536
71
995
863
432
1151
277
179
63
716
314
84
700
85
87
638
351
371
23
514
76
124
1367
41
1326
240
773
640
613
132
757
189
70
434
555
244
512
396
1167
199
839
557
551
210
187
38
243
589
475
357
1302
124
832
116
620
444
283
859
1023
229
636
30
220
279
618
164
1251
571
399
1198
334
1095
28
113
213
402
335
483
1242
772
295
179
398
642
1011
165
973
1034
14
297
120
132
1753
58
204
263
795
48
834
957
83
436
195
532
303
84
283
144
347
573
702
124
510
2
200
167
371
87
450
466
246
316
359
900
589
1397
244
970
46
1116
36
510
265
167
1000
761
71
161
250
89
569
391
1791
87
406
385
1104
265
325
169
250
79
306
1091
10
293
1020
895
857
362
204
115
795
270
375
846
518
475
114
516
65
797
163
869
612
354
355
887
177
161
93
283
54
324
551
67
575
67
228
615
138
332
93
22
230
455
244
681
182
173
12
177
622
201
209
1855
64
1353
24
459
908
614
51
102
75
14
932
71
717
283
451
812
461
167
112
36
273
986
48
1448
53
185
1295
860
267
451
657
578
38
155
626
675
412
27
1939
445
889
287
898
1327
144
283
204
295
597
1675
20
65
622
298
170
69
216
454
281
1034
275
1337
348
975
144
389
129
391
932
699
499
88
787
177
555
1234
773
344
1206
1006
738
83
435
253
525
467
1932
371
259
250
338
591
226
122
53
32
57
700
563
18
26
48
414
422
546
209
1479
110
959
280
561
93
1152
28
544
363
724
338
450
261
8
362
128
273
1875
207
980
185
208
226
73
99
865
190
222
702
301
570
675
1249
863
79
1183
1415
45
444
1257
140
497
224
80
571
422
289
232
675
746
361
283
979
850
401
246
251
555
904
59
281
416
180
476
279
58
122
118
370
1799
421
73
30
942
1199
418
899
255
126
1116
208
212
423
232
271
702
285
195
438
44
75
145
75
67
1012
640
84
709
559
495
12
146
108
853
548
340
148
1461
6
217
22
826
451
220
194
426
318
391
765
326
389
1057
916
130
259
2059
128
534
269
417
93
728
265
563
200
2
879
26
593
1069
193
142
465
867
195
214
926
138
912
222
1148
262
464
167
624
550
406
130
61
412
435
6
673
936
812
128
177
1065
567
922
19
1148
904
44
500
298
116
116
93
1222
202
359
628
437
159
440
935
128
10
661
246
246
450
52
529
691
562
1048
675
540
350
77
293
316
46
90
512
551
1152
175
83
106
102
2422
540
67
67
232
479
826
738
659
457
708
177
132
104
144
357
73
91
146
95
155
242
2089
891
881
207
959
402
442
290
465
677
250
295
173
225
567
13
246
821
1069
67
68
16
17
236
567
771
640
249
140
167
1022
375
500
110
500
720
604
277
220
1187
273
699
844
598
412
30
632
255
38
204
810
332
104
332
124
379
440
538
135
188
1475
259
2
103
89
38
189
789
787
663
142
1038
953
1062
687
602
693
714
529
515
962
676
67
691
265
322
857
1083
14
152
192
702
198
859
163
504
487
118
95
794
83
104
620
495
161
1193
737
137
1242
426
371
603
1044
229
84
483
55
1104
82
617
812
522
17
934
924
444
814
391
126
286
2642
271
74
908
412
311
640
30
773
424
538
424
663
165
172
971
322
101
343
110
681
308
83
920
75
467
75
14
144
77
387
1150
104
418
773
140
370
287
786
346
181
91
855
183
1544
2402
538
14
879
55
150
404
1573
185
743
446
114
309
312
155
150
365
232
146
398
17
202
538
145
148
1499
711
26
473
793
199
14
24
732
1094
287
442
239
176
106
1748
636
479
1103
108
124
1148
536
277
169
471
225
885
161
763
398
936
371
510
291
1883
63
290
1344
99
181
36
222
71
2499
928
650
742
142
195
565
483
379
1442
122
353
246
344
597
126
118
659
724
300
48
340
93
342
744
946
426
1161
630
411
22
561
938
106
4
431
91
110
77
624
679
226
73
457
1102
702
218
238
255
2042
571
920
965
183
151
172
306
736
957
1894
561
502
344
73
820
553
973
375
273
327
461
46
14
1044
375
136
357
579
112
193
1481
1050
950
217
466
1007
665
526
44
178
132
77
167
150
31
746
72
248
415
585
1189
493
384
182
234
1100
361
1128
544
212
93
685
163
148
226
69
81
51
36
816
87
412
118
516
284
124
357
469
222
122
69
459
436
430
46
48
1385
98
99
918
320
915
484
577
265
26
1448
850
805
641
785
326
404
473
679
69
510
651
1791
73
540
1836
427
342
444
171
463
12
483
389
905
720
875
234
599
55
120
857
577
1506
146
654
485
216
618
578
67
716
1034
132
143
108
337
124
122
1370
402
146
159
94
301
193
81
111
599
22
407
855
275
388
251
708
56
132
153
286
751
1051
169
453
695
18
529
297
489
102
91
1026
626
6
736
148
502
164
1528
799
497
526
133
395
715
220
1375
606
1016
187
1855
550
30
16
575
67
388
518
442
71
281
640
16
1077
891
1624
368
535
110
465
77
151
372
983
671
210
1716
229
132
189
600
757
330
351
910
662
385
363
665
486
273
87
359
65
1112
45
167
167
1119
116
355
253
1055
498
63
638
46
508
73
410
454
16
783
316
523
516
648
36
353
175
793
3
1011
257
231
87
1412
94
595
559
185
146
228
306
860
622
202
538
728
298
61
279
167
130
481
1081
132
795
857
775
48
107
432
940
185
155
568
642
261
220
508
389
136
99
28
1071
448
969
10
593
101
206
869
261
287
487
259
138
1073
2
568
23
153
248
818
132
304
651
86
191
340
757
83
157
330
63
642
1395
713
63
436
449
717
706
16
944
178
210
252
887
1400
6
383
330
400
1144
477
484
132
91
385
71
81
306
464
441
91
615
108
663
73
218
481
518
78
268
722
230
500
982
779
19
583
716
232
441
369
881
666
61
857
1171
310
1322
84
164
61
357
477
199
1371
150
34
87
467
134
324
993
451
142
122
138
716
573
689
97
148
280
120
1886
791
657
642
157
234
227
375
97
1263
328
399
389
128
40
12
551
367
392
187
657
404
108
454
607
625
389
740
155
506
903
475
107
328
302
2231
73
402
448
328
606
209
578
117
147
277
236
1446
998
775
77
130
169
422
232
1214
431
189
871
191
518
206
730
608
147
508
667
359
319
700
1191
530
114
181
969
359
18
471
324
571
414
118
1477
408
139
56
932
542
302
370
260
655
491
297
68
1394
327
871
191
595
881
47
38
163
342
749
295
144
402
526
1642
474
477
528
1144
32
820
548
157
91
199
106
951
46
659
1120
410
257
148
1836
232
82
730
173
595
24
111
1077
1208
22
195
690
538
197
607
1235
1318
71
318
19
357
51
695
1226
359
410
10
189
150
720
324
46
48
361
53
1095
75
83
342
225
39
32
346
65
463
8
132
119
2018
722
451
37
613
755
810
34
534
234
436
624
891
363
644
248
12
183
110
1422
430
228
103
1440
316
94
20
1116
481
108
151
785
216
183
71
375
50
202
432
361
214
1146
434
45
1124
142
2077
95
234
624
699
948
657
90
218
286
860
232
195
79
391
367
618
150
120
332
614
150
234
40
571
1251
257
34
600
665
69
1320
86
54
113
126
861
101
1230
463
10
116
699
855
110
345
159
463
110
567
1087
1461
1048
1422
9
165
38
1092
359
536
1331
317
212
14
46
302
102
836
105
14
1266
171
628
1281
334
88
1014
699
204
15
138
99
874
17
795
775
34
520
115
1632
932
1279
51
232
414
726
736
791
1026
800
673
985
581
559
24
300
736
147
67
502
108
272
116
477
242
1079
106
195
304
342
67
379
884
101
889
238
208
406
331
1375
118
1581
192
77
1381
541
2368
367
270
226
657
69
84
1297
746
1099
1
873
832
471
146
173
536
161
61
267
583
375
486
100
285
202
785
965
275
359
404
593
367
121
181
632
236
282
625
334
736
163
93
765
136
810
597
22
902
85
973
600
1
57
128
161
2110
2
818
933
389
200
28
192
448
257
665
924
1083
32
218
784
42
95
104
2018
563
185
310
485
150
224
400
430
77
18
126
189
124
702
300
393
248
167
151
148
476
164
265
209
189
593
215
2
153
1749
320
27
193
1161
873
53
1308
1108
419
328
442
104
59
71
1416
487
1063
67
655
1204
322
254
51
1057
128
920
473
600
780
540
193
79
697
620
687
644
673
199
418
384
63
351
695
1318
928
261
1193
679
391
383
775
167
130
804
187
101
61
224
824
464
400
1126
883
131
32
28
583
150
542
250
15
531
504
86
261
1016
121
589
224
1041
497
64
579
1387
192
232
491
797
169
455
346
1109
371
238
77
149
10
818
17
91
614
1
367
36
195
289
1195
379
16
100
885
544
432
849
330
451
3
593
502
277
81
251
128
118
136
1016
372
93
1359
212
602
312
95
536
73
34
446
223
718
389
378
127
718
227
538
79
303
171
93
450
338
384
520
1046
359
489
308
222
438
721
124
393
453
242
102
1997
591
97
134
316
120
193
1242
265
542
192
744
483
324
220
114
1883
806
667
420
310
79
732
81
640
427
395
208
482
940
1504
32
683
222
938
106
327
544
151
734
2029
405
634
34
557
340
68
610
404
2761
183
138
695
846
557
36
844
304
107
145
1342
165
121
367
253
308
97
167
259
51
395
811
318
115
750
100
76
973
526
669
134
240
967
634
885
784
1361
122
45
748
277
550
114
81
1318
1597
711
1021
25
138
132
710
985
726
734
626
499
130
147
421
350
742
386
77
459
42
416
284
126
46
2
150
91
1310
1165
120
148
1248
935
453
118
569
16
459
338
467
128
171
346
126
1196
848
170
245
440
351
104
406
297
665
526
1902
51
533
110
493
193
128
50
246
469
862
455
1871
114
126
424
130
75
183
165
250
229
330
183
140
429
1165
694
361
1053
116
402
681
220
49
179
1193
506
1075
210
34
271
171
640
451
983
379
36
422
171
93
193
553
328
499
50
112
33
291
804
453
353
124
191
877
212
902
281
108
77
450
863
26
1128
337
337
357
395
765
202
531
57
200
16
350
232
912
248
774
53
133
367
1734
147
42
293
80
708
59
1455
10
81
238
265
534
677
693
816
281
279
134
275
173
159
518
833
474
157
1048
1032
310
201
856
61
167
210
222
309
1096
455
124
338
29
155
496
299
1237
120
1624
644
75
408
24
164
536
24
499
355
181
1265
199
110
714
183
157
940
655
1151
269
542
63
193
51
510
1314
204
181
38
158
669
759
142
493
826
128
100
176
426
21
13
682
455
18
514
444
374
18
804
83
571
473
861
342
134
581
169
1347
365
126
324
25
263
953
1371
265
496
2066
993
198
855
458
591
826
153
87
1313
333
80
802
1396
1379
534
486
132
191
253
672
777
36
1389
510
732
430
361
38
742
153
153
85
86
269
12
104
1663
906
361
418
253
928
97
238
179
38
1877
838
334
642
146
842
436
597
70
971
210
1036
183
22
832
753
208
428
644
174
546
2
267
79
29
81
4
163
855
700
143
110
1642
255
101
689
70
158
750
375
120
279
381
473
1412
316
1422
148
622
263
20
97
877
399
759
198
167
750
206
104
799
177
1620
2116
569
199
2
238
520
489
54
625
291
424
422
65
629
206
172
68
1536
286
938
153
9
614
785
318
435
61
473
236
588
204
428
106
1548
159
98
418
120
232
238
83
751
447
68
495
178
373
387
231
150
975
338
160
67
879
673
63
357
940
1477
71
1067
600
248
40
350
60
206
40
489
881
728
200
1599
520
744
810
163
165
171
700
514
59
1
234
1238
502
324
454
1642
391
263
14
187
133
379
259
1246
745
99
53
167
565
532
785
169
40
579
30
734
708
252
336
418
22
520
44
90
777
991
462
91
259
388
32
720
389
269
100
93
844
814
18
646
478
289
406
899
80
1061
210
428
506
285
557
244
344
1332
486
158
334
32
181
212
212
85
142
369
53
477
265
675
430
753
32
222
171
1153
116
173
914
777
218
167
236
240
371
169
583
562
295
2
702
306
357
527
202
148
681
629
353
259
108
181
46
267
620
687
425
235
118
79
885
307
752
353
15
573
97
459
730
448
321
191
126
133
185
16
281
377
516
356
21
1001
491
595
148
396
231
265
554
63
63
310
136
133
459
267
110
464
446
573
728
602
71
264
14
734
172
108
673
1706
230
181
155
730
683
499
734
883
159
614
740
224
402
57
571
563
475
998
376
238
761
305
204
210
462
167
730
894
250
157
746
232
263
291
124
107
636
406
267
77
653
800
128
473
289
1077
413
347
842
500
369
304
434
132
46
132
673
179
409
830
63
387
336
379
179
102
189
33
304
302
54
91
930
508
98
10
110
414
461
47
58
77
120
2108
288
338
427
1130
161
158
851
200
974
222
550
193
110
46
71
951
351
278
283
141
218
498
244
60
1091
397
100
1146
557
36
467
1212
583
506
742
199
1004
1035
8
920
434
438
1342
102
614
828
699
190
512
1190
218
751
218
355
67
416
502
224
157
40
73
142
1030
10
546
543
432
208
53
83
355
128
618
197
171
100
193
61
797
197
334
69
102
216
20
79
144
1339
769
259
1167
642
969
120
1166
281
1636
85
354
278
426
1302
259
69
861
891
428
648
287
536
36
22
174
638
38
514
742
514
1191
261
223
559
400
526
265
340
363
1369
761
2060
1230
97
1026
395
259
35
39
46
1095
314
1232
136
550
65
265
428
40
355
33
730
694
141
844
1083
122
124
581
59
44
1020
267
206
22
42
170
685
18
356
402
346
173
13
183
669
1846
408
42
212
236
389
34
905
44
899
1509
148
214
550
357
200
550
348
152
828
273
165
256
105
309
71
744
257
150
53
581
304
528
297
781
216
251
1512
132
685
457
663
559
491
150
114
734
338
1100
392
166
857
67
1261
1075
902
522
577
35
326
446
916
428
1407
34
425
388
367
171
111
106
1009
356
57
902
949
703
840
287
312
119
461
148
341
381
108
167
506
196
451
465
267
436
84
187
787
178
370
58
394
57
1038
108
166
48
1224
51
234
806
279
755
44
363
632
122
551
17
85
381
1006
146
699
920
131
130
81
1022
655
1059
297
267
618
57
237
200
838
222
402
102
787
1157
1883
110
894
579
815
32
1853
77
516
579
489
626
114
551
657
952
81
599
22
1157
418
644
69
851
110
783
305
524
330
314
251
12
473
361
410
1132
1344
275
1550
230
451
67
553
395
18
208
33
795
248
431
581
25
313
67
48
1048
26
608
114
256
505
2185
214
526
935
1179
72
1420
227
1024
355
367
985
820
218
821
1330
924
1095
319
279
122
3130
30
203
595
457
271
581
1710
26
1193
973
742
769
793
186
267
1646
1285
63
150
2
370
49
557
469
728
148
159
100
681
344
357
212
228
639
473
486
820
1771
173
997
265
244
204
700
130
124
126
183
1048
330
184
55
161
41
61
267
65
224
60
1048
148
132
1416
455
369
12
761
576
500
777
1361
332
134
61
45
128
836
56
40
257
34
4
691
79
132
453
44
981
155
346
978
476
340
1108
1
501
514
681
462
481
277
372
169
487
181
87
499
422
487
252
169
497
1132
1291
242
512
551
426
105
113
326
1636
38
220
279
806
1332
99
14
593
130
136
316
30
677
969
143
140
51
554
40
1512
664
46
317
271
228
614
252
1011
471
916
1926
879
1065
895
724
235
350
350
928
595
744
273
17
316
399
396
316
620
2
571
457
78
228
785
689
380
597
120
573
1353
726
18
516
382
159
153
220
100
273
516
65
32
53
592
259
285
426
190
748
18
509
213
134
281
240
77
900
1334
759
110
85
54
493
477
654
504
965
95
642
59
8
65
559
240
65
1217
346
357
502
457
63
287
659
216
153
124
467
134
1032
290
27
1002
299
208
483
414
359
1332
600
137
173
506
802
289
108
14
122
28
1983
310
804
269
46
34
2067
244
183
563
765
842
134
644
88
87
424
222
585
1171
152
577
118
102
910
179
497
385
367
14
369
887
626
86
146
920
819
1010
383
558
573
79
251
682
237
400
428
350
465
22
48
1732
36
270
855
895
273
87
512
361
616
420
475
67
236
397
246
161
199
65
1038
504
350
144
134
136
175
134
115
166
39
630
522
44
350
950
14
381
776
837
596
910
55
573
733
32
177
150
135
26
124
438
288
1136
179
67
311
561
263
2004
216
506
8
402
885
55
185
304
950
213
136
499
1159
279
387
869
150
1365
416
487
36
832
693
330
102
909
24
381
311
895
533
1002
579
30
797
623
818
131
349
427
910
969
87
520
938
151
85
112
1050
665
622
867
657
138
200
285
118
51
214
596
40
631
328
865
228
37
389
537
342
917
210
411
587
306
104
257
120
446
236
373
557
106
54
78
222
57
373
704
44
503
1067
74
221
114
771
334
324
122
344
368
216
59
640
46
293
57
217
281
173
525
562
260
179
481
506
204
186
484
324
81
912
435
787
755
275
406
816
84
176
181
1216
1787
65
467
259
357
258
449
281
242
534
1181
357
1022
116
50
807
322
1251
57
499
142
10
22
76
823
92
408
534
1683
272
579
651
748
844
457
26
112
12
322
282
502
502
338
1109
179
477
210
416
57
32
432
465
2069
567
228
599
802
300
458
16
38
836
357
346
373
630
109
1161
228
396
369
281
22
48
81
112
410
172
1901
387
540
1226
496
491
550
142
1904
244
202
561
459
152
150
161
157
250
12
63
32
69
46
1097
70
744
1399
75
20
979
328
40
240
333
1565
273
130
291
932
254
1164
436
155
430
408
287
273
891
1520
263
1116
110
1650
338
300
552
500
1240
763
279
4
79
253
134
261
20
1655
708
491
567
85
149
195
656
133
106
572
732
385
38
516
44
212
103
28
153
1087
242
718
144
260
206
318
1902
457
14
189
167
355
250
775
287
36
346
38
555
232
175
28
157
316
210
381
849
270
453
230
59
71
204
69
67
222
363
569
431
1524
199
242
86
597
269
440
171
713
618
12
81
328
608
26
602
648
230
1220
265
1385
37
305
659
671
699
983
452
146
187
710
791
908
81
38
214
553
1322
85
769
2124
53
267
689
954
650
48
1169
14
1657
491
287
1506
18
534
348
48
689
2
561
191
348
157
314
300
702
508
339
46
401
19
336
108
630
77
404
236
706
693
218
18
85
202
58
155
99
418
135
599
207
126
814
639
204
669
1377
736
724
219
150
134
697
17
775
146
364
16
1318
48
114
36
224
390
363
222
193
434
46
517
1208
171
689
193
81
524
802
455
95
248
99
1313
38
328
219
70
154
669
348
191
578
216
410
465
180
216
246
34
834
367
106
449
105
687
157
48
650
446
36
334
46
183
61
55
1640
867
89
15
247
934
381
242
685
869
518
1383
759
283
571
1153
233
700
824
136
34
236
1775
441
494
260
138
1150
113
181
855
210
361
59
1232
632
328
67
146
1093
1024
99
1263
866
779
324
320
533
1042
353
638
310
155
306
674
143
934
150
179
388
328
32
685
510
816
757
433
1254
129
889
100
22
24
165
131
229
64
129
259
446
134
199
1024
373
471
594
146
304
455
79
409
18
677
300
77
745
110
136
69
69
375
222
155
177
481
540
900
189
55
1975
18
281
1039
75
1089
985
624
642
16
36
714
526
810
436
341
90
312
438
381
971
563
436
173
387
178
39
114
32
668
265
108
197
667
159
53
834
1081
134
877
530
224
658
91
1647
1174
477
446
977
999
351
100
785
139
79
461
544
946
140
244
285
342
81
457
512
40
888
1326
1126
464
469
896
117
249
175
388
110
924
84
325
253
95
58
79
159
367
84
108
1130
510
169
1304
87
138
65
28
94
343
416
548
273
379
40
332
834
742
338
406
365
172
165
1524
499
220
742
228
572
2289
77
288
169
699
108
109
746
367
298
100
140
1456
275
236
1367
836
110
36
480
291
463
371
177
569
349
367
184
200
195
450
36
222
667
32
299
212
351
486
159
175
88
836
604
16
316
640
454
79
132
591
255
169
106
121
64
71
95
28
32
228
332
98
279
55
732
87
1618
221
535
722
944
134
4
1154
1506
148
536
52
226
12
670
310
397
224
1151
329
144
1335
234
167
636
359
171
155
399
436
448
261
644
1095
508
5
314
928
59
699
52
108
879
299
1814
508
316
522
320
1785
114
48
885
26
397
1071
161
790
1214
1139
2
753
271
22
797
2078
1059
458
130
918
81
699
306
695
144
159
642
148
712
434
140
226
502
83
191
608
99
491
514
463
189
775
307
133
551
28
114
751
493
753
1162
128
223
502
2485
791
281
73
191
170
240
265
1361
903
761
740
1
467
107
199
39
59
599
67
77
1056
246
375
38
53
163
271
418
150
23
414
363
318
838
81
121
461
267
246
1191
308
38
742
479
210
395
200
171
478
573
379
176
217
566
1461
350
187
245
355
284
210
993
25
35
342
200
95
442
679
118
434
838
467
71
220
98
402
290
730
124
238
477
334
232
675
102
36
181
875
73
675
704
481
408
166
195
936
135
816
359
297
78
538
410
793
310
272
418
418
1026
228
46
475
355
73
208
300
266
1110
612
2334
373
1227
424
173
1161
334
638
226
446
1463
107
236
471
1159
197
864
50
622
44
362
336
951
306
210
204
220
102
42
712
763
104
232
193
1334
87
31
638
97
8
59
818
465
1039
166
1517
214
28
1315
124
105
53
13
22
626
289
1416
1394
1600
67
485
385
653
106
647
108
65
183
173
1232
373
151
46
473
1130
204
97
987
246
1024
1543
783
28
328
185
387
213
1287
220
723
59
167
285
400
478
189
638
183
73
63
602
163
291
330
45
583
285
344
318
257
446
42
248
6
259
140
345
617
1051
141
95
746
291
511
281
46
210
130
266
1816
604
430
406
32
534
187
680
538
871
57
196
244
287
145
1161
1034
561
44
253
259
946
1083
96
814
599
55
1
381
8
662
295
624
148
3
661
261
422
400
100
320
269
712
44
763
136
128
150
328
220
208
1277
268
1212
346
593
216
92
828
306
520
779
367
647
512
691
190
740
487
204
208
162
797
1775
128
330
316
440
397
2087
765
295
255
306
34
130
236
185
279
1008
4
276
151
1171
80
436
185
380
577
28
477
124
507
370
408
1065
926
169
2
1532
1236
117
304
148
377
638
173
438
822
1120
724
814
942
200
497
412
449
293
155
183
969
101
43
85
1753
131
587
1063
295
261
87
482
197
1191
314
763
489
1867
42
2100
111
153
514
69
130
214
224
33
289
958
116
446
491
44
461
93
404
516
499
161
975
375
487
151
524
532
2005
4
43
32
777
183
242
999
419
251
75
263
120
275
418
483
162
63
749
138
724
134
376
238
720
40
14
1116
359
15
1752
15
218
8
356
983
259
1491
602
447
150
899
146
133
114
799
451
139
255
95
363
900
420
411
59
299
465
467
271
20
1106
32
893
157
26
326
110
175
117
38
1724
226
791
374
469
842
179
187
436
329
497
112
46
50
214
830
479
161
126
877
150
35
687
97
257
44
167
332
18
212
381
259
124
242
146
165
365
507
753
1232
104
281
149
844
201
800
42
388
153
100
581
161
73
309
313
444
1848
506
265
145
642
581
238
731
194
687
157
334
14
606
84
326
324
1522
521
385
336
246
177
399
214
453
89
53
330
1
605
50
69
463
112
238
500
148
932
108
893
200
575
463
116
295
612
21
297
151
261
583
614
183
567
720
1296
943
928
1450
