real_Parameters :  gammq 	 failrate:  25	 Fm:  665.047	 且最后的Fart/Frt:  0.55198901		   Time :  13.0564

137
302
384
384
410
166
580
463
116
33
5
120
26
398
741
1297
1125
1394
946
120
98
306
1482
611
82
1441
28
264
1596
50
848
814
389
1328
359
189
304
1922
1073
611
533
37
559
528
1779
1107
30
980
326
871
218
312
45
793
2025
693
879
466
668
219
367
2063
1394
659
2456
28
57
1539
3101
163
623
2308
866
1064
2102
10
2412
454
418
571
759
1779
189
686
240
179
1124
669
1133
963
907
530
230
250
263
2336
852
1898
2
262
447
288
64
1108
710
116
337
1686
363
1241
1410
333
154
198
2183
420
1750
945
138
112
627
3108
360
2591
502
294
356
17
411
56
1021
210
1532
487
444
1011
52
496
13
602
752
75
243
528
712
452
2031
2717
163
357
688
217
1584
491
748
554
343
147
3303
279
403
1423
2044
2261
1155
1200
463
676
704
1662
201
1002
2884
1869
191
107
187
219
1642
876
612
1338
2882
1142
598
110
841
514
280
1285
427
129
387
649
1647
662
539
20
322
510
249
89
203
488
538
962
1990
123
1708
119
410
642
401
48
145
255
1645
1002
1783
340
89
97
539
165
62
848
917
1106
637
25
683
1193
1184
254
248
501
234
423
382
448
644
856
2213
615
644
67
74
1128
113
335
34
706
785
124
265
468
1804
375
5
1234
603
232
210
521
505
385
593
2521
544
609
1033
233
1602
69
841
712
119
1175
2414
1430
274
522
675
1069
1153
1166
607
65
47
262
409
1311
506
2696
91
455
300
333
401
1857
211
561
44
2323
1406
777
246
49
6
1020
201
596
715
5
1204
1094
296
1418
262
780
320
1259
1099
45
504
1407
28
74
399
1592
432
1604
613
3379
102
1743
90
1960
1032
442
938
276
144
160
3
1347
528
1319
57
86
764
945
998
1233
1451
1764
724
56
212
209
372
1327
1046
1428
1898
571
2796
840
326
221
1899
164
176
197
121
284
2029
184
1726
1061
224
301
276
74
136
2555
75
780
300
581
81
258
154
195
1621
1267
201
318
1451
171
758
975
1015
738
138
541
185
531
264
1803
851
589
198
166
1309
59
653
226
78
88
112
843
396
1361
135
128
653
1230
672
592
534
345
837
657
285
7
623
732
604
875
833
1396
239
275
1072
208
1781
271
2274
659
332
71
18
6
252
852
349
984
1007
36
402
140
322
12
114
217
1242
325
1076
1212
1185
287
276
125
2232
202
857
365
1701
3037
94
1405
43
1094
824
198
340
407
1403
2164
524
684
1079
789
832
245
3132
1767
9
401
57
124
497
494
261
396
351
600
1028
197
1953
1731
802
1380
2293
668
1708
1114
2641
719
64
828
906
354
38
438
364
1538
329
272
3293
334
255
16
224
291
375
494
35
304
2313
185
2090
268
1001
133
626
813
1749
174
682
1220
283
916
75
382
2020
289
2283
1114
406
278
265
1313
157
1062
277
998
166
947
2543
414
25
296
1135
1222
830
374
633
19
3
77
126
1410
1091
405
1363
1514
208
353
206
156
1574
181
1643
309
660
252
405
309
1959
1103
6
1344
444
1230
584
138
242
513
507
832
1584
743
514
991
53
564
277
1777
403
1273
497
331
535
172
38
393
134
3
100
636
758
400
119
1133
1086
575
300
1025
862
504
192
1207
278
718
337
709
300
23
283
1070
1487
1422
469
450
44
950
254
1293
4
668
436
232
854
226
170
965
371
511
437
682
1137
204
140
139
497
1826
169
613
524
380
735
968
210
428
2085
155
113
74
647
188
339
13
739
301
9
89
343
263
630
335
344
620
224
332
1055
4151
861
337
2032
357
1631
180
196
530
652
68
241
1028
302
48
1015
439
239
108
250
845
395
525
346
696
1118
1292
319
1397
165
563
63
540
1391
101
274
211
123
218
397
273
143
533
526
762
582
365
1028
4
398
56
2512
800
456
488
2406
1517
827
1031
591
1718
2386
1378
75
700
1075
1185
391
843
995
47
354
144
355
3116
2041
77
214
2583
67
1945
909
961
1518
1468
1554
1486
41
438
246
465
1087
1757
494
211
225
578
11
22
1004
594
321
620
171
152
40
431
1473
8
58
269
96
327
130
1321
640
479
463
184
740
405
84
851
595
7
308
563
241
126
1136
167
850
143
78
663
1452
1898
61
107
200
630
194
163
1050
869
820
16
1101
535
818
1012
1054
24
300
406
190
2404
230
291
290
886
1030
686
702
342
901
1878
14
613
363
1433
405
93
628
336
72
465
1335
776
67
268
674
471
63
775
350
1171
944
2020
427
312
98
1649
323
1485
660
1145
830
948
353
288
1143
147
122
971
810
325
1803
48
218
238
1719
250
48
1427
1
188
213
436
877
457
219
502
490
800
1329
273
962
1182
1407
807
612
2807
217
560
448
372
1064
1263
788
537
836
248
177
256
75
292
120
95
69
180
1447
1848
316
772
1538
140
472
905
360
2099
287
941
706
841
193
384
14
593
1206
414
694
1988
971
353
469
827
337
1003
437
33
159
52
582
378
1521
526
407
433
1032
1512
43
20
299
203
895
222
154
41
343
46
1762
922
864
629
284
155
2229
1148
411
88
133
276
672
1005
353
89
817
42
931
68
163
732
602
1407
135
1350
561
689
188
190
793
145
213
10
911
663
2582
1251
232
512
311
597
1324
209
475
589
596
95
513
246
306
682
232
32
127
770
812
673
899
148
667
917
159
149
431
155
218
816
231
2
23
223
2582
158
285
204
1073
981
366
803
856
97
327
335
68
960
705
435
863
466
407
2501
456
248
119
72
262
1645
425
3487
3
135
3128
481
180
667
1942
254
93
472
1401
1071
60
2769
589
1899
1445
619
1480
318
48
1237
122
100
1548
443
933
86
333
366
1210
331
1835
443
3370
128
1418
231
148
812
343
168
942
262
874
617
783
1596
125
837
1035
182
2201
427
384
608
381
1209
403
2032
1484
46
404
198
1344
650
292
1580
184
177
449
248
576
413
664
523
676
1282
575
398
1466
242
1691
50
13
121
507
218
295
996
2034
1073
2095
2
296
284
1019
1322
44
34
659
628
360
789
713
372
486
1401
524
318
174
295
253
173
571
1
427
785
256
226
523
830
628
72
7
361
623
43
310
435
782
679
2181
478
845
468
413
802
16
270
626
1822
178
6
755
338
837
489
881
5596
403
564
89
160
852
766
676
466
67
225
753
1103
617
237
217
190
1894
91
1135
1615
533
42
27
75
844
1182
1217
188
1039
410
849
364
90
546
619
260
174
265
540
551
1251
3
830
1269
665
318
1152
1409
249
2003
704
758
465
730
46
280
315
1410
1951
208
99
353
804
160
613
184
1714
394
1560
996
909
869
1217
242
574
1197
286
237
30
313
20
2288
611
441
520
254
541
1019
858
1291
358
154
320
249
1345
40
729
1791
102
708
1007
630
1885
1162
293
13
1081
87
644
419
174
71
2468
923
352
1061
292
873
498
313
1169
398
227
229
42
22
331
154
1558
1384
211
422
124
315
15
715
233
406
1604
56
40
29
224
630
36
1195
1115
137
134
766
199
1263
284
571
94
230
524
449
400
167
416
26
566
63
278
778
60
819
345
820
656
1270
707
3
756
292
326
655
219
329
361
482
589
1703
640
703
317
307
1245
1997
1792
38
1102
261
493
1193
346
224
1035
133
305
808
539
627
1217
479
442
251
91
646
1113
86
568
243
335
1154
58
2337
116
492
987
4379
307
265
166
143
529
45
337
482
138
508
1556
1269
53
122
467
108
357
2373
254
2655
1055
2052
1919
82
1019
1253
50
179
467
710
190
330
691
544
1705
1942
213
601
1687
218
237
13
161
821
355
1300
80
1316
588
8
557
328
587
262
545
945
769
1528
31
35
352
23
758
474
595
640
1410
120
112
1764
432
8
862
66
245
58
459
80
8
164
412
1235
325
279
148
383
942
424
1085
1208
424
550
198
1055
891
708
59
442
975
422
338
192
665
41
752
1469
983
348
836
116
194
756
197
756
282
509
1346
889
128
651
4121
1024
1076
1608
366
1292
297
3718
611
1082
804
1410
832
1257
979
63
1212
962
1256
740
247
115
147
59
742
3642
2700
1671
19
616
216
336
101
999
225
176
291
745
1004
92
600
639
717
246
2131
46
168
1237
1865
1265
431
475
860
378
262
413
1584
803
543
414
319
735
171
227
671
1715
4
675
171
167
392
560
162
358
347
54
2881
531
892
147
5
1895
1329
555
681
1320
80
1301
593
523
1322
154
1316
948
102
825
219
708
174
620
218
799
31
977
1026
477
928
772
224
382
644
649
1664
1694
257
737
256
319
176
381
638
677
161
624
249
201
1604
130
52
484
120
423
2941
155
1376
576
1013
210
496
413
107
255
824
959
1117
1015
1074
2339
387
211
330
618
116
2671
609
1182
308
352
263
538
102
105
1158
470
541
263
225
773
334
583
1019
1000
197
105
61
44
242
599
1205
1833
409
759
1055
412
895
2660
1515
255
596
712
264
255
84
2
1577
154
786
310
1600
334
1846
769
979
948
369
286
173
6
50
100
166
1132
576
1419
344
525
140
55
542
49
150
498
2032
553
1282
665
16
1035
57
1608
192
274
471
746
1937
526
1247
1491
277
986
559
739
915
586
53
536
272
688
271
6
1474
424
168
549
826
127
434
707
1445
175
444
410
157
91
47
2831
1553
1064
1466
156
257
1084
59
323
277
352
3
915
1211
738
667
1624
360
389
245
694
701
273
939
832
157
157
283
62
875
674
421
876
119
1478
293
286
79
626
48
395
1231
126
560
1603
8
440
4015
633
1085
1354
1755
45
435
1028
53
1871
104
8
206
1256
183
1351
1481
79
186
119
213
435
9
781
581
1553
1009
602
296
577
2061
1494
107
264
110
255
221
1
190
728
408
970
814
715
1057
158
1027
681
63
2012
340
48
995
957
569
266
381
167
1875
194
3
163
49
779
13
87
2669
528
1120
464
656
1621
17
271
3170
75
198
523
694
68
478
432
209
813
57
796
445
311
141
296
1409
1471
503
967
216
1481
849
5
1033
1522
350
839
148
336
498
305
373
368
343
259
622
551
371
158
656
1549
1899
927
429
41
476
149
126
161
1683
33
265
3363
109
272
2148
2591
281
644
132
109
131
725
485
203
506
1650
306
2627
549
657
969
187
335
132
1732
249
38
835
110
203
289
1131
409
485
15
671
1329
305
1467
347
111
567
149
262
146
751
17
281
1035
1059
291
303
429
70
80
455
1180
1302
180
505
561
715
367
8
222
923
527
454
146
1613
2129
481
629
100
804
1492
153
108
531
894
916
793
605
387
787
660
419
597
88
566
175
1254
124
409
1470
327
123
44
352
404
939
47
501
440
1068
521
320
69
806
445
127
670
159
799
3
2836
1973
2836
1640
671
955
161
1077
924
258
413
227
1175
459
169
678
11
19
52
33
2073
509
544
102
38
1185
262
333
2175
76
495
397
3275
365
3
546
25
454
1144
376
336
524
3
80
489
601
11
41
500
97
316
81
1279
1084
245
145
144
580
324
100
349
676
408
269
721
782
169
1899
894
692
3
1377
905
673
940
116
691
1826
958
2367
140
1463
1157
840
133
974
310
55
142
694
845
76
665
293
786
178
1224
698
535
512
1074
642
87
431
1579
237
709
274
369
96
2290
1168
877
598
827
707
52
46
393
445
142
196
950
1496
93
436
653
780
682
1182
84
343
4
1225
566
53
2
2173
1033
694
167
837
746
82
983
145
2210
355
286
447
1147
260
347
749
515
1831
1430
421
1656
635
1158
275
549
1014
273
482
535
1613
2258
1311
438
726
83
2
894
566
80
2202
364
900
27
2216
944
140
1855
144
711
1085
12
1910
202
1304
984
159
378
350
8
515
702
455
780
59
685
371
142
727
1544
946
208
707
187
161
2252
75
1955
1055
197
1038
193
120
243
1079
108
585
876
359
1942
683
963
170
604
458
854
77
852
60
1004
144
1622
1141
966
143
413
402
217
108
582
159
366
261
230
1467
710
139
2070
1017
97
395
2084
94
940
947
697
902
131
39
685
1707
546
65
68
92
351
192
843
939
888
1093
1133
125
245
523
225
1202
96
503
588
660
432
191
740
262
76
571
549
403
106
1054
916
1071
650
76
156
337
211
1250
2374
1538
684
1452
91
357
763
253
192
90
2473
119
84
2237
255
730
1432
1026
2616
348
504
193
844
1381
1089
178
101
215
1012
1559
2260
1729
1035
83
771
246
1037
324
54
10
3578
740
230
424
304
1002
1584
654
2411
121
2385
16
33
3
466
221
365
907
1768
735
1239
964
223
1299
842
51
274
1541
1178
323
214
23
1123
996
911
509
153
366
446
577
500
216
1538
345
847
835
218
2260
385
81
1177
408
858
194
219
39
498
2263
158
325
8
2183
836
66
460
177
1431
898
701
510
518
69
1012
690
519
450
1432
37
538
195
2074
35
923
920
1215
83
331
372
1113
406
236
274
1119
265
418
115
83
321
431
587
506
194
739
1188
1236
1260
35
1305
651
2296
627
588
1666
1171
77
233
62
87
912
1002
559
513
2562
673
534
199
998
3244
906
12
28
680
1331
1094
2087
1951
214
1063
97
537
77
1080
88
310
1425
172
947
315
211
1532
480
762
622
300
255
231
93
853
841
293
593
83
1653
341
2134
331
590
424
592
242
37
437
1738
199
318
979
194
1253
233
659
228
16
919
834
1023
478
739
167
123
362
22
1475
981
497
1541
1424
212
3
1070
211
509
1184
70
820
585
711
207
2907
292
1663
152
819
792
834
732
1176
117
292
1013
267
123
137
575
1626
1045
174
206
95
168
641
390
793
862
932
104
76
694
29
886
185
1742
2351
34
234
471
1696
99
1256
330
152
369
74
479
71
477
279
2057
140
691
52
79
127
81
454
801
20
252
966
837
1990
542
1104
1201
1689
186
410
162
226
370
279
280
200
175
368
2623
1531
2091
18
138
764
878
164
2552
259
329
483
337
183
5
764
302
435
247
537
2
418
568
748
308
463
455
562
1278
507
1765
274
368
169
122
915
196
407
51
1079
324
1139
1172
1123
234
142
305
129
97
409
509
370
831
409
59
47
502
756
264
1475
82
55
3895
337
1289
19
653
803
2524
268
253
300
697
101
605
521
1761
739
5
324
53
1146
956
220
606
72
796
404
664
897
885
113
613
1302
560
266
144
279
418
593
565
490
702
797
890
687
2748
23
2684
416
200
364
1559
127
590
982
2344
170
165
323
1126
910
650
72
782
340
130
104
323
266
838
641
116
1515
798
768
859
181
259
815
636
3178
1498
914
256
517
244
366
976
3
610
914
2851
226
296
350
180
2
555
249
653
1330
353
526
1002
2484
365
988
770
447
2862
67
375
1257
818
4167
1429
432
165
137
1015
1632
1405
479
148
477
240
311
166
652
695
1257
113
613
1245
1
546
582
376
243
61
1107
986
502
423
227
597
1288
34
1016
480
24
2140
1218
524
1023
1181
257
226
2366
342
516
200
212
593
522
150
1051
166
253
1840
109
107
1658
195
449
604
3
153
1633
2141
400
1803
583
255
956
715
223
377
184
1046
698
44
47
3325
568
402
1301
1180
961
1385
817
309
535
183
4
406
604
1712
2964
1486
2126
164
57
2540
296
254
97
207
238
52
69
1211
54
620
240
171
501
752
223
99
943
1042
158
485
1717
144
308
676
456
2870
660
404
1034
151
1413
36
1879
198
666
88
735
998
5
96
411
968
68
120
1144
210
615
2485
1694
40
1091
443
524
313
36
50
3086
177
33
1212
774
168
816
109
241
914
79
921
1073
71
1147
204
512
514
1089
3218
593
478
733
412
300
44
396
962
341
113
207
493
15
13
1112
17
145
339
1134
204
1354
65
308
175
210
1315
173
115
192
1717
502
1432
680
89
345
6
51
121
965
809
475
490
665
151
1098
68
1422
2386
505
525
968
248
1474
595
353
800
96
762
1515
1219
1613
1020
448
732
384
436
840
393
1533
2156
767
670
488
219
1112
99
606
618
212
184
306
566
2306
1369
807
639
720
542
219
888
54
15
546
131
1722
545
548
2420
1501
394
1013
91
273
737
74
784
423
90
1000
157
646
831
1102
1667
92
913
876
29
1492
471
941
1114
1214
574
2063
218
93
43
896
38
68
544
548
115
605
1807
118
1411
429
1027
209
1837
703
966
790
258
434
470
17
637
350
210
319
1402
637
271
40
1405
230
2145
270
865
4
652
5
596
854
224
198
235
200
132
3
506
54
514
450
322
1413
1455
269
439
806
147
210
428
186
780
1483
462
434
104
867
247
1096
282
1918
338
18
383
801
710
773
910
82
871
462
1838
439
130
220
565
63
1238
306
323
815
46
305
538
1030
755
51
8
581
2194
1609
2
408
248
176
118
79
630
247
331
1553
200
2189
593
2930
173
692
1758
246
24
294
2833
1278
128
272
174
801
804
30
42
127
108
64
477
683
780
88
174
318
936
1667
131
36
1235
643
120
2411
41
1432
224
684
193
2929
984
446
1128
58
304
1199
409
1802
93
628
502
565
2492
371
982
326
115
359
372
507
1164
1907
1728
1475
30
1535
2724
721
758
129
582
74
1245
561
2141
1889
266
816
404
74
12
603
556
100
650
3
452
29
238
4961
483
463
101
211
239
1871
3579
610
1014
520
294
335
214
1285
746
9
1478
849
263
175
1708
502
730
819
27
545
660
185
2
1007
1310
334
2769
315
120
1308
400
725
251
388
1068
182
170
514
1310
1895
68
1194
606
105
1548
970
237
191
3238
53
1456
294
1463
101
1101
421
464
1052
479
175
133
693
136
202
243
288
2
392
386
395
482
314
929
427
485
134
374
27
45
406
171
480
583
1910
856
469
633
255
2240
1545
449
105
1042
854
939
1329
639
752
570
419
340
1486
1693
1045
135
1480
430
1864
586
1220
377
650
413
965
1028
1048
203
455
718
327
111
1766
95
977
177
16
670
513
91
870
1474
465
78
442
1063
1161
25
95
928
51
769
1510
52
337
136
558
2260
643
380
270
232
1415
37
1160
2671
411
491
456
229
1107
697
274
590
179
255
1171
449
138
1608
67
199
174
184
91
463
388
627
316
159
368
248
1291
108
147
419
1823
237
60
646
233
557
711
127
830
315
615
323
838
986
336
489
337
627
346
68
480
141
522
398
758
237
953
276
54
644
328
827
103
1193
1304
1468
851
849
1203
354
88
630
390
29
110
878
309
328
157
623
2333
932
631
39
354
112
89
187
99
923
824
584
171
267
157
508
824
145
1076
234
710
83
199
29
255
411
275
383
204
266
3199
117
582
358
283
224
244
392
1370
2901
429
647
2556
1342
72
390
540
362
161
833
102
2833
338
124
120
14
1833
21
853
242
1309
96
57
79
1312
281
641
698
614
1003
806
1104
220
49
1058
677
1537
2459
20
869
355
124
1022
298
424
236
609
1570
351
1066
932
120
1109
640
382
72
1537
75
2
97
297
807
762
1637
868
1090
124
1441
361
18
473
424
119
532
1768
1000
52
657
1072
1269
708
229
488
79
624
44
581
728
71
253
474
635
56
1426
1577
1227
638
512
477
728
855
362
374
134
323
60
126
101
390
290
431
188
1282
198
837
454
461
1038
690
487
651
440
1564
804
75
1188
97
580
271
50
1684
271
393
585
220
411
516
716
20
586
3597
937
580
142
1386
136
106
42
197
229
572
813
4830
2
891
132
29
619
1027
245
199
187
87
82
62
275
102
1163
139
320
87
825
56
520
1071
524
886
628
13
187
977
283
268
110
266
1215
2801
1081
175
459
389
564
2162
83
913
392
168
100
115
1040
468
122
1750
352
873
201
430
74
181
1344
492
188
771
1319
204
923
356
973
4
374
353
1383
1302
2487
252
505
257
734
235
70
137
1513
69
437
37
2356
522
1261
1539
576
547
545
624
620
1492
604
100
205
221
470
391
552
577
2301
1361
906
667
1571
65
864
978
1190
1322
570
563
351
152
655
310
2
81
198
878
2338
874
3021
2179
73
867
79
167
163
683
631
91
2818
118
58
418
150
223
109
1705
269
529
328
137
396
899
293
474
86
27
1569
333
1540
1575
219
687
301
399
280
810
81
5
595
196
492
126
1242
1722
23
263
1138
296
279
730
421
701
188
644
612
170
406
293
973
516
556
406
130
1710
969
1342
65
97
570
836
614
197
2377
569
551
659
307
142
3516
273
128
1520
438
26
620
509
927
507
531
847
348
380
93
215
785
1855
210
509
509
120
361
467
183
2346
481
992
282
17
610
20
407
933
1945
723
366
300
326
316
690
461
394
446
454
431
421
153
1552
248
523
43
167
531
137
858
1007
1005
85
4
98
1117
169
1508
638
234
724
1180
2323
391
106
1594
334
203
247
143
496
1217
2313
110
710
414
1300
1024
759
127
2173
2802
218
2321
461
513
756
890
1193
701
312
171
560
1739
150
1270
453
621
114
91
65
360
8
704
575
477
651
220
2818
773
1324
863
280
1136
106
413
407
597
22
133
316
203
869
905
83
1386
1083
71
231
26
1426
756
124
943
351
199
45
269
237
666
660
1514
801
516
717
396
358
243
1179
792
497
26
783
204
93
717
1051
2383
413
66
97
1135
573
491
305
215
1447
695
1250
773
292
766
783
986
312
244
191
743
630
364
2
2182
3
1560
2652
887
1800
2
679
219
1602
3506
912
475
610
205
706
394
53
431
401
568
72
617
649
1434
506
901
1199
378
549
2019
1188
182
40
1633
833
1432
253
302
118
132
762
252
977
868
496
434
577
435
44
1059
371
1211
1902
2332
499
730
1507
68
420
234
623
617
45
185
102
761
340
830
3227
93
349
21
535
30
484
1176
304
625
67
94
180
572
68
814
82
813
706
425
668
324
1558
146
379
66
171
23
2237
13
750
419
458
736
2489
356
362
132
399
1014
97
565
65
62
64
151
1159
78
846
1223
290
300
167
20
231
376
103
115
2158
236
681
327
567
1364
294
763
96
71
596
970
150
1023
534
112
577
352
1982
726
402
783
32
334
1282
903
486
601
1020
41
3633
165
843
1202
253
373
212
2139
198
658
464
140
5
322
1385
680
47
199
520
234
578
525
694
228
387
800
28
231
1490
218
306
1965
567
532
336
785
196
660
93
1328
1170
704
73
1269
747
286
983
681
556
996
48
60
53
6
1732
143
2599
878
890
511
211
129
200
70
175
168
108
80
1125
171
642
1337
1601
2007
831
1100
265
59
589
359
1336
920
196
142
106
367
1758
1733
540
393
362
34
2778
64
1469
1361
745
1047
156
950
208
163
1437
327
424
903
159
108
1289
564
1390
506
307
971
1267
1393
245
661
579
882
147
947
64
41
119
1173
110
18
584
7
64
2589
957
386
1613
1001
76
436
64
297
34
1968
4707
348
895
666
380
2204
773
47
14
797
672
704
974
576
1626
53
1089
497
2
160
27
258
1427
251
489
245
158
1290
242
796
334
673
39
2
693
3670
738
117
1991
309
2
476
568
297
1611
63
2360
1190
288
1956
374
1408
283
804
208
318
456
48
1011
15
347
556
1974
406
1110
600
1121
682
118
164
866
628
422
1409
426
167
1440
403
630
467
1889
369
430
267
832
1544
544
1835
395
545
534
454
947
1118
123
3235
1930
1432
2302
471
2384
252
177
713
1221
255
175
557
127
787
279
114
489
1285
103
1297
1908
364
627
1257
386
361
270
208
1551
116
760
673
348
132
38
503
292
338
237
169
987
176
265
527
460
342
458
234
807
345
1210
698
124
4
411
155
128
93
203
1277
511
1538
257
565
1395
197
905
485
262
216
455
431
244
336
201
330
289
1403
365
139
1215
237
1789
634
350
441
2128
541
703
428
188
1351
274
739
1167
1166
1024
1949
308
193
261
495
53
103
856
150
309
1449
349
703
527
982
361
427
669
271
1889
171
172
597
788
1510
198
558
441
24
322
893
1719
474
612
363
353
1132
1048
302
205
792
156
208
633
1367
125
564
425
483
352
970
973
372
477
1173
290
177
1164
39
803
749
141
619
189
78
652
194
137
238
711
203
83
957
2460
294
109
767
990
182
183
124
432
651
824
721
272
99
435
129
206
1901
176
239
937
187
1107
1827
742
760
601
619
135
29
374
435
68
426
648
79
269
855
125
182
148
140
149
281
2279
180
452
193
739
274
33
1076
254
710
456
705
480
41
1076
121
721
811
263
754
1134
213
1484
4
2370
1012
211
709
336
1137
54
3
461
1098
72
35
326
394
860
1528
117
376
466
408
579
816
1930
507
2122
585
565
70
1622
1222
551
628
53
586
618
411
1382
2961
539
522
949
457
259
368
223
684
1465
429
1401
671
160
1230
418
1103
939
478
535
1118
252
431
167
332
947
229
1064
270
851
1199
388
394
440
94
1963
217
1432
706
1077
1416
848
2354
6229
