real_Parameters :  el2 	 failrate:  25	 Fm:  503.489	 且最后的Fart/Frt:  0.34740740999999997		   Time :  11.4834

16
17
18
88
64
167
250
195
307
111
32
75
414
401
55
261
287
99
435
420
499
560
482
364
31
246
166
366
518
28
598
286
125
985
395
7
468
565
447
252
1102
81
566
596
997
667
538
137
640
939
676
176
847
401
622
258
196
299
961
371
931
388
807
142
1100
649
680
1484
235
1063
558
342
1585
1147
316
431
343
223
150
1895
67
455
1826
630
643
34
362
1089
832
1587
187
66
606
172
1022
407
719
32
587
487
124
1439
253
153
283
118
144
1338
734
869
141
507
258
180
23
550
471
35
235
322
203
219
638
423
404
280
523
177
788
499
1227
908
410
165
341
9
543
751
2016
499
370
463
997
268
11
327
888
220
388
779
387
189
1080
1118
47
387
459
797
1260
157
38
717
1137
1114
845
520
982
918
51
371
1157
1325
33
100
188
542
359
286
125
143
326
242
293
428
89
155
369
300
1530
1449
565
308
870
195
91
141
484
422
1708
152
810
155
97
711
113
968
114
507
152
817
1587
32
253
64
277
70
1148
1370
703
999
83
129
991
263
353
942
560
119
418
421
1178
644
489
27
342
570
766
205
1052
1029
24
384
1864
394
641
151
231
104
240
66
640
5
314
15
33
101
157
597
287
248
577
314
88
12
146
130
690
430
190
991
52
231
163
231
165
776
38
406
707
254
7
1614
56
107
1864
1077
712
58
744
155
394
202
1254
793
734
117
295
35
265
160
491
504
8
303
3324
275
1155
76
369
743
554
1781
1409
209
420
219
1332
163
23
827
299
312
1188
583
451
10
722
826
258
348
644
506
6
657
434
67
487
943
190
569
472
290
267
525
68
480
317
659
624
289
4984
403
57
130
226
551
490
1870
485
347
167
198
1307
271
1469
182
273
589
136
487
286
363
570
229
7
196
205
544
1370
108
1128
287
590
189
592
393
329
456
853
237
379
890
220
352
404
928
345
1365
299
380
640
700
140
568
90
217
659
5
893
346
755
1555
485
509
543
1405
608
286
313
142
12
392
375
302
97
144
37
888
233
1357
29
168
722
139
382
357
218
1081
123
221
310
42
526
65
43
35
1417
140
144
1372
354
184
358
56
490
468
156
308
164
203
552
497
279
293
730
986
493
447
796
231
317
606
706
309
639
83
200
294
74
423
1100
805
262
43
105
424
348
39
595
200
136
170
655
1034
454
392
1055
1920
187
11
672
116
867
228
55
567
72
1369
367
529
171
35
217
758
259
344
494
127
307
491
971
1154
423
459
1433
627
1521
200
60
63
517
308
134
153
149
985
70
963
240
3
584
662
255
1734
76
268
76
1795
442
213
476
2018
366
57
416
52
182
252
145
254
468
302
1077
409
598
93
1720
108
63
156
531
421
415
677
675
234
546
1298
536
106
399
379
126
237
271
1082
44
343
648
3391
110
110
239
42
2199
292
855
584
177
148
418
31
453
270
188
372
1007
836
167
357
1072
1612
135
185
1694
808
399
325
180
340
403
686
539
1426
769
196
199
1189
644
109
43
959
208
37
78
43
135
15
1285
39
64
421
151
132
32
283
913
1129
222
28
434
203
477
410
758
1515
146
489
109
3
258
195
448
161
798
59
598
27
1045
85
74
113
151
1193
519
138
402
516
31
1401
33
518
751
220
301
281
420
2068
533
67
300
39
309
321
360
181
2
314
471
134
316
1064
1
322
423
440
155
440
628
923
395
1392
656
57
116
955
81
277
207
36
2181
166
65
979
460
111
23
497
190
1287
47
220
414
172
771
600
144
802
1988
212
164
1013
135
114
82
28
338
132
265
27
234
1902
1836
317
117
1416
811
374
156
196
142
346
612
422
37
603
476
365
564
122
1256
102
1477
10
2850
788
692
333
60
1048
355
211
1874
21
955
160
656
10
306
769
666
774
2067
538
402
86
1421
248
378
400
521
293
67
1291
140
256
611
693
701
611
635
518
1769
502
779
101
242
3078
1205
1319
135
203
134
163
494
804
467
250
114
364
71
1855
173
129
28
427
89
3
112
181
765
92
907
291
956
174
532
162
455
124
466
85
199
493
75
530
736
112
362
200
18
954
84
457
427
1074
198
85
215
960
292
26
238
887
363
181
909
219
564
298
2098
181
33
128
415
1835
1295
290
692
80
111
333
1496
2044
517
1003
453
416
509
1133
35
243
24
34
418
1552
441
748
1426
648
679
707
198
53
92
773
53
19
786
123
54
69
515
2029
360
216
1556
289
107
160
86
31
88
208
214
176
89
500
85
249
243
180
1123
232
1452
161
497
535
1458
19
68
317
378
99
217
11
1604
426
995
89
48
323
746
460
49
521
406
1161
158
2503
187
376
359
1202
52
133
141
268
480
2367
433
106
62
158
163
41
233
217
262
833
40
165
769
801
148
242
253
359
144
426
1044
725
65
270
737
382
280
505
39
644
176
102
1140
585
617
150
1230
59
770
359
269
192
413
1943
103
1210
49
285
307
310
439
464
45
1188
399
1068
61
994
1881
1149
511
258
426
270
115
24
547
783
55
496
20
135
406
1040
877
468
205
168
570
378
1213
1096
153
2991
68
436
505
780
944
245
167
108
19
468
170
361
199
139
1315
276
150
681
37
91
156
8
919
170
779
933
822
364
65
447
131
337
1122
408
164
526
500
269
364
438
1593
27
165
53
2315
73
447
1155
43
870
457
641
17
321
426
704
766
498
2256
119
9
799
163
327
552
444
125
1166
192
529
457
215
676
676
950
35
69
493
9
399
86
1180
545
88
445
1208
653
1201
169
465
149
1982
119
350
851
2847
255
157
615
1206
331
120
224
590
409
1144
682
450
302
234
1014
74
496
58
704
149
2636
447
121
292
146
680
433
297
68
592
676
79
199
1017
206
193
199
254
308
22
254
2704
38
51
656
691
296
279
129
1480
198
709
135
293
268
133
814
118
1049
160
1444
411
229
3407
201
779
426
169
3
462
119
1086
1063
189
745
301
777
189
481
505
437
2535
581
325
668
1094
116
301
415
173
326
724
375
94
610
256
55
85
352
119
229
541
3429
35
295
856
186
117
192
939
204
1379
458
345
339
320
37
91
849
657
634
54
131
124
97
212
700
760
457
136
863
370
44
70
209
82
837
57
36
304
250
119
883
679
464
41
695
150
942
1270
359
1167
50
305
1316
69
673
172
733
1338
2252
31
222
96
471
80
268
794
180
29
867
171
344
764
319
2089
17
447
88
1507
161
98
376
237
960
597
129
809
516
53
357
113
1144
275
554
65
83
126
621
898
843
1196
179
312
182
851
352
40
36
507
731
103
114
24
136
356
133
1437
29
180
75
141
133
918
1430
543
278
775
244
134
806
1448
21
2779
229
486
404
137
1059
326
155
1091
90
88
24
1600
348
22
1953
245
1271
1008
64
360
1073
455
422
476
61
529
603
2270
21
284
21
8
35
1569
123
219
139
141
824
14
29
573
251
810
638
381
237
441
225
241
265
644
227
350
192
1376
70
238
553
508
127
574
51
253
979
216
657
172
879
399
500
458
151
1980
634
3
50
7
65
1123
236
345
336
27
106
584
172
939
91
1043
935
730
1357
228
153
45
330
409
1571
319
30
92
219
543
636
88
300
292
27
71
349
199
101
352
171
702
345
794
871
224
267
274
29
2591
223
650
377
680
377
566
542
270
180
151
255
521
138
1975
4
224
384
51
285
298
574
381
317
27
248
229
803
35
881
692
1121
73
573
452
596
1071
113
328
71
1165
494
1703
464
871
1569
95
302
678
114
839
417
8
631
872
856
240
52
52
571
72
136
38
287
1754
148
297
309
233
90
23
44
270
1517
182
186
239
125
387
592
914
32
1175
38
123
107
172
328
1075
95
104
2476
304
310
774
280
355
1130
502
391
176
266
229
556
7
45
491
2997
174
738
91
287
263
567
582
475
142
155
188
191
732
103
1301
490
707
1461
152
557
911
357
23
1486
474
655
185
158
635
92
258
830
345
333
368
116
175
647
358
541
273
114
517
1957
1745
474
15
630
381
256
531
547
20
432
313
821
1099
322
530
366
258
1647
166
10
95
1055
436
645
225
1993
165
343
340
130
1582
73
349
777
221
418
1424
8
924
1475
320
119
443
498
50
404
778
84
314
149
655
532
128
221
236
283
1426
977
6
1121
24
460
1348
28
502
71
388
532
433
577
208
29
7
167
363
201
235
1073
839
1087
132
744
169
1671
48
155
861
836
2927
16
55
457
76
84
202
105
16
146
114
95
884
635
408
515
273
585
376
98
488
54
1385
386
272
545
1112
489
962
439
697
290
656
187
2317
190
91
435
43
194
13
50
387
465
10
1367
190
606
366
46
546
420
39
1034
725
474
1534
1235
129
235
259
226
504
466
44
585
1450
88
244
525
208
74
473
1243
60
192
681
499
383
1046
503
448
744
599
92
195
7
597
174
904
754
39
795
1027
1212
1282
90
492
500
325
366
56
824
321
260
107
226
237
324
114
457
1053
464
876
434
1069
670
2554
792
1006
845
1512
1027
49
63
2597
451
414
316
747
219
254
711
29
113
729
654
23
410
443
151
760
313
435
260
468
196
897
513
534
140
267
235
122
188
2
652
180
309
1325
393
1186
68
333
44
226
1343
260
520
104
108
5
18
1295
182
779
2017
869
861
856
72
567
208
1352
419
590
124
1685
29
780
45
683
45
369
150
962
50
943
705
685
237
620
528
1105
556
258
436
432
79
911
1020
490
31
377
547
26
128
373
907
111
4
74
1068
556
184
367
105
61
278
953
407
1754
715
131
314
1009
1574
868
159
20
326
100
181
285
140
187
279
135
2604
236
615
727
182
264
586
168
373
291
41
500
1301
248
46
465
1075
302
142
900
123
8
94
270
1348
99
56
623
350
1582
518
37
403
133
7
491
727
204
610
132
883
931
537
528
88
281
819
858
989
1169
377
445
4
797
663
630
92
737
524
1130
21
179
26
1511
50
537
99
239
154
388
1406
494
310
1407
214
420
417
548
1282
19
2172
77
820
40
1503
42
389
1207
1491
183
625
525
6
565
1002
59
608
1571
313
1136
1294
417
924
859
179
1697
701
928
160
872
17
30
588
321
21
320
37
247
331
106
21
322
161
1242
763
457
49
411
468
69
56
24
249
121
337
29
532
5
1234
1342
48
266
100
33
43
11
643
1447
1158
593
817
153
1056
354
1442
1753
668
1271
124
180
25
2780
60
179
840
38
198
692
616
535
163
257
319
368
1164
476
47
374
34
1418
87
264
156
159
327
524
704
408
368
133
249
168
112
232
96
1422
460
836
580
878
1443
350
417
273
14
190
227
844
680
901
345
2463
386
628
502
395
184
22
331
1111
795
110
342
520
118
528
390
809
94
158
926
115
1552
76
792
613
8
2739
247
858
21
358
502
159
250
2119
374
940
705
778
1841
82
833
15
3045
555
608
1393
1082
134
1325
987
565
21
237
238
362
402
212
380
627
74
96
26
1223
26
209
1241
679
83
152
968
387
489
190
61
1494
162
279
51
491
156
503
710
1684
374
139
35
992
119
136
134
59
293
84
587
416
328
50
12
1520
422
142
59
954
495
10
99
428
366
247
428
470
254
162
483
621
1160
156
1341
829
83
625
341
47
607
22
123
288
553
342
682
1155
165
755
1006
18
82
2366
240
422
142
44
143
952
249
563
1250
361
490
257
211
593
1686
961
1932
706
1041
764
448
143
488
697
258
228
380
125
1255
69
182
204
59
975
456
262
851
380
506
690
300
98
71
809
420
799
1445
340
651
960
210
150
107
30
426
408
198
1540
204
247
387
50
983
77
153
534
164
11
131
2319
254
37
187
1165
1933
1784
786
1418
994
192
211
429
186
280
20
413
1637
208
63
31
574
563
100
1100
442
365
207
99
498
186
55
145
220
208
91
108
64
1135
2104
292
287
49
384
656
658
846
318
1061
1434
50
39
1922
1752
603
355
503
146
42
720
297
155
1384
1856
401
102
531
508
396
203
539
461
509
441
195
697
910
466
642
693
157
458
1328
399
519
936
315
23
50
58
1436
1001
37
283
384
438
2
428
400
909
618
127
1534
236
270
68
380
1265
26
25
667
1075
1155
80
28
160
2
41
148
240
123
72
1647
100
459
848
689
695
146
400
497
365
977
104
191
1436
298
208
128
1221
743
175
1492
101
9
11
334
208
424
263
1138
167
585
570
732
1542
64
443
559
576
748
173
854
685
8
1665
252
428
68
357
137
302
1103
508
393
6
470
133
125
374
91
1162
40
108
116
210
2129
125
395
753
104
421
1099
466
392
629
1072
135
695
71
2
249
391
14
262
464
191
498
77
443
352
503
126
115
500
767
665
642
804
1910
1502
300
774
860
65
262
277
343
681
108
565
225
220
1969
575
72
16
671
1198
42
1101
439
15
1368
774
336
394
742
503
299
254
14
989
217
498
332
295
401
243
557
129
2
1294
506
1439
1301
134
466
202
754
38
47
1042
1061
45
365
153
243
529
1959
590
605
258
1335
205
627
664
532
71
1789
241
251
981
34
1337
964
135
240
361
465
328
9
594
733
571
759
99
227
186
1008
798
59
757
1102
1444
287
1040
273
286
819
786
279
1236
1484
239
208
551
207
914
306
798
117
29
211
235
340
1077
1019
247
912
268
51
150
222
618
152
151
1
5
251
637
313
1622
25
248
2115
324
129
2057
331
346
579
185
13
80
108
596
1266
709
347
453
994
77
520
726
2959
328
594
796
205
155
267
303
452
270
143
1158
504
448
15
674
309
556
111
569
157
331
726
887
250
365
2160
144
67
2644
679
70
652
124
149
504
783
933
187
254
499
259
505
42
652
310
1066
265
1234
2
217
91
93
22
1279
1254
639
289
1181
1395
320
684
1236
1026
294
1416
267
461
815
227
323
118
603
495
1008
219
87
490
438
156
811
423
11
999
1399
1380
214
385
1143
197
10
3133
1262
125
151
452
345
1780
750
1474
998
298
1236
565
367
354
230
439
262
105
2133
257
574
49
221
12
302
61
774
319
158
123
229
180
357
24
43
381
111
475
186
192
719
223
898
1202
617
799
130
863
940
17
40
101
33
1021
1116
476
1133
579
609
272
649
849
470
58
605
266
402
1953
250
279
1890
1023
93
126
45
297
39
524
460
642
348
164
563
1965
387
979
936
292
132
241
337
60
1202
369
310
13
1625
111
1599
801
13
13
132
505
85
13
552
1065
2044
272
2581
45
1426
456
690
226
507
167
183
26
503
84
425
1895
177
85
1953
552
162
225
265
342
1735
1385
819
41
559
65
5
1240
305
152
65
247
271
154
541
786
213
898
406
251
459
219
59
233
880
20
757
120
234
892
997
248
2470
884
83
751
41
289
262
622
4057
292
177
1297
194
202
262
1762
159
635
676
156
278
83
1219
1754
1984
988
538
658
455
218
598
230
245
615
333
89
198
163
139
374
687
102
1137
158
449
608
87
797
655
467
1054
177
134
877
243
1652
1452
373
321
815
403
1000
144
393
22
1179
66
215
96
646
13
936
97
108
304
501
655
485
233
104
179
450
1523
223
452
541
855
144
44
773
787
22
177
1062
394
75
26
889
278
518
981
550
136
119
439
245
187
28
21
251
396
506
988
596
36
5
102
168
159
360
481
63
39
368
547
410
294
1332
45
1363
287
140
1037
190
494
1024
147
927
122
291
196
475
1319
1023
171
109
1084
167
370
802
933
133
105
1284
1092
299
511
1369
452
1219
119
10
40
731
505
9
326
726
1247
407
44
239
575
913
116
347
194
261
721
174
122
112
865
24
2434
1321
164
209
205
158
935
348
1514
297
238
969
293
211
506
381
376
55
621
8
376
262
190
246
562
495
1044
497
169
211
243
497
415
500
275
1857
14
341
678
196
87
476
69
206
46
496
34
312
165
180
1517
469
326
263
62
1031
241
10
456
49
77
1109
412
452
33
919
421
70
45
368
378
681
633
363
176
10
193
81
795
80
371
176
38
92
32
518
473
889
72
245
1282
18
883
405
109
352
353
481
325
419
90
171
913
246
1003
361
64
542
1910
543
9
475
1279
382
1155
12
136
21
633
675
8
1087
730
1092
920
18
581
539
1291
259
205
56
168
139
75
487
28
322
1806
242
339
442
7
172
1216
175
7
318
1810
44
204
95
425
475
1341
743
278
262
452
1644
118
543
523
287
332
1174
296
347
67
302
194
225
1227
319
752
269
251
339
175
176
73
417
63
386
653
1230
487
157
497
598
1183
550
278
124
970
27
1572
231
1200
211
1063
402
734
866
35
242
117
492
267
405
841
424
1348
143
425
130
90
253
433
288
174
316
155
424
762
307
442
370
143
190
3283
135
160
527
717
620
471
361
642
231
679
1943
181
484
1497
195
205
827
302
1394
270
607
41
248
167
120
950
81
153
38
160
86
83
1195
235
981
106
984
330
66
676
546
171
104
224
235
459
215
82
337
571
541
271
318
1208
726
553
356
42
1922
342
653
469
284
71
215
257
250
284
723
948
349
400
1643
1026
417
331
1135
449
514
336
55
139
237
1281
5
933
19
356
459
534
652
533
974
111
164
853
252
875
167
218
24
25
741
295
36
337
640
1102
247
531
245
116
40
227
486
84
456
2098
27
260
273
275
90
212
510
808
579
82
1672
1080
764
83
1602
38
299
134
1096
292
56
1699
383
478
1179
390
67
1506
478
763
1471
18
922
386
8
1148
284
695
99
11
86
140
440
530
306
515
2148
386
276
1237
176
625
180
293
1451
320
298
539
281
456
1444
764
741
70
54
644
20
181
257
155
1461
26
1516
2682
287
78
146
853
884
96
1840
277
83
184
483
1431
233
168
227
858
450
260
73
88
391
233
472
658
218
335
30
90
334
166
751
283
305
706
933
1379
394
1262
568
432
535
741
249
195
703
340
56
1022
139
392
175
177
455
363
969
309
416
275
80
1276
931
788
990
1387
614
535
275
490
191
574
329
192
326
45
459
189
345
40
1001
246
1195
1287
269
42
1020
1003
1104
44
141
1581
203
102
821
786
15
24
21
572
436
30
12
711
150
473
489
618
344
1802
27
44
216
222
687
482
729
821
1345
236
318
853
131
538
634
144
453
169
145
604
101
1353
1952
236
69
31
224
419
166
174
1226
649
825
1090
420
281
188
489
614
232
1462
203
459
694
1189
669
556
394
98
114
378
979
1798
1099
366
9
164
39
560
213
975
40
158
404
910
176
134
539
73
1841
354
203
308
89
75
358
722
675
1246
302
2042
278
1002
180
1163
1519
384
201
31
175
318
271
996
67
1548
171
1118
160
399
49
87
573
191
81
393
1350
82
2068
210
180
81
390
167
1526
115
95
31
771
495
749
364
279
170
158
90
642
358
456
667
637
235
353
881
605
89
271
1164
21
1620
322
42
16
295
506
823
1156
89
579
429
41
1467
773
718
549
3
46
36
523
300
61
103
311
1179
155
231
1022
499
95
517
10
81
706
2221
288
86
310
498
819
217
333
526
283
243
711
1001
764
958
333
109
311
52
85
1169
767
916
1035
3
62
1248
522
639
126
689
78
1021
549
79
283
335
1124
101
62
710
112
198
391
599
371
347
100
326
419
1091
58
675
1344
415
616
341
379
722
33
164
697
492
25
123
680
370
1005
17
118
149
1482
1306
1084
94
879
128
933
286
2614
201
524
425
94
195
91
118
319
759
1399
1246
439
62
31
745
482
1377
368
1580
1513
316
2099
437
173
64
71
83
21
183
821
150
256
679
2333
723
444
405
33
579
141
278
40
1040
319
296
176
561
455
180
34
84
1693
101
523
1851
111
1090
727
138
6
1404
82
74
580
1129
180
146
265
436
227
186
1260
558
848
159
153
58
1242
48
227
251
239
125
269
72
402
404
187
30
489
2947
312
279
333
953
413
401
174
97
436
15
798
215
923
502
543
310
1220
589
677
91
154
846
127
190
897
755
287
1577
40
1332
313
67
226
26
568
225
50
307
741
474
302
101
1037
171
1918
2723
689
1002
24
829
154
178
1636
66
99
911
1040
688
98
101
70
807
750
1044
42
9
30
428
272
415
1843
77
10
486
1956
232
197
1521
363
49
88
314
149
664
921
243
647
1234
1276
197
100
246
517
790
27
216
561
1393
1211
1590
590
809
1424
554
35
20
109
122
77
144
274
233
1585
548
802
629
173
296
1386
255
61
504
98
638
981
1699
173
525
1096
1274
312
14
52
817
718
901
55
299
133
182
751
2365
413
249
328
597
523
557
701
394
139
414
322
260
726
208
18
637
467
353
1256
51
541
8
932
295
640
2340
311
432
279
120
1676
29
1120
710
890
461
110
47
295
507
721
962
450
1138
42
602
282
1609
2211
298
92
791
1363
144
169
95
439
867
1306
152
326
261
127
109
1066
894
160
1208
33
61
440
172
704
88
97
1587
721
193
252
159
74
366
198
330
493
35
117
908
434
205
592
31
734
776
741
7
249
634
836
1588
424
591
426
605
326
312
310
246
472
181
61
320
678
405
348
1174
264
294
800
929
1333
1300
799
443
154
206
15
180
116
70
271
197
359
807
11
167
947
1429
453
1569
20
99
1809
701
354
512
514
176
357
188
943
214
1009
77
135
281
40
865
1370
17
1218
743
45
555
310
114
351
2029
636
885
247
1718
270
224
480
249
54
125
552
933
387
359
152
927
27
276
149
173
259
574
40
2194
234
2116
280
1423
261
20
381
1546
71
320
124
318
186
39
71
437
2713
604
312
265
1090
348
36
73
1130
190
1324
325
1718
163
213
420
921
15
271
889
1291
200
134
1641
163
211
430
1010
833
241
29
127
658
385
143
939
123
101
615
571
328
137
400
73
129
185
195
287
385
377
1063
660
1180
149
144
67
414
233
250
452
325
76
457
2826
175
348
113
1174
148
380
220
670
503
230
2
436
600
46
616
267
453
98
317
194
357
135
455
1105
543
805
35
184
32
384
15
378
22
286
20
367
542
946
1128
273
823
133
27
237
1140
512
106
154
82
302
88
229
369
57
220
592
1092
2356
245
402
143
324
498
77
344
79
103
705
1854
352
453
388
921
26
1621
20
29
1727
40
161
905
657
334
38
151
2236
222
230
36
367
626
2501
59
149
1165
74
457
444
338
830
212
1426
2675
319
943
329
314
1041
371
124
463
862
689
325
258
1739
801
220
1
308
123
82
634
1371
222
94
204
442
321
369
320
712
1074
1508
534
243
1012
17
17
560
1084
498
51
874
59
184
7
319
130
341
703
133
618
298
330
583
1456
297
585
217
1209
591
440
132
784
207
360
211
860
43
217
457
99
11
558
388
149
1199
1126
592
602
552
341
99
108
82
300
458
180
244
269
435
1580
640
523
26
149
183
1092
247
983
65
1006
1145
512
1123
500
105
547
137
45
1149
198
1375
1056
359
925
1016
119
14
255
710
215
86
79
775
328
515
2
480
1287
223
121
490
356
638
33
185
479
398
177
864
355
318
1018
1713
122
515
296
21
110
78
176
139
32
125
228
873
503
256
490
184
30
241
260
455
107
117
93
687
994
680
109
690
116
36
147
212
114
181
379
76
841
916
99
107
1085
77
668
176
176
463
484
1077
2416
492
834
558
620
55
223
123
200
127
17
360
215
1753
932
226
843
217
508
128
295
1429
66
621
60
56
560
811
141
48
929
199
310
223
4
377
381
1758
69
168
161
58
603
127
138
384
152
577
492
112
469
88
163
18
275
1226
67
369
86
146
580
241
253
205
441
1025
203
101
593
866
119
800
780
2357
28
1861
521
96
296
89
1072
557
381
254
663
934
10
63
740
230
561
364
27
628
567
853
47
523
388
391
2258
477
199
731
662
222
7
1710
679
229
54
1588
282
97
954
1279
437
1151
206
86
489
310
28
266
36
832
557
298
337
98
802
263
5
36
115
128
718
561
1647
60
592
301
455
589
377
78
228
519
1550
491
429
9
1029
110
659
171
74
44
400
235
79
287
84
198
1062
118
711
595
540
365
230
352
215
487
769
621
1048
1670
1757
1582
