real_Parameters :  golden 	 failrate:  25	 Fm:  2234.6174	 且最后的Fart/Frt:  1.22903957		   Time :  197.646

135
509
329
617
621
873
1322
1793
1111
415
2268
1222
324
173
416
136
903
362
3347
3600
120
3962
4684
659
3095
249
2652
3178
503
1427
671
695
964
217
99
2652
5540
3301
5765
4248
917
4084
3243
2134
523
1943
1041
259
192
983
451
480
2376
2283
379
178
381
163
4612
1328
800
8071
1357
533
2320
380
2345
2041
5431
136
929
1379
1270
3092
2808
231
1708
1669
1264
2293
2861
567
1246
1430
4963
604
4634
1417
670
1417
1338
120
868
1243
6861
716
1117
2121
1325
1488
608
4754
392
33
3321
953
216
2051
4082
578
1307
643
2038
757
10186
1488
2792
504
1207
342
1507
2975
1250
327
4172
3133
4896
2514
836
965
69
7083
2358
2729
1806
1633
2975
202
1113
2187
1677
2318
2532
491
155
40
1445
1413
864
670
4434
377
665
1365
388
194
1375
1195
164
2475
1037
5993
786
3200
3895
1447
3182
5387
940
5873
527
1081
5648
234
803
345
1240
3120
5983
7404
1722
3135
243
2506
1977
2764
1120
11155
181
78
481
4142
1795
5077
1452
1905
336
689
2026
682
3812
678
1510
1391
2303
1137
1350
699
4414
251
901
2296
497
377
3016
3613
543
465
112
2688
779
2253
2935
4250
401
1455
547
377
1152
5810
95
48
2558
321
3314
479
164
357
800
10171
1754
3126
2694
201
270
51
3479
454
748
997
14
506
4873
3262
2392
1441
240
62
689
3527
93
767
596
3372
1412
3305
537
369
5017
2667
2620
6343
4230
51
2489
2939
1247
1610
8849
3600
3076
342
2723
1466
1891
4008
813
3666
1633
3590
1419
2780
1823
3207
1268
1288
1237
63
888
2927
3840
164
290
401
743
337
1740
346
3155
656
1094
793
3652
442
5226
408
5059
1972
212
3612
257
1643
3058
60
981
1097
1598
184
4550
3519
2695
13119
459
4155
161
3520
1832
794
1598
406
71
837
3004
1594
1275
1864
979
729
7818
1052
238
144
8821
169
2112
4706
1390
5156
1362
993
7471
3655
7302
60
407
1448
375
2484
1171
506
544
6258
1459
3161
147
496
5269
1930
3749
1344
36
4011
244
619
3641
507
6256
352
1143
541
58
673
3226
1797
3304
2808
3606
1243
948
7891
237
246
2023
3058
3190
9243
881
3876
519
1940
260
1537
1882
718
3613
307
1945
634
267
836
544
1876
1140
1116
203
980
1333
146
896
1903
470
5950
478
3868
3210
241
3348
139
2392
3344
1170
11997
10095
5158
4334
4327
1316
17207
1092
3866
7400
969
3189
603
1975
973
1641
6150
59
221
6984
3153
326
800
820
2517
416
2805
2435
1459
4335
4219
9
1209
957
36
2779
767
607
1885
386
3184
584
2372
1657
118
2669
5337
4
725
3341
2168
1849
1442
4788
1988
9216
1155
1141
595
2168
3442
3419
2154
37
2809
8348
1426
2506
3639
1886
937
1254
180
2276
212
3603
685
5491
3583
2027
47
2210
160
286
609
1156
817
118
1990
3443
553
350
983
698
766
154
2958
307
98
3713
408
568
3382
378
1002
929
1957
4194
2164
5502
6048
3058
4011
5188
3253
2153
434
4729
2020
77
1522
1489
1552
1942
1207
95
918
213
191
6090
4769
1097
2923
2408
6
76
4333
2429
293
6904
208
357
4019
4018
4813
1293
2437
2302
1460
3221
4855
190
1615
410
211
492
4641
1009
1094
2738
1484
4750
1320
1214
60
512
2592
395
2400
13
599
494
3415
387
1605
994
1989
1076
1054
1827
956
5201
450
60
5217
2304
1226
2621
925
434
8009
296
248
10645
3422
2705
4340
3499
7405
2693
883
2187
179
31
4555
2723
1774
149
2776
1773
5183
77
485
929
173
440
3793
4497
1232
3997
926
3856
1001
206
406
1342
7313
972
250
419
4986
1081
10721
1781
1532
471
248
137
3470
540
1097
1528
2897
189
1016
495
3996
1773
252
1813
1885
2611
433
5422
962
1283
200
468
1208
575
140
965
3227
2472
64
434
922
173
4647
73
2238
1582
1079
810
6192
2214
1194
944
451
1355
2262
8537
5840
1607
2511
1286
213
1212
610
11323
100
6253
600
3146
2169
84
7046
5880
1627
2540
3829
2938
816
2748
1475
1050
2016
10952
310
4974
2820
2475
1197
495
5292
6752
4963
2420
5063
2745
4623
6124
1133
1529
241
158
1900
664
346
1688
6
3819
5305
1351
2717
3532
901
2091
7302
2184
3640
862
4319
7275
1941
8856
2528
623
2329
602
1937
935
3754
107
201
2393
3185
2105
1324
607
2147
1808
1004
793
8472
3829
3729
1115
769
55
3236
908
1038
2647
1192
1645
469
179
502
274
954
1075
541
907
5563
360
305
4854
2326
682
1199
2902
3061
1001
944
465
519
5629
1405
119
1552
4545
5244
2394
4231
902
1558
426
351
1348
6390
3756
4589
2135
2085
204
1154
3362
174
3079
507
2205
840
575
1678
1069
1243
1279
3326
547
5187
6558
2828
521
1955
1136
1383
1885
1043
2911
2815
195
5993
7337
1025
3415
50
1197
750
406
7447
603
1974
3516
1270
8180
327
2630
716
2516
2616
308
6625
5812
5772
1032
3962
3145
1606
380
1572
4224
65
5782
10811
1454
4472
3232
3221
1366
1557
1664
828
5536
1075
1157
1727
2453
798
1711
384
478
208
2212
3149
5046
2269
1364
1508
401
3322
1407
727
2869
644
11225
4873
5760
3278
2709
284
3634
3484
1665
5268
2320
5
3415
1605
95
2674
1352
1844
1057
1558
3648
2052
669
461
1865
1493
5123
1760
635
2108
2471
6991
3013
400
1966
8214
1457
522
3006
3366
1207
1984
924
4549
261
1621
1790
2082
2379
710
764
1765
2827
1493
4196
394
462
732
2579
323
2068
282
3139
1253
2094
1105
554
1073
662
1396
1989
462
4654
3233
4967
1018
4162
3586
891
3047
2325
6903
3563
745
901
923
3834
424
1165
7230
1169
1357
1889
1105
5371
181
1538
1875
910
347
401
1997
165
400
1584
479
60
532
1931
91
1562
1164
1585
1574
3387
4204
904
1462
3568
1404
799
193
503
2996
507
2946
2397
185
82
4593
2024
127
307
262
107
2235
1273
1334
16608
566
150
1391
41
690
1078
1241
1144
307
985
1372
45
388
1996
3731
85
12378
371
1210
3319
589
5210
2297
608
85
418
1432
101
2974
3604
1956
3116
80
4573
1358
2731
2333
146
422
3253
1583
7984
9672
37
454
3168
1688
3749
91
601
1432
3344
3277
789
85
851
2509
717
3707
45
6851
7097
2559
290
3045
400
2348
771
196
2032
6288
2620
1542
2692
823
247
1847
1005
694
1008
3587
2686
1973
326
928
2036
4371
3249
672
2817
992
8853
850
1801
2469
1278
1106
241
843
3457
1045
2392
3669
1670
1193
2959
463
1455
2049
156
1190
344
1573
3611
434
2503
6769
1060
1311
1110
5444
2017
18
2485
2374
1672
1127
554
581
3257
218
2020
4324
7447
3758
19
2211
1493
509
1799
290
1158
1008
1132
2631
4810
1032
191
6179
164
1072
3625
154
1097
8480
2971
1102
158
2234
2512
1781
1364
3083
1776
5938
2054
289
10826
650
3989
501
550
618
3094
1592
3951
120
15516
1786
3624
1492
1562
3224
3101
5089
2469
899
728
1058
3833
158
2111
3496
1352
3052
2871
1542
379
4739
1800
3274
2142
3086
8451
926
3947
2878
838
6102
1431
2399
5471
5991
5473
2859
5039
296
1263
1926
2918
1112
358
1949
4626
1303
3320
2813
1073
491
2699
946
4503
1347
1984
654
338
3119
1707
6647
1142
882
3970
1346
572
251
3140
7552
125
989
6394
90
2260
1584
929
815
517
3671
2569
2236
239
2857
2279
9117
299
1690
6635
5702
659
3991
299
502
5308
243
547
4694
237
4479
355
539
1519
891
5768
1976
6182
3438
1532
1194
495
2161
1063
97
5133
1572
1121
1538
311
422
304
4687
1088
358
5038
3412
519
2639
184
206
2650
5823
588
1894
3950
462
5912
2953
1115
1962
1394
1667
160
1861
1324
5074
3285
7399
6178
118
701
746
6124
393
330
794
1776
908
1586
2963
1589
490
2812
4768
2695
757
1942
667
1755
1293
5614
285
2061
3275
931
106
3587
742
6385
723
6670
668
2133
2551
2087
2951
5115
1687
1161
3312
893
4804
3839
677
905
1973
14470
627
71
6197
2904
1378
128
856
1059
4220
346
5748
1188
2985
1017
2038
1105
394
1259
63
155
3457
1895
306
347
1053
5375
564
1416
3698
3788
882
4150
2068
2183
303
671
2711
395
727
288
2457
816
3382
895
2772
6254
1106
178
3071
368
1211
2205
1005
339
3896
2028
1625
10568
416
836
4120
2107
103
1598
218
8503
1986
2095
258
3179
1149
1676
1890
1084
7268
918
560
285
2674
2050
3762
2065
336
850
11
952
4539
4667
4416
2396
740
366
4206
2144
3625
908
7925
4474
1488
387
2463
508
3654
1584
199
1357
519
650
4696
2680
1983
21
1499
1328
4237
3650
852
40
981
327
414
11531
2369
1210
1581
4484
257
2396
626
1463
272
591
719
2650
3681
659
2687
3540
3529
341
5624
3723
471
1291
3316
2311
222
2025
940
7160
512
1800
2625
768
310
1278
2987
3116
573
3846
1317
30
1314
8740
4596
5261
2003
3473
5616
1696
3178
5773
1108
9759
4950
538
3333
3068
798
1078
1406
1845
414
1189
2142
3206
7397
4283
1440
1897
5257
3865
2451
923
1554
1474
463
1292
543
4487
1773
25
6695
4629
784
4029
3286
3226
1397
1878
1255
2962
1072
1910
1749
5537
345
1174
7
1203
7654
2717
2999
4369
492
4285
2047
304
2852
2032
3958
1236
981
1630
4685
2097
1020
298
13943
3193
563
1285
6865
6468
475
527
2369
2043
709
2474
2923
529
1190
2976
3085
3699
35
3005
694
994
5274
1845
5928
327
5425
841
3302
1050
471
1336
1355
2151
2198
995
3418
160
6383
4004
1237
1334
1769
114
1423
1266
2117
100
4076
630
4155
1927
5275
605
885
932
770
661
2479
1675
2401
344
5598
5344
197
2600
1487
286
1143
322
2471
427
815
140
4861
5819
4154
158
42
2817
7741
3989
193
7088
2931
893
4940
3014
1881
329
393
212
8827
450
4155
702
184
942
1702
761
853
426
5139
354
1988
2821
826
2175
1096
420
164
633
4583
1108
2764
1300
5904
811
584
4976
3862
270
2268
2793
68
2447
1899
9053
13170
3387
7982
1011
7471
694
3214
55
475
2482
3159
774
3035
40
2773
145
2116
991
1127
1420
2402
1458
1715
8195
3800
686
6417
1375
947
422
2826
1341
2727
98
317
747
3608
399
1745
3881
256
11170
4433
508
533
1858
1060
814
4581
969
4876
1489
3151
150
3296
2021
367
3034
3910
315
62
12761
843
990
3276
1197
419
1225
4523
4017
1912
1548
2215
468
1014
616
399
314
6680
3280
392
16
1853
2079
2206
89
1620
1095
4092
1878
3966
1133
8287
1122
2991
422
5507
1089
2201
1421
3398
833
945
2138
3404
1021
11365
4176
902
578
696
2263
268
2577
773
3831
1273
1455
3758
3418
1679
1703
212
4962
376
3116
2271
2290
2455
897
250
2522
513
4446
3772
23
6451
78
602
2288
89
1027
420
804
2181
7351
2826
350
1090
2386
1801
928
2850
2240
1125
1479
840
651
1102
2659
3718
734
5501
220
441
5871
4388
6250
1083
1158
1071
4761
262
224
1261
1594
179
3430
901
3267
3514
1320
11971
302
174
7156
1578
4416
109
701
319
2982
664
32
247
2323
4550
1661
2360
3050
1679
2399
1527
4523
6367
837
1149
624
1211
113
3012
1930
4665
2379
806
616
3897
215
1731
3904
115
424
1035
2616
8011
335
6826
827
79
2097
2465
2969
658
2779
29
62
4191
452
1522
2223
909
405
5425
2851
395
1980
226
5502
80
2057
2177
143
762
9117
311
1531
5424
816
1246
2757
236
504
3690
101
753
1946
1986
356
103
601
2887
1791
1169
2407
504
208
5862
649
475
1493
8094
987
1371
980
547
1301
5320
3650
372
2197
4135
2513
1001
1958
1526
1648
5406
64
635
831
6204
1254
4067
1472
377
1930
3
1753
8832
173
313
1425
3704
2351
4383
863
390
3258
1769
795
1202
3051
2994
929
6266
1800
414
4590
1025
1602
8194
2273
2055
6678
6127
2640
2442
350
4280
2228
933
2782
532
1431
244
352
2119
1614
949
2283
553
291
8336
7292
449
28
6482
1453
1658
2224
1388
1431
1127
3803
1497
345
2739
5741
1683
5724
5987
1951
349
5663
411
693
68
1879
1039
3295
648
3537
563
5851
5069
1077
2084
1090
584
892
2546
965
1938
1336
1442
2974
5666
283
7676
3621
176
6754
1946
407
289
2021
1856
232
3017
2746
6176
1397
1784
1555
766
2
893
4880
6018
2853
375
4105
465
1584
11524
1072
103
3359
4244
108
136
1435
705
1286
1025
315
2690
186
9647
727
282
6222
8098
420
684
1669
53
589
2877
3153
2488
98
4714
2891
2566
4099
2604
3913
3197
1618
2636
908
4423
1920
923
389
3088
1215
224
2229
843
3351
413
3586
9880
753
5361
7996
2175
1083
238
534
155
3242
4083
8605
2530
917
3113
1359
706
1854
255
2698
344
1272
280
230
651
7039
457
1529
289
1733
3855
4347
2947
4520
3759
5654
1035
365
886
70
2268
774
235
4934
398
1577
632
60
1680
2104
97
1803
1735
6929
2687
2761
314
38
379
1202
217
3873
835
545
157
1032
1033
1765
3969
305
2443
7883
2877
6360
224
191
4138
325
500
1074
9877
318
487
103
1251
5395
146
3941
1609
169
1433
969
396
4429
444
1956
2776
1120
4991
99
1335
7127
66
4742
447
8102
1315
853
3668
30
636
779
1399
714
3245
835
396
7112
1486
3351
202
1029
3088
908
3337
2991
2391
2236
3053
1975
2874
718
552
4368
2369
1715
2465
538
5803
832
4319
2224
901
4705
6759
2050
653
787
2808
5382
3465
4705
1994
4287
1551
7420
5
2945
3030
2202
1289
1911
2284
1488
3003
2126
539
1772
931
2621
1427
121
4006
386
1282
11467
2495
2751
539
1567
4354
629
1083
945
2088
500
1471
1755
171
2852
202
12846
267
1400
779
7050
3077
4239
939
229
2506
212
4347
989
1384
749
1881
367
2781
677
298
3600
2236
477
1158
1703
2242
2635
4643
12039
5972
1241
3822
1749
4211
1325
530
2344
1230
4397
2276
1390
245
2440
2618
12
455
2983
16134
10814
2664
1400
6209
2355
6947
415
371
131
4204
1250
599
745
1351
686
1860
2149
6957
2947
1789
4145
1003
1624
3842
116
114
2115
2131
491
7327
4624
153
2325
208
3546
2438
3663
902
1994
651
3031
3541
3153
2440
8349
4711
5010
1616
3789
1500
747
1933
139
6329
1589
2522
578
146
1181
554
5125
2587
1059
1996
7097
3567
4454
6838
2122
3328
741
4286
8391
925
2488
823
2593
3812
164
620
1060
215
2652
5678
2031
1151
810
369
2593
6193
3626
425
2432
149
166
4631
477
740
4635
277
1222
3108
1176
468
360
17
980
6730
1806
556
333
3
1073
505
2837
5834
957
411
85
2993
453
2348
2983
1068
1175
549
1109
2484
164
415
3857
4228
4789
795
860
1375
254
2707
1988
492
4674
6502
2299
747
2733
2452
13549
11
286
1523
140
5754
2769
5698
8253
6807
3104
1139
2672
41
2151
2791
207
1412
1726
729
6404
2929
487
3442
3846
2811
946
3186
140
2694
600
2055
315
757
2427
705
111
2735
646
3246
3381
665
4057
4118
1370
2598
9560
681
973
2702
91
1238
6252
449
3738
1808
2072
111
2792
1935
93
687
412
1385
456
1300
5362
1101
3440
2958
4213
413
1218
185
7190
6503
528
1033
257
3133
3365
2556
429
149
117
679
6747
394
3572
283
483
3822
2684
859
155
2551
4314
3953
6015
2091
924
670
1227
1031
1540
9038
898
2969
3626
168
1906
838
185
6236
2889
3912
1814
290
1336
3831
2316
1827
777
9742
2455
1236
302
4718
1792
1326
640
603
6088
1855
817
529
887
1742
1552
1671
232
530
1172
1034
3449
9998
1086
687
3514
2267
438
412
1189
7307
2525
1384
2675
346
1694
1147
3289
241
3965
787
1444
1603
4211
982
2305
285
1394
2675
1134
4490
8525
1296
4755
78
494
753
1923
9142
9397
5
1093
1074
1096
6302
490
2678
391
3352
5061
2985
5785
1243
7102
1070
2642
514
1254
801
281
722
127
1314
2093
2965
1733
507
1481
351
3089
470
3258
363
2411
3009
3212
384
3269
3973
2804
2624
12848
3399
10668
438
3248
229
514
7542
5066
1383
1300
71
672
2127
821
212
3024
4054
3248
674
2465
3071
3006
2693
762
791
2938
3759
255
178
49
1159
115
3464
9613
4360
2033
1070
2566
1286
1000
3882
1916
557
1945
17
1661
139
3707
46
5860
565
2429
505
11
2215
5181
2519
1820
672
1981
4249
3748
5971
781
645
404
1224
1402
1005
1397
4578
120
6832
1660
13761
2305
392
186
6432
1003
3647
3225
2518
636
2918
358
3959
4579
3499
4904
1890
739
255
687
843
1243
2384
494
5797
3696
724
1123
1335
5595
2394
1121
2239
244
690
1462
793
332
4609
1565
4845
4557
3180
2261
301
4748
1933
1301
755
2864
698
1703
1640
2009
309
4179
165
1723
108
4880
1848
1323
932
3394
2926
69
12586
693
583
55
704
8022
92
351
3111
416
4174
1418
1651
1633
526
2108
994
4535
3585
42
4184
5137
1375
613
1688
502
116
1376
4014
2627
3521
3315
251
7203
1492
1482
2428
2223
2940
445
760
3922
3040
2788
2497
3301
8991
135
198
3286
1381
2489
1480
2080
980
4414
3339
743
889
526
3
183
1787
5291
1291
3571
1460
1862
745
459
2225
82
987
1466
2976
570
6867
339
992
1284
3510
11411
457
1926
14
3247
539
13
868
6519
3011
1261
1372
7441
1393
505
100
1540
1439
4327
707
676
4949
622
568
650
1638
15
469
1686
4038
1905
736
1381
7678
4364
589
1429
111
2098
2746
2976
336
380
1767
1154
3108
2679
183
1701
2218
1361
2018
1505
1696
4860
61
952
1310
390
1346
1152
1235
38
2104
49
3647
597
840
54
2224
3985
207
234
7242
3119
136
3757
598
3236
693
1155
468
3918
1594
1776
4212
4937
744
712
633
1913
2229
4891
2401
1852
2422
641
3663
1917
831
874
3503
4366
4576
589
1861
4142
877
1219
3137
110
3187
878
7728
469
1098
1042
1910
320
281
1379
648
6597
858
3673
1650
4035
349
896
4786
4863
3252
5425
565
1405
398
2239
1711
182
2157
6652
530
134
1182
77
92
52
2498
2528
1289
2445
477
774
2247
1917
665
1234
2705
4665
5486
2261
2768
2288
7151
3095
4241
2151
1510
2847
1983
2543
127
1150
1780
499
196
358
2936
4723
2816
3489
1531
7183
4730
63
571
1533
13626
4463
1941
2658
1396
153
7577
528
6302
91
698
1266
997
4174
2192
1389
3965
1188
1877
927
3900
6320
8559
1560
2476
3807
215
4905
1570
3014
2434
1193
3064
6926
600
722
454
1886
3009
992
2038
2111
1689
2566
4081
918
5102
405
2477
2941
33
213
598
475
2639
4859
258
539
484
1915
536
6054
4607
2997
1292
2516
1192
876
3701
1042
46
1204
5721
371
1910
2526
1193
277
1874
2488
1279
2006
2653
183
980
6469
2477
519
431
1903
3138
99
133
378
918
14809
4184
533
2497
2331
2974
418
870
671
3987
1527
206
826
2460
2204
122
3476
355
482
474
3844
15
1843
744
9068
85
1022
2177
5681
972
3045
2523
10488
1105
582
5537
596
2159
2787
75
5900
414
253
7445
2646
10179
1846
232
6398
821
2340
285
836
152
1159
4715
864
610
2882
27
1959
151
1279
1613
745
2770
1286
4977
442
1194
4122
5880
1847
1772
2541
2101
1264
858
2922
1743
630
2270
2685
2554
843
5196
771
1289
1328
466
442
3210
695
3701
3015
2505
1283
476
4071
4594
5259
1214
3705
902
2185
332
2910
3562
3086
1139
1696
3724
3842
2218
3698
6676
714
1126
881
20
1300
2045
456
545
4092
1949
4429
1391
3918
1536
3125
1562
2750
2859
157
259
2122
5699
152
4967
4214
1099
2283
3329
634
1428
258
1868
3411
1559
1122
876
864
1259
350
1494
708
11967
922
6783
605
2107
4595
1039
506
11338
1603
1237
233
5536
3571
547
1169
488
5425
4347
3611
762
4357
2609
1010
885
1505
1094
108
3990
1406
1876
6675
661
1699
782
39
2870
1777
3906
1804
4036
4109
3848
800
3256
1133
572
3127
9101
4559
1319
1703
282
8339
2432
2671
1965
11401
1966
3620
6203
104
823
1566
2913
5413
1640
30
4317
119
342
1375
99
653
1012
2259
1597
967
1281
988
6381
233
1996
2492
1361
1293
716
2039
384
727
1922
422
3398
1411
5108
7194
1083
350
1093
2367
1054
1261
514
3306
626
1503
1496
4720
3264
473
17
3256
2099
210
2297
2302
803
470
406
463
2646
113
3519
6507
3481
1673
663
610
972
2674
1919
1097
250
1197
1763
252
210
3823
3196
422
932
1536
1129
3151
2160
4279
2273
1508
939
658
1348
8027
777
558
3855
4314
70
557
2837
2102
5889
3462
14447
1741
456
2243
4732
924
2032
167
147
3
7447
2734
4296
2147
996
961
469
244
5290
7432
935
2658
2243
12
3794
6269
5762
1867
219
1523
4005
195
1015
3677
5783
2448
6201
385
354
2836
144
1950
5774
7835
259
2519
458
637
1375
1042
8922
3331
3165
72
3100
3438
1469
3431
9023
728
423
4416
9253
1905
1170
593
921
7057
1673
519
1029
139
5385
2155
715
6583
2146
2547
554
3536
1650
180
1506
504
8864
3257
2506
132
1171
1992
2725
945
5330
786
266
1065
1212
764
3917
2385
1717
1548
1477
188
306
1671
1036
6571
299
3299
2145
736
1995
185
8193
2521
713
1
1136
248
4928
899
800
4130
1160
996
1260
2980
510
654
1928
955
145
682
454
867
36
416
208
3015
1826
2093
6130
4967
2344
182
301
2843
450
3728
1134
1680
9132
2836
159
1313
2760
5031
1513
1485
4051
489
3322
4738
4589
2665
4550
1986
426
2271
2664
3483
4778
588
48
3707
4040
3538
3249
861
1760
698
4857
2985
1421
682
1557
3313
933
5791
680
124
50
497
129
572
680
1033
613
1761
2205
4199
3381
4178
4756
150
2799
1339
1305
149
1523
3439
3688
1405
1219
2783
1487
397
1578
1838
138
2452
2532
425
7751
49
186
5412
419
7216
2122
919
25
9430
1846
1798
4374
953
2429
677
557
2688
2272
3745
3922
3748
918
4284
326
1166
1256
2934
1772
97
185
7149
809
2991
881
526
1037
1380
527
1194
2550
3034
1419
256
5780
3408
3726
2633
3185
368
1188
1690
1300
1000
124
1869
306
219
3301
445
4428
1487
2377
838
644
1541
1366
279
735
30
2809
4128
261
3546
668
1583
1623
490
1085
191
1370
759
648
434
435
6407
852
895
2563
3863
2236
22
1047
4376
2409
1220
2441
7045
1638
1771
3351
824
492
4177
3500
1631
1602
805
1285
1429
1407
741
3383
6684
2063
1127
565
217
1210
417
426
3974
145
536
2272
763
388
2641
1632
5316
5185
7726
6431
3767
1477
2329
4255
120
733
1237
4397
1178
1568
2512
556
384
4705
601
992
497
935
2127
1350
1957
4059
4059
1708
1592
9270
1603
825
7446
2579
545
2253
1838
3149
85
3833
1599
2376
3790
1487
2563
1987
1515
891
1208
1062
1998
1093
10028
976
8149
9
1228
2601
2056
1697
7865
7766
67
966
3285
110
1828
758
2603
608
6026
1295
6117
1118
3338
1624
892
1937
4775
6143
2567
177
1950
7524
863
5560
2397
1780
126
854
407
3995
24
1348
3650
3359
512
244
2642
2762
6023
38
1427
4033
26
2122
726
586
1796
69
432
5666
4903
824
651
680
815
3446
739
1412
1251
271
84
2694
6274
991
133
2723
162
3688
490
1408
2125
1490
2379
4421
43
183
2359
6228
7270
2363
84
1756
4490
3776
5049
407
2605
1654
2226
148
631
10669
2370
359
2682
525
561
4101
2842
2411
383
1586
2906
1987
221
1993
1433
474
616
1970
526
258
7623
1107
4799
6317
3445
4002
1691
4026
3833
3259
5666
1261
632
1478
1928
2983
8570
587
1668
7634
2799
3065
1154
2643
2132
872
53
533
44
4899
1168
4142
307
1650
2599
1543
696
2886
1059
735
918
1071
315
1601
3662
3046
5081
2361
1467
2018
6310
1140
1108
1745
3791
1634
1080
1198
312
1440
7273
7635
864
475
673
6
617
158
808
3446
3871
418
1219
6146
1456
2350
2431
844
34
5333
794
1725
2050
230
2936
14
3651
10948
1084
3190
705
15
184
7126
1295
4559
3181
4200
2707
2002
571
5239
3003
2308
591
3605
301
610
2731
2332
714
1215
691
3708
377
209
1204
601
7415
1630
4574
272
164
997
3847
34
3106
336
2839
254
1203
937
928
1530
8624
1139
4979
2243
952
1455
1075
357
473
938
1085
1701
2361
280
2828
1277
2793
1695
107
4592
3432
242
216
207
734
81
1835
7583
1692
10323
1811
665
878
4745
1452
4344
4174
3051
3068
1980
5039
1095
1404
128
1103
1922
2929
1020
2398
1196
2361
874
350
775
1933
626
1810
4465
765
3943
1546
119
1102
2640
403
2833
4862
880
5371
1636
437
4506
3262
1584
109
47
8743
380
1327
3413
628
446
1245
9135
2247
1170
1158
226
2664
537
2351
743
1791
6545
2934
3901
8
217
577
5492
5684
872
7542
8616
792
1100
991
3172
1549
245
22
5667
558
1390
2971
836
24
2642
1
4384
389
1189
1060
2385
479
1819
1328
5599
3460
330
1460
1083
77
3588
4028
1611
280
1541
740
1900
3606
1069
356
1674
380
1550
950
718
1684
2798
3286
1043
5136
458
602
5390
226
8629
657
1067
3691
2087
11
1895
1423
736
6170
55
5302
4563
113
1735
1492
2938
3532
56
693
192
999
406
3062
1010
757
1272
56
805
408
1156
15
2794
1530
9994
2904
825
4693
176
3447
1245
661
2346
12825
44
2112
3149
8637
2143
224
99
2446
1519
5312
3
741
2250
5308
299
4980
86
7457
1312
4112
483
4142
50
132
1663
143
1222
880
1199
39
14
3917
3585
3143
2499
1334
403
1008
523
2535
2554
6648
4431
748
716
5186
1256
3846
2068
2191
922
235
337
4646
504
1739
3080
13
4055
3745
5946
165
4532
430
173
3282
2785
2118
3337
3153
3319
4319
5304
2460
3305
176
291
343
507
310
160
913
2928
10222
706
876
3597
4327
297
3914
554
1827
35
194
4061
2228
228
1455
329
614
6420
71
39
670
3001
4461
3051
4905
932
1175
219
1439
246
135
2014
5872
2886
4185
840
4733
2673
4546
1038
3362
27
1574
1573
218
7786
5182
3902
2670
4015
1718
632
2207
583
1736
1619
1642
43
2091
1164
1567
511
138
1015
108
2000
3108
3819
3314
3128
499
4295
2584
710
230
652
1661
1576
538
1532
696
571
22
1453
4819
150
1663
2491
2810
2713
2141
605
349
773
2736
1872
9916
5331
1493
5104
1527
179
124
320
138
3084
1322
1350
7467
910
3400
155
6104
2803
1531
2149
39
29
732
395
4033
2092
825
3750
3516
2958
1990
671
2197
93
605
3391
4115
7979
1800
11771
1128
4521
3050
124
963
405
1327
1912
480
1342
1338
962
1
140
1108
1477
1321
2051
1661
2775
1038
3778
2848
3038
583
1098
2933
2839
452
2294
1611
9742
5413
3022
3215
450
1576
3550
7232
163
4481
10374
117
1171
1824
127
434
11574
5852
1560
6822
1415
2736
168
773
2377
1151
4467
713
3090
2130
2680
5269
572
152
776
2519
1793
1068
10740
1579
457
3670
685
1939
9547
3692
1946
323
68
6323
1259
3280
1724
421
1492
973
3731
1708
2603
2619
1489
4528
1957
308
475
529
828
1008
3550
3714
2598
69
2
6391
1763
2487
1070
371
3653
553
149
732
27
3794
180
376
2893
986
1093
2326
613
816
437
6226
1892
31
1421
6527
3086
1068
1534
1852
1829
1146
289
807
507
2924
2406
83
289
27
282
633
7666
1873
5461
156
1617
803
4302
1389
1000
7181
1206
3691
8619
712
580
986
789
1166
2042
693
570
1055
4773
2560
4449
1343
1473
1786
951
4440
300
740
1807
3479
2322
1785
1017
4163
3873
6443
7229
5734
10019
