real_Parameters :  sncndn 	 failrate:  25	 Fm:  628.255	 且最后的Fart/Frt:  1.019657865		   Time :  11.479

136
168
103
202
231
361
493
659
331
153
73
399
662
368
262
802
85
33
915
491
1107
504
356
1186
348
192
798
1371
19
648
378
159
548
373
1027
623
169
1147
769
182
259
384
1110
93
912
1729
765
360
185
362
227
869
739
70
1162
2255
629
166
79
246
821
1710
277
708
61
384
1972
913
39
176
1521
608
564
520
305
1282
848
648
773
223
1864
214
539
422
517
117
136
2595
233
2124
301
182
196
513
1531
2288
516
27
717
1752
15
457
535
517
3091
377
46
210
150
300
388
244
224
1216
172
8
46
158
3165
481
1131
56
10
715
574
38
255
115
493
384
876
92
316
1515
290
1124
257
232
376
2352
577
422
520
54
351
432
31
420
1057
776
94
452
429
258
1729
632
215
36
257
1541
616
2035
558
2748
431
959
197
684
244
791
962
337
928
201
113
407
1315
737
1687
84
723
270
92
320
1096
366
70
1131
56
1449
181
537
91
115
765
72
352
767
537
130
1142
39
1943
217
931
546
3024
641
255
276
760
209
520
332
366
149
69
731
2258
885
1644
77
2
232
2360
1236
452
624
28
13
594
231
58
122
716
366
821
379
1022
399
584
151
509
1245
30
43
310
200
272
216
635
974
1771
10
1797
75
193
803
165
120
245
931
264
335
1497
295
1680
1960
1532
891
1023
258
514
261
258
523
195
870
132
345
180
131
264
130
64
1463
229
1433
225
2638
929
989
53
584
612
2272
478
762
49
16
110
1110
409
107
365
219
52
405
2856
1230
75
192
412
416
160
115
577
2011
97
397
585
229
1125
443
80
676
71
2525
3199
172
1250
1211
686
1195
138
472
158
567
1067
695
601
1176
1827
128
598
1
69
1529
208
270
323
950
255
2236
120
969
179
21
2031
3047
75
1374
578
1753
769
1093
327
782
1488
2629
84
837
377
366
357
316
91
52
33
163
30
24
1301
41
853
107
173
73
663
257
29
340
144
2424
1574
76
608
672
1045
1367
462
415
406
149
150
1946
75
576
430
1211
626
1082
1079
725
376
1560
1944
561
571
258
85
103
460
40
310
1329
2865
322
1045
818
482
315
151
1534
190
339
372
180
157
99
1653
1201
94
120
1266
958
307
219
195
39
320
1084
785
245
589
568
319
183
195
225
1135
39
1564
1877
347
1291
162
129
52
87
161
546
1088
364
475
3324
130
302
208
334
1684
620
1322
144
148
1229
736
251
468
1606
605
944
2273
11
626
361
130
1398
112
1016
195
72
1720
1626
234
62
120
622
67
534
286
3
722
506
145
918
1152
528
321
261
820
254
587
798
906
968
120
1724
784
473
94
223
717
949
64
557
1542
534
543
2046
520
435
76
408
95
134
321
513
1483
70
719
1189
1078
697
327
2971
1436
206
1461
989
1028
606
1022
805
1027
609
384
445
368
532
194
193
347
143
91
1473
246
999
489
207
168
1637
1046
1030
383
1369
822
2331
382
175
363
1060
39
1000
420
1625
824
480
636
170
1328
69
110
1686
1189
87
890
576
1622
1196
2169
20
1475
146
492
2172
82
1
283
323
437
122
413
46
3
88
1050
22
768
822
1004
240
390
129
551
1251
134
1271
1084
714
325
676
89
231
307
787
95
60
113
139
657
503
19
874
289
601
1423
195
390
1368
512
390
688
1005
700
140
13
756
623
560
378
513
1996
113
1671
621
147
562
416
7
874
945
424
661
977
573
304
833
509
606
397
741
699
1163
2001
182
748
450
407
1410
164
598
345
510
332
249
111
541
928
3959
1476
420
233
838
406
3009
322
25
371
429
486
322
1116
680
39
240
710
2903
612
12
494
1032
1019
654
64
631
9
1492
103
667
1008
512
2637
1071
1814
58
928
508
76
762
320
893
28
2243
52
142
172
804
177
2215
313
330
2360
346
1390
814
735
177
658
1519
1331
447
75
183
181
304
82
620
742
594
72
142
457
1182
115
376
724
47
146
569
103
310
39
179
392
976
34
798
21
635
713
629
12
401
46
451
794
214
47
22
715
115
786
1094
26
978
703
117
709
83
242
49
2094
281
890
1814
371
1314
16
6
1210
353
441
544
3029
60
996
81
403
449
3192
83
1525
1065
94
742
1016
258
1225
520
1840
750
297
2119
230
120
195
617
1116
886
85
455
218
2590
331
41
1920
125
1128
861
1068
115
97
100
115
697
590
514
1306
444
386
3
1744
585
852
49
2440
967
370
637
966
76
1455
5
862
863
143
740
328
966
41
8
368
314
1256
1325
299
270
1439
538
198
2267
33
592
2167
943
500
68
113
916
295
1916
775
1329
436
610
41
451
1123
442
228
1307
225
247
57
995
136
193
941
874
335
1019
317
1176
253
970
435
1665
113
863
361
1637
590
12
177
292
82
49
205
1690
671
36
229
712
1715
35
218
159
167
2636
311
188
518
1964
562
486
90
122
24
132
1242
1542
178
153
578
134
218
755
771
453
339
250
527
855
782
125
478
148
365
378
471
195
635
16
88
120
968
2144
27
554
886
530
290
114
191
79
744
1703
165
352
135
467
1204
1765
26
495
240
461
974
833
1053
468
1143
784
578
564
3299
210
127
660
60
2170
202
155
208
373
247
828
287
1019
926
181
144
941
1702
515
117
667
766
553
818
329
741
383
403
107
170
390
183
157
1429
1012
21
56
1144
190
442
72
118
8
294
2263
435
994
1699
388
455
700
339
14
344
565
43
728
464
692
2153
352
2507
714
1823
47
179
1943
58
954
433
93
693
845
69
358
508
291
1259
409
65
429
236
769
1805
1165
1292
701
1308
725
68
350
77
422
150
179
65
245
2186
1501
293
1043
638
303
83
805
91
276
814
420
1841
14
789
309
247
52
465
258
1417
434
105
1225
1186
1460
514
1279
595
46
753
851
121
43
772
2357
2227
177
48
1166
330
88
620
253
1159
877
469
92
1627
167
487
1311
192
74
59
1079
174
164
202
334
19
352
392
32
6
480
1036
188
447
455
326
74
1498
562
2707
858
94
355
659
202
444
573
703
128
1140
2217
233
638
419
1504
875
244
615
1155
165
944
407
203
265
547
177
2917
484
53
4
645
172
143
1418
373
885
865
178
1501
1021
344
309
985
71
880
1916
518
44
2465
640
31
56
421
132
151
2190
284
144
1341
31
3078
696
1115
389
347
1228
131
337
150
178
677
250
369
39
469
137
862
1
435
2005
104
2239
487
28
2211
947
257
324
551
92
1264
1441
853
382
686
217
16
1293
551
667
1315
501
1065
38
50
548
55
246
395
484
189
256
131
1412
544
283
2234
919
1094
260
1661
258
171
230
32
172
138
1041
2467
2562
1
821
117
614
405
139
588
336
1436
164
1654
34
729
296
289
239
1613
70
1509
162
1081
511
27
184
2225
952
918
928
1771
95
950
58
255
2772
453
88
1104
479
497
2286
2565
282
984
705
942
1349
587
60
264
1006
1775
225
157
450
121
1887
309
740
3873
753
721
1221
251
1129
1088
1864
422
1082
667
17
2318
1848
88
327
347
1178
523
439
389
1415
706
1899
33
36
538
371
519
27
163
224
400
637
524
1247
1097
1964
238
654
127
207
705
1201
33
492
400
423
542
96
54
355
315
374
1498
1334
855
544
957
21
412
755
8
104
1028
111
531
437
1781
238
233
203
2124
385
446
867
384
1760
316
646
288
50
75
2423
1987
1349
262
1729
258
3051
4
46
664
1021
83
421
285
532
2487
1048
558
1130
1448
1082
70
128
163
181
802
2
422
2021
24
524
204
937
222
1337
82
1359
650
187
252
812
1085
306
396
138
9
447
165
629
969
1110
1117
3473
926
24
1273
439
443
324
300
152
762
549
845
43
664
149
635
97
956
143
1253
1290
724
195
300
1568
1
222
40
109
740
1065
727
183
924
1030
448
1742
60
1336
221
470
98
327
754
884
672
870
1227
67
46
300
259
622
1189
2055
144
415
708
220
1174
466
36
91
178
176
531
869
609
204
703
845
189
385
975
30
2620
240
216
557
212
969
2382
579
408
35
156
161
768
417
424
886
86
1252
864
1425
580
37
206
1378
1557
2422
1030
335
204
1406
765
59
136
520
540
39
1191
206
307
727
408
1458
1591
246
264
95
524
353
683
81
175
940
629
247
188
1062
717
1834
61
174
91
384
256
737
7
230
242
492
671
239
736
1629
451
397
24
633
101
361
194
1
117
611
2580
652
519
210
37
1146
307
34
913
682
534
1134
179
154
190
53
189
2
48
159
615
461
133
506
61
185
75
797
1438
230
273
191
735
721
582
503
510
454
131
1675
1280
224
153
202
701
970
1807
866
1227
55
268
221
67
151
186
1498
37
361
1080
100
108
140
9
640
1426
4
90
1377
182
1442
875
16
1026
133
596
501
100
915
1485
702
65
828
795
376
152
1505
869
787
222
196
3390
469
223
1108
253
1042
38
742
423
1507
134
406
603
150
1073
86
606
1539
2312
39
154
957
109
631
608
943
2060
1258
194
108
1407
1249
1822
1128
998
179
363
188
550
51
21
71
174
1183
554
172
3415
2
2318
1040
5
24
1060
1144
655
259
219
1756
1260
394
251
746
204
102
199
382
988
1245
1336
162
699
865
860
423
513
964
347
553
1654
1143
249
212
31
536
236
144
535
1420
1382
150
979
478
952
229
114
171
391
94
548
77
181
1421
1477
648
410
170
222
1660
261
256
488
932
2632
977
1461
972
852
397
186
203
1338
395
2737
1607
377
34
2127
903
1109
306
115
2485
45
54
157
2978
377
14
373
297
827
399
1613
59
391
925
258
569
670
116
1098
2639
269
60
2710
280
325
167
1017
51
1177
48
1414
214
196
161
718
237
13
1291
28
708
661
2
64
43
488
461
97
715
613
457
69
103
500
1206
421
820
131
97
606
901
883
820
659
53
404
259
1970
1659
16
37
520
497
260
731
1018
219
184
331
343
83
556
124
166
10
1281
286
1436
278
412
239
1552
598
2432
608
230
642
634
208
45
546
232
2157
334
1138
1369
713
604
15
354
122
1463
1954
649
1164
953
247
980
109
21
1361
529
253
1308
972
781
238
421
1004
222
118
226
516
362
261
335
210
929
292
1688
1045
1420
534
135
803
960
1679
1888
319
761
145
79
248
244
119
1154
142
441
737
569
52
252
60
187
50
335
879
303
461
81
465
1423
361
1665
98
227
552
366
488
165
289
19
223
350
580
1463
407
758
119
414
155
1179
846
108
1141
570
1108
326
180
397
32
702
698
399
190
1885
136
1104
918
1259
143
219
119
462
1288
142
2365
357
4527
521
45
1490
587
400
1154
1143
792
49
196
502
57
1813
661
1733
1010
382
62
942
64
612
1900
318
786
24
552
165
364
328
198
110
293
47
484
1595
2103
363
333
367
2189
674
1061
151
995
896
1143
820
1738
535
516
477
20
602
509
534
800
432
524
166
574
261
536
424
198
22
10
500
440
259
671
1746
1043
1050
1271
995
382
815
825
381
169
406
1414
589
730
495
212
418
621
2320
760
838
828
2223
174
1301
1851
195
364
522
129
511
227
193
14
407
339
518
27
594
126
597
1161
523
561
436
1249
36
1743
1014
923
29
584
421
1811
1258
46
1992
666
276
854
1493
585
2087
1276
468
911
440
2397
411
64
233
92
56
1770
848
1134
1906
201
1023
720
1260
711
330
70
151
319
92
738
202
30
1685
144
538
57
286
687
279
872
3265
120
49
1245
1871
2035
374
817
1221
593
872
1064
521
296
361
168
813
313
613
245
1344
325
427
108
59
813
332
432
81
966
500
1651
961
573
939
349
597
338
635
36
1149
278
828
120
663
667
317
466
784
147
426
555
2137
406
541
717
1659
973
123
1086
1785
622
565
268
1056
249
584
530
626
99
1749
764
400
59
229
186
1277
29
624
684
169
81
713
3
1821
623
661
583
423
730
129
538
62
137
1790
317
11
217
2604
228
194
599
1248
574
4068
333
555
304
34
265
154
174
117
269
2958
742
150
463
2859
554
217
500
71
168
329
24
943
236
67
576
1113
48
1527
662
1112
722
704
109
95
553
1443
137
1639
460
700
593
141
1062
475
1147
893
370
369
411
82
2
1147
249
88
1742
321
313
424
87
2129
928
947
175
1755
119
72
456
535
82
184
184
726
141
346
438
208
282
674
469
228
662
6
235
222
76
751
17
895
37
1073
547
1061
405
541
166
61
533
950
321
467
70
2942
70
603
524
90
145
21
699
83
2000
919
129
445
252
288
104
1220
1418
512
1345
260
221
585
728
6
662
302
532
916
118
935
2
496
259
33
681
263
95
22
741
91
244
247
648
1633
1940
1006
937
94
911
486
1098
23
670
709
610
2599
109
475
583
133
164
65
287
362
199
537
162
521
361
2032
46
97
463
784
276
179
1231
220
796
405
1269
82
782
3811
133
3
931
337
1030
138
1011
945
124
728
472
765
193
713
515
163
92
824
1078
608
994
576
174
104
181
751
240
719
1722
1886
34
149
229
266
733
778
282
526
1239
12
1474
485
934
414
329
1217
13
26
252
890
356
1372
1660
396
946
620
573
985
984
926
193
260
51
185
299
38
241
476
1217
210
395
446
110
180
853
158
1235
1131
16
497
1498
627
38
835
142
26
540
369
638
170
428
2238
779
1827
36
1590
1254
529
137
223
136
267
106
616
12
1870
53
315
680
3528
1248
126
723
20
380
867
21
149
188
53
472
872
515
1433
31
530
224
622
455
528
1418
152
197
1611
321
960
600
569
62
20
104
1573
295
2298
63
1704
139
1452
497
556
825
1786
356
953
90
427
448
601
503
497
241
262
271
608
41
595
688
591
398
101
1767
112
27
391
500
148
279
543
323
374
319
6
326
7
169
2050
1544
109
1562
474
410
1046
237
173
394
488
72
645
623
18
1061
301
2216
772
495
512
381
639
351
305
772
273
32
259
759
606
5
133
938
825
477
1771
291
1287
621
228
365
1489
893
192
245
776
590
369
760
886
776
439
650
545
915
297
796
418
267
12
407
86
631
414
798
361
608
394
403
7
20
135
112
284
1121
374
350
169
1102
1570
709
1039
54
73
85
621
1257
1752
229
143
1659
688
81
131
251
199
59
1753
864
547
191
645
1007
927
140
569
1953
668
2525
514
714
1781
1754
1119
211
5
729
279
996
551
69
260
1416
66
1036
230
301
520
568
147
639
1
70
65
888
209
259
831
758
283
815
785
81
590
609
280
295
833
807
1274
227
217
157
1322
973
331
420
1028
405
121
152
275
1114
338
256
394
301
142
1008
1799
33
183
665
640
151
712
3
158
245
613
796
703
625
176
782
1205
318
187
481
455
82
634
106
797
402
436
2444
179
1124
676
102
654
193
162
1588
341
1087
37
180
448
1515
881
356
661
249
6
2641
473
244
48
128
116
769
35
1164
494
2095
125
166
1604
68
422
42
315
105
2500
21
931
271
249
1247
1294
444
74
365
1313
74
822
1461
482
95
163
523
734
831
1105
612
106
1016
73
99
1458
686
295
300
456
78
209
1130
1256
142
1511
190
41
509
191
174
1713
59
486
377
88
330
375
1185
965
265
274
1745
1988
224
645
3245
646
2521
26
1
30
787
169
286
1461
230
109
1190
1011
284
792
1101
647
34
399
287
990
1514
84
871
656
160
251
654
1210
963
190
1139
63
932
140
55
437
296
666
74
1681
601
2436
569
365
319
87
976
21
373
474
1259
683
1555
714
1618
371
510
110
329
1114
2313
152
42
1709
931
634
451
241
250
383
245
773
480
810
519
74
402
743
452
106
50
735
410
77
96
1122
166
778
183
715
159
2378
200
206
334
402
780
290
2228
31
963
26
539
1
660
51
210
1599
743
1453
19
410
734
553
57
648
228
222
1653
287
780
8
1018
152
222
79
473
882
241
190
5
600
474
142
257
285
630
270
101
1005
213
1004
397
689
20
1020
423
218
1361
1951
27
418
105
601
37
89
2948
34
267
484
212
311
2840
870
621
556
1265
1113
1148
653
509
387
43
375
167
915
56
1
649
955
720
19
202
817
19
450
188
1099
69
333
53
133
49
605
1895
134
97
760
209
211
555
207
928
1263
6
118
29
128
1285
423
54
446
71
554
665
15
3
27
520
101
1619
525
255
172
181
412
364
776
718
613
928
471
209
2669
442
556
145
510
624
148
49
989
103
1456
733
710
309
51
327
2005
299
246
1075
1222
776
3226
528
496
483
1513
482
1195
91
736
13
420
528
406
249
14
152
681
99
321
6
74
432
1514
309
287
399
1040
496
373
316
1394
1847
1376
452
477
268
530
2334
1214
91
289
92
538
203
400
357
429
1092
793
309
73
995
1491
1178
2097
744
349
2006
506
2117
1423
1483
494
4119
598
571
7
1101
567
1026
347
55
69
615
36
577
1
272
15
314
1471
410
821
846
1272
580
9
71
1692
377
888
369
867
308
155
260
560
85
192
1205
216
1218
677
373
1826
475
794
511
454
545
205
426
311
1455
1533
591
1385
158
189
1735
37
355
226
1330
157
11
870
376
1361
193
33
1053
2247
446
256
933
38
426
420
61
6
615
1982
21
14
268
145
177
815
881
43
74
1301
1398
663
493
131
404
129
461
614
2385
705
298
5
15
115
942
677
1197
114
822
311
9
815
99
1687
268
703
101
1107
109
178
511
189
1414
360
129
262
74
2366
465
24
218
21
1114
63
183
855
609
648
361
169
43
680
865
537
325
214
521
514
558
49
1507
175
1460
880
684
44
1134
186
1011
1437
307
758
1310
1362
142
107
749
738
1194
61
606
653
447
774
338
403
352
986
367
96
63
365
389
335
923
487
467
109
1584
1297
82
400
770
805
875
881
371
1182
1257
77
347
70
432
41
142
453
264
736
467
857
35
1217
1033
1441
13
194
535
858
304
659
61
261
982
182
77
358
205
184
305
847
2215
123
812
863
852
514
369
1603
94
31
807
18
881
84
531
178
80
977
1056
123
219
808
2038
1223
1015
327
1188
222
124
209
1443
488
193
64
406
132
4380
591
543
27
583
521
687
118
1051
487
26
73
1515
1
166
75
405
583
555
291
232
400
83
17
183
1229
251
753
853
703
188
3407
558
328
344
733
425
1262
158
82
1170
1231
1245
178
440
103
202
165
284
766
46
120
129
65
1305
118
69
830
1314
670
459
585
484
757
642
607
155
684
1553
421
1213
1876
509
328
214
1414
485
1880
446
222
445
396
1101
186
541
96
403
1169
1494
39
323
247
328
427
16
61
50
148
287
381
153
609
281
670
70
16
177
1180
667
718
1731
1165
957
627
779
263
60
1394
765
2005
200
625
79
374
590
1117
1047
218
279
113
1197
638
892
123
327
11
175
831
1460
49
233
786
1178
836
1014
1147
16
1228
444
550
128
683
36
597
500
663
686
242
24
626
4
239
134
117
306
645
1744
168
557
326
1558
186
1632
781
22
128
410
94
487
587
685
1852
545
195
1118
9
216
49
517
127
406
7
335
56
284
1336
218
193
2140
730
178
406
67
705
21
336
978
211
636
268
15
323
337
1545
289
573
376
366
3376
516
1260
998
62
67
36
371
385
179
1366
1479
521
1983
313
394
48
1273
421
275
369
38
475
5
215
77
478
40
250
79
553
290
607
253
122
1182
322
180
1501
2052
316
437
263
187
512
1019
294
633
65
950
71
1390
831
452
452
560
349
2395
325
804
1173
630
245
330
1331
1473
2493
452
96
355
2903
171
565
1022
139
19
92
319
747
391
771
62
473
46
670
543
440
156
1453
538
96
1293
39
350
213
458
474
301
390
661
532
434
505
1460
837
653
624
175
6
883
680
1084
203
1785
117
2032
270
129
1154
225
260
21
377
438
55
1817
417
110
334
645
212
67
141
2
534
347
206
1098
855
650
1341
34
131
748
2036
811
439
1024
1537
293
15
1398
147
675
39
100
84
672
42
916
33
2666
251
453
714
721
442
163
615
50
594
104
9
1194
179
369
37
280
557
192
505
2385
1647
36
1823
830
197
271
645
269
248
342
157
2578
2128
1539
1165
1576
466
368
136
68
125
397
74
1233
200
919
1122
546
81
164
430
658
845
182
338
1047
668
857
2334
3500
304
278
333
51
472
427
506
708
338
1079
2661
103
1056
517
39
205
514
326
86
963
622
1425
462
765
8
206
31
2820
940
108
319
11
1150
264
2221
493
205
322
1161
1842
674
1293
60
199
8
113
216
599
130
580
42
783
450
183
116
128
152
209
776
1223
235
348
349
735
1
529
2054
1435
930
180
981
23
53
446
1124
594
699
382
177
400
410
1133
170
352
389
345
256
927
1041
259
271
915
345
101
72
2259
2597
552
743
186
121
55
513
117
389
610
3783
538
2219
146
395
348
620
255
162
865
3
597
838
1212
231
28
260
825
691
1394
104
132
452
137
72
912
309
650
196
96
1294
1471
732
299
776
737
324
202
412
328
762
11
482
383
292
117
28
282
935
234
774
455
97
314
189
412
391
2406
372
98
489
802
1817
2006
271
1323
628
674
365
264
443
36
1016
823
837
1799
1848
224
329
1086
1025
269
595
1431
2201
207
67
865
1598
103
239
334
343
65
600
101
575
881
283
672
1777
1122
739
279
938
309
325
395
636
786
1348
106
1204
1257
40
734
269
15
1467
305
740
174
540
216
247
1443
816
78
1
157
230
277
371
1045
93
224
255
464
466
415
2009
2005
85
316
448
1346
563
890
579
361
132
142
144
22
590
103
501
222
49
67
933
2667
74
332
569
109
1205
1051
216
819
264
573
1613
37
253
235
99
1238
956
210
1177
235
163
673
19
850
117
741
275
707
239
313
1103
33
40
210
138
451
294
330
406
117
152
37
2655
282
267
130
1001
682
1389
1692
265
489
563
294
395
76
95
634
830
31
727
129
347
410
288
388
510
312
373
765
128
110
134
683
151
105
728
42
465
785
385
283
431
1699
708
26
789
265
277
831
224
122
1029
887
921
762
788
1785
150
537
475
1100
262
1189
171
726
302
490
93
112
937
1035
156
786
1666
220
699
26
385
734
3
322
311
81
49
40
99
181
136
2867
84
142
1842
498
443
677
370
229
1066
970
1154
408
36
989
387
1271
707
923
1913
23
231
345
860
515
595
34
935
331
397
318
748
1600
1656
1869
311
3693
172
843
1561
63
61
188
1359
49
1069
1173
338
369
616
17
655
1429
324
252
150
775
623
898
254
1397
87
180
790
240
486
1135
673
168
1096
60
219
811
130
1324
528
2021
438
234
421
137
760
1431
475
1026
914
409
339
1251
2718
16
25
363
840
1564
640
663
819
2855
2
310
327
1508
2669
1071
68
135
1482
127
129
121
468
234
113
197
349
1164
2084
69
311
585
140
163
432
145
12
1285
988
326
63
26
352
651
611
2747
44
701
182
47
1581
319
206
15
334
356
293
315
4
325
610
446
472
455
198
190
1373
385
78
1430
257
8
291
428
38
1568
30
1046
236
1114
656
502
273
64
267
407
800
81
651
831
193
1422
417
802
857
767
755
42
204
253
864
992
558
316
2
188
3121
1060
1477
596
779
45
684
1037
237
1120
438
57
2650
134
642
612
1384
115
68
826
854
1453
102
392
27
846
247
290
1580
3
2178
234
564
214
344
384
422
188
1402
1574
182
1520
2244
334
993
1267
1433
812
748
50
345
303
210
826
849
1289
518
218
791
2616
16
414
395
624
585
50
87
1216
2174
369
1259
1459
2247
24
1563
232
649
402
27
883
251
887
265
716
328
331
912
2071
54
724
800
895
154
837
209
215
965
154
742
1707
1056
838
1433
869
1034
238
662
630
221
1509
616
52
14
655
138
822
2344
22
1625
275
412
274
65
1606
501
922
72
594
1226
262
244
2742
722
2648
1
174
158
17
700
210
218
243
353
1769
340
510
67
976
303
922
120
346
322
44
597
725
592
81
22
333
900
2176
992
23
65
495
1330
116
1317
172
253
1996
56
271
808
125
998
462
218
58
218
1906
89
26
1490
84
29
2049
1328
139
798
735
50
705
568
577
2534
530
3052
272
50
120
2152
212
641
372
66
956
985
527
338
177
643
182
68
609
303
1029
511
1273
284
58
2743
339
391
1024
414
426
2043
534
1027
163
1042
524
163
766
647
41
5407
478
323
161
58
778
879
977
3800
286
32
165
786
38
332
846
413
118
752
638
92
350
652
192
255
44
1935
1130
43
623
1873
469
884
1274
48
870
377
79
463
161
1059
706
32
610
298
172
1245
273
2749
750
579
1035
988
1191
9
362
551
736
371
1625
463
194
1069
693
168
661
373
213
79
181
754
517
1401
1614
1597
1857
2642
3067
