real_Parameters :  cel 	 failrate:  25	 Fm:  1014.006	 且最后的Fart/Frt:  0.336649992		   Time :  43.8534

103
166
156
309
453
477
838
890
926
794
634
756
1214
299
679
297
790
1198
62
255
1205
149
1075
1823
2267
2010
374
1678
1016
461
778
91
396
2559
2697
183
807
793
430
38
1578
1507
1048
595
602
668
614
275
124
700
43
1060
1249
1037
142
1358
2021
560
379
1861
1302
1476
2688
3118
780
177
476
51
898
2983
888
1396
173
1361
308
294
1375
222
46
554
1175
3434
668
697
489
1296
1811
58
427
321
160
1949
1428
168
278
817
79
1416
948
1524
1178
1785
408
3459
65
2769
146
644
1177
718
4152
1078
1576
2564
2552
429
30
281
1734
527
116
137
2079
184
526
511
310
443
2171
133
1662
1271
327
665
184
1144
391
1302
3018
267
804
3233
118
1124
33
3290
51
361
1313
3496
606
1022
568
925
3063
53
40
1219
1762
3229
468
2634
164
1584
108
2777
1066
1078
370
2068
1070
1359
1749
288
172
849
100
169
2407
772
1362
1115
1707
460
123
604
503
64
517
1913
543
776
997
694
2426
2585
2303
446
2989
1709
1354
1190
872
228
1191
2157
2410
94
625
1103
429
1131
1575
864
275
1384
51
1527
779
154
2291
287
1780
208
817
503
22
739
833
1904
1164
158
3477
3323
1204
2277
180
985
574
215
994
2743
8301
38
2489
223
860
138
759
104
1309
659
355
2537
3901
771
2173
901
574
1209
401
1820
1586
1035
678
214
1073
968
146
539
145
776
298
1025
247
1514
129
1132
1263
746
4148
444
1013
1666
2104
470
292
1225
240
368
1267
1369
924
46
63
669
290
1888
1387
1587
1004
1732
300
902
452
1629
234
1220
680
564
209
2079
140
1968
780
263
258
1539
2849
213
310
963
335
281
94
166
1501
608
234
778
131
2000
2738
1386
2189
146
115
409
1126
42
1674
898
1538
1540
103
383
563
81
1366
720
980
1177
1670
167
165
2234
667
24
122
657
789
413
223
1201
921
1503
1756
1432
500
351
129
273
923
214
305
1965
1520
330
377
262
939
63
25
172
1356
726
573
1075
592
2616
923
1821
270
744
181
1318
3370
1564
1705
1855
689
1041
1189
360
74
4446
41
960
226
108
5134
47
2738
467
1119
46
53
1368
777
902
687
1780
740
1207
4133
87
481
477
1606
911
242
162
51
1097
276
84
962
1078
1203
104
2905
3224
1056
52
100
280
2620
139
109
673
509
1160
299
668
425
315
248
473
382
584
860
2314
389
1516
21
29
5904
44
896
22
906
2364
138
357
602
221
2150
819
613
877
38
454
105
278
877
998
2054
318
2835
1941
1643
369
41
1187
18
666
509
104
1174
2449
2467
1861
846
2170
772
343
1658
955
934
537
69
443
389
651
795
247
2836
985
1705
194
284
3209
1374
2295
260
145
451
697
3394
1203
1932
101
126
290
1425
169
723
475
2391
407
157
162
3382
1642
1842
1506
406
228
618
1349
458
427
445
260
833
446
1267
1515
432
888
546
1766
31
231
515
2012
812
2728
923
1090
222
29
40
3748
918
3087
159
2339
1062
3776
1760
723
4056
554
250
1959
53
405
4147
1252
562
181
1969
4
186
225
868
3800
571
1769
146
1363
1028
1966
1224
1374
1379
2484
1194
1480
311
80
246
1876
48
406
28
1166
583
1294
80
6502
646
1621
249
113
1382
902
535
34
55
497
507
108
41
86
1292
700
155
1006
1788
1165
1013
1889
231
637
488
2565
934
1976
1036
285
561
1648
152
3432
223
680
2341
839
1354
823
2245
241
1407
241
1097
2681
305
155
423
1528
809
573
2569
2497
1633
5483
214
1648
1259
1715
1551
1416
628
23
477
4041
323
419
407
1602
2081
2239
399
737
712
247
6684
1236
148
831
564
1772
148
4513
211
3299
1451
2240
284
209
1934
1236
1375
44
1000
71
781
908
179
2390
5723
865
3405
1079
457
84
336
311
94
298
653
933
993
219
288
1654
1418
1377
1554
1420
1951
336
812
30
878
429
451
305
11
574
903
1527
704
382
505
1949
598
936
38
1122
45
1291
492
734
415
437
436
3317
545
135
1209
586
711
1541
1283
1275
1780
790
694
1144
1731
732
2188
607
82
425
3059
90
74
310
29
168
212
1910
31
3505
739
1315
1193
1718
851
1213
438
715
737
167
1115
865
12
1654
526
2748
283
712
1554
86
1320
625
941
792
1613
487
1984
337
100
690
204
325
682
216
290
3127
602
826
2875
2009
451
1946
1143
246
687
216
96
1961
857
2882
29
1287
69
2008
235
1638
92
385
1636
668
103
1276
548
760
1135
783
2155
404
2400
627
1524
4697
1050
788
667
437
398
318
2573
356
3098
268
555
1814
287
1206
953
78
2398
189
1269
233
58
313
237
173
608
165
850
916
1171
87
1212
565
109
368
638
787
3793
1182
1608
1659
837
2018
209
568
1054
33
1841
1043
924
982
68
99
730
363
726
1063
1758
3305
3695
1378
1499
731
1808
1555
1181
1414
3007
672
33
4247
877
805
343
1550
1435
990
546
633
185
1002
706
1460
1720
1772
458
1735
515
593
700
178
272
29
300
1176
1844
2156
100
229
2381
772
65
1034
1778
2498
464
651
643
1696
1578
78
1098
437
1327
54
234
1982
834
795
1009
137
142
282
58
162
1060
580
134
251
374
499
16
1376
1303
97
35
716
521
2778
1285
1973
577
1304
358
522
724
833
765
496
1154
5367
217
30
1005
507
549
328
823
776
327
1651
404
2414
23
681
828
1184
696
3813
911
534
3920
69
567
1027
2252
4427
231
466
704
1765
1888
1095
601
1974
89
1181
3811
1088
2
501
105
453
1022
49
684
1759
691
1118
1131
509
2064
669
747
1637
1077
640
159
342
988
111
214
978
1149
2099
1272
97
237
822
164
1017
644
1373
634
377
199
49
297
847
1158
420
558
67
232
5628
1102
302
892
2111
3546
850
56
235
2497
566
466
1208
185
348
33
891
3092
682
2329
1569
2356
1261
2313
586
513
2402
239
1594
559
596
652
54
1039
206
161
2347
4199
380
1031
986
1000
1069
1215
1636
507
877
1877
998
2259
906
224
89
652
304
827
777
627
2273
299
533
1709
2226
2327
2022
1435
653
243
2208
939
746
644
574
2527
1556
159
2254
581
124
512
1777
1982
443
891
106
1415
186
2082
333
201
287
1463
1570
33
1091
166
1720
46
1692
859
114
1411
390
193
6
1477
1330
612
1094
1702
209
1146
201
934
360
3091
195
282
269
723
13
105
250
1298
163
1011
1097
236
932
433
730
1124
1190
26
1188
804
749
329
953
2019
1227
255
125
176
420
1747
449
3193
14
166
299
3066
474
2281
375
1946
637
261
724
1384
995
166
744
170
242
221
2628
749
421
535
589
4562
2449
174
726
1787
475
602
105
873
297
588
353
313
813
2442
425
305
560
1345
1530
2330
545
259
2846
2525
676
1096
685
158
1020
282
1774
775
810
892
169
644
1171
1306
259
1679
316
739
639
1060
105
4276
1521
191
6
2094
463
384
229
514
1825
1360
379
1431
125
2172
1055
1927
65
1231
449
980
7
1161
1703
231
732
1879
361
191
107
280
553
2437
48
96
243
172
118
1176
334
1119
783
613
235
579
4566
411
133
78
1339
2
319
669
914
942
1317
2779
1718
1194
775
604
654
692
1089
1480
141
1380
1290
2577
1202
764
457
967
248
3329
250
669
1960
310
1905
49
2507
62
417
718
387
1120
340
1240
616
295
1242
959
1453
312
495
357
1057
556
489
302
2827
21
195
1868
388
299
235
37
949
216
2162
475
50
2318
176
218
1606
199
347
317
187
1075
2491
368
1851
106
854
2238
3541
926
967
3315
157
2582
230
880
1023
1129
329
463
10
1832
748
1144
60
432
2085
1603
215
2049
111
309
413
710
2531
306
183
498
1468
92
2474
1057
1178
151
578
745
95
795
1599
561
683
1087
253
461
1032
70
2267
194
910
1834
1853
437
245
109
227
186
1826
69
504
1409
417
87
3336
404
1283
501
1002
861
579
812
255
12
807
2884
895
21
598
379
5956
267
32
461
133
1751
155
1807
160
896
32
1376
306
48
322
348
1431
499
437
1288
232
1020
1358
362
604
1376
959
365
2125
1551
425
180
724
2790
318
324
987
716
1784
2631
314
22
2667
215
73
1488
469
56
60
157
664
844
845
423
201
834
1366
1858
384
201
837
64
695
1186
1276
582
418
109
30
695
822
3164
1897
318
204
769
79
406
233
1376
1363
1937
1452
1280
407
706
1305
2944
901
1181
1323
36
879
2981
896
882
230
381
1185
1791
136
405
1542
1009
1106
551
69
268
346
737
5174
1204
796
44
206
4478
1897
1242
529
2341
700
1067
2420
851
746
774
492
52
368
874
634
1471
309
370
2294
13
1676
165
521
538
1262
1236
699
2611
123
344
426
1042
768
338
1146
110
356
1876
237
27
2004
231
465
75
1483
1353
120
1912
196
1398
385
95
1168
767
1000
720
1419
1407
1005
1310
400
1019
282
762
17
1825
23
42
30
559
853
1999
4325
1127
3009
315
1370
1367
602
4338
608
1078
89
1544
346
278
877
20
319
679
523
339
185
1491
37
465
1721
2141
1442
449
1213
4290
545
1102
587
854
299
757
1434
1887
620
1576
597
886
205
78
627
128
3134
2912
3584
806
309
3092
1902
1344
2893
88
4304
106
345
446
533
448
3375
6
979
1223
3951
1267
215
2652
1599
570
192
2293
1260
4146
113
799
64
702
260
1223
2690
725
81
2874
491
12
5796
555
5507
1321
1690
2648
442
2790
1702
2056
562
486
687
652
229
5176
1533
1429
2451
5652
508
789
259
675
109
2252
1872
3281
636
836
895
2805
277
16
104
1028
598
978
397
863
1351
311
1017
462
329
3611
1252
154
219
492
240
1238
2721
1257
762
98
891
2178
377
423
142
573
2653
518
174
2314
579
1701
866
2055
380
381
206
966
162
653
604
302
1180
826
1903
384
120
189
631
1327
200
886
1618
2096
1173
1541
238
294
650
829
11
2910
470
380
1007
828
249
52
1849
218
1697
434
47
3004
33
843
151
10
263
865
127
176
255
335
22
1554
574
1467
145
666
633
1687
1222
684
73
64
1647
1139
2705
1145
3885
118
1811
463
659
1106
138
2220
489
410
521
1104
2275
48
292
55
383
1223
32
1456
298
2191
530
809
306
303
550
449
940
514
895
969
63
2509
4835
697
1423
707
3880
27
261
62
575
467
553
11
293
4690
921
1081
290
142
406
922
1668
31
2222
1092
1948
1853
1638
731
110
3753
810
803
82
349
2564
1386
415
1928
2191
116
668
2251
507
642
1198
271
30
597
1686
383
484
440
121
315
2059
264
11
1612
431
2744
1362
894
1300
12
950
86
183
474
559
530
596
43
1247
3580
1407
427
752
1170
4046
2009
2565
115
466
994
131
885
7814
178
1489
64
2025
411
1922
1546
94
379
1084
773
1321
530
1087
1083
1884
4123
313
683
1152
1476
1156
155
347
1462
253
1309
192
457
405
362
649
2703
3009
1139
199
987
525
3845
977
315
955
51
142
361
189
233
1422
848
46
672
2189
1075
489
84
100
460
542
543
4286
358
2706
2900
1945
624
2515
584
2834
131
1460
2000
2340
1477
608
1004
260
220
1182
2509
72
695
1192
1518
67
385
2970
522
1314
294
86
103
1989
1188
842
2089
527
1184
1660
939
715
2751
114
648
128
2744
197
843
922
1983
1020
39
1527
5058
208
388
475
1075
149
1618
1372
419
1576
686
292
1935
241
102
755
323
740
230
541
1080
514
246
145
1349
1292
1189
2848
257
714
1734
929
3411
5088
611
109
277
320
702
84
665
485
2680
506
599
801
91
1474
3449
388
64
324
578
594
1450
242
2433
1852
316
2614
2252
62
368
404
559
449
1475
391
42
248
1682
1680
170
1274
1083
1187
520
33
705
1159
1179
212
1897
65
548
1343
2666
116
598
982
203
245
629
1511
418
68
731
504
654
355
1160
692
1311
1708
470
551
2665
31
228
765
616
216
261
3195
431
452
1445
335
1486
750
365
2006
869
480
964
241
2022
1499
445
797
1120
188
877
939
564
196
4349
791
746
420
1456
867
474
1380
248
2019
913
1182
339
614
845
1850
83
600
901
747
263
1700
937
1138
35
567
1538
834
308
196
2668
69
947
1565
248
683
316
463
1772
148
3074
593
429
1029
1044
415
215
1757
229
1432
387
2710
960
1750
2037
2271
468
1042
4155
48
1038
4850
213
116
364
2687
758
1966
115
619
224
716
1101
1207
470
2556
759
892
865
1433
288
1778
1480
3182
1350
1421
755
3761
2004
261
288
430
141
280
570
590
81
62
180
1838
2251
1308
745
71
2161
3890
351
462
194
2290
327
1728
686
942
890
312
1659
2159
3135
2025
354
728
95
1531
4380
178
1698
34
815
477
486
957
343
530
1414
97
3959
1332
196
1391
240
587
1526
647
1954
3428
452
2058
496
622
54
985
819
1971
233
1837
360
4204
127
504
173
1409
593
321
361
207
1102
100
2802
569
839
1260
1140
130
546
286
396
101
179
1971
1129
29
6261
404
3064
128
817
1709
1254
2411
467
1271
1352
63
704
113
310
1522
945
2549
1850
111
2165
436
788
1783
2969
992
455
1115
2049
128
60
424
371
270
287
763
151
3
535
828
876
166
1366
276
112
521
60
387
44
205
1025
130
203
310
67
592
343
378
2498
5
1401
3506
290
849
5250
59
829
2653
16
1105
2978
956
169
3064
1122
674
4680
1836
1168
1872
1102
2006
580
1749
769
2276
1088
700
89
190
909
2743
1629
1118
1918
341
1816
207
443
1606
34
1131
19
1384
1930
546
1165
173
525
745
936
1619
1198
77
42
695
440
818
558
503
1974
310
280
587
161
421
1416
236
2208
246
297
1688
355
137
532
459
336
583
1048
2555
101
1748
1479
275
105
196
66
854
406
88
393
633
2376
4496
3519
1572
538
2017
50
848
736
1247
113
2549
3222
102
220
342
389
2317
886
337
404
409
2082
945
8
2386
2138
763
301
825
242
640
123
1109
556
5181
2379
802
2190
3609
19
1440
1042
956
937
512
645
748
3179
98
103
1280
268
329
644
288
436
524
140
130
1774
1876
1019
615
306
533
1053
127
624
2020
53
323
789
1536
340
1380
124
270
526
628
637
247
147
815
224
37
1036
3273
3062
530
2224
78
174
971
598
1483
72
346
242
1432
1032
450
595
199
1495
481
463
2166
1489
1636
1236
971
545
1335
3749
48
1004
64
297
807
812
46
1751
3820
764
6
922
923
26
29
384
1576
255
685
2498
205
101
5488
3483
214
397
234
1527
731
3115
162
88
481
432
74
1085
666
1680
76
1125
200
313
356
820
358
219
263
173
1266
1204
6731
223
842
3062
158
2006
941
1481
467
1037
1054
236
353
2944
518
154
1368
881
2036
2031
104
1409
1628
757
865
1840
266
203
1031
1197
219
305
1066
279
648
351
1029
16
1242
631
324
1325
1918
561
909
284
4408
59
1135
828
8
829
1359
788
550
1560
3316
219
418
3993
668
55
888
2559
1936
1376
623
202
2261
3416
607
1277
468
230
2752
252
426
1146
468
243
805
459
2382
3899
789
2650
867
1602
119
571
1289
410
65
2
2923
237
418
1349
210
891
1172
2258
2181
191
1735
1075
258
1330
4938
662
3215
156
121
49
2177
1435
1745
257
435
1234
513
2146
1184
1
101
826
356
433
1397
2293
861
3
252
1308
1964
429
405
4659
395
1984
287
2024
1296
315
225
1353
1476
394
924
1420
1045
1319
3747
903
442
1291
428
1890
100
256
937
651
1039
1436
199
1600
129
889
1534
641
288
138
183
285
92
1450
2266
59
112
988
1003
43
1876
426
462
314
2148
2218
2020
865
445
2265
622
744
101
2742
353
1760
2439
202
509
494
4
633
2299
1195
758
95
823
2432
1516
918
756
175
129
134
16
608
896
791
726
220
435
426
1208
1071
1346
237
121
1141
1626
93
597
631
127
805
7
665
886
730
1271
941
31
3154
503
488
633
1369
127
467
1482
350
161
1941
166
99
730
965
1579
550
157
571
1249
968
262
2215
887
388
1623
175
248
2044
411
2031
477
434
129
625
233
220
497
1062
847
227
519
1106
289
2354
532
236
265
1044
605
839
144
629
598
783
472
1572
1299
391
220
750
830
1724
110
1742
3291
124
4034
72
1921
2039
113
111
23
666
1412
638
389
445
195
654
427
686
1570
371
283
93
655
352
577
620
534
605
296
267
2324
1221
3711
224
948
16
900
1073
420
2411
461
325
1203
20
259
408
104
906
1869
874
455
124
931
310
1151
611
338
283
773
1039
351
1455
190
984
1920
265
1221
1558
1363
510
155
1919
1254
990
320
1725
138
1041
275
1699
40
2102
48
1088
1875
806
726
141
975
2173
302
307
783
7836
1591
3272
52
1152
294
2401
575
542
511
239
883
892
765
184
1049
940
1476
1477
219
1312
614
2683
15
1091
1723
366
1695
919
1226
500
1005
2507
64
2164
133
381
3276
4527
449
1513
871
580
88
1087
474
369
253
2659
4011
189
1249
229
79
47
190
97
1425
860
447
5387
204
2831
171
307
157
1983
784
561
673
1220
2740
3347
5196
2823
693
74
509
219
528
1410
558
93
22
5
474
866
1140
848
814
442
1904
1240
2822
577
2776
1340
3348
681
370
1991
3379
1681
1271
349
1002
1532
18
8
519
1123
1422
1658
162
253
711
794
536
621
618
125
4264
396
7857
12
3122
390
832
2538
97
180
31
504
4444
377
174
264
1851
70
2562
414
1549
290
901
122
420
378
559
1407
442
884
476
2395
26
661
90
177
365
2327
3283
368
1361
526
674
54
1992
3210
35
874
592
1277
318
1591
598
1236
1308
3728
1114
211
224
521
1374
435
119
926
2006
2466
1263
1980
145
433
1253
1030
414
59
1308
654
1193
336
48
1262
580
172
1861
1601
782
86
545
938
1106
713
543
2346
1632
587
14
1950
2954
356
720
205
749
50
1499
100
5032
257
57
2078
882
811
570
523
171
304
140
45
639
968
291
1214
2346
784
680
119
1178
167
1270
1205
1581
1745
1678
22
746
3291
1333
1298
753
121
1966
532
780
640
630
2214
489
1000
2358
490
439
1872
4247
280
1275
1752
100
666
380
147
370
198
5259
531
237
228
1211
65
4748
294
817
460
39
1061
3014
269
4232
1195
1394
1378
2574
2909
63
1206
552
3586
1451
835
389
1104
1689
314
289
336
2644
197
92
342
292
82
843
1085
433
259
1091
148
1777
668
485
553
1488
1007
179
463
2832
62
767
373
231
2150
1555
169
623
914
363
801
1138
163
402
1614
951
2951
2785
614
369
871
278
1015
37
148
402
10
350
624
1053
783
2013
1362
57
1813
2056
898
2517
1443
307
872
580
362
738
2227
772
803
2376
26
466
3361
221
2860
4215
308
248
335
1151
2399
336
507
800
1885
887
1655
528
24
2111
1583
930
3452
696
2126
1188
201
2311
33
118
1970
844
406
660
2088
1685
698
831
92
19
1889
1515
696
266
876
1501
528
1798
513
479
735
372
573
871
2523
525
1107
48
1621
1090
102
80
1197
604
381
1484
131
381
790
4219
121
900
514
707
332
392
625
83
1567
628
1752
2219
285
1079
392
72
1053
495
100
5217
2664
903
573
364
57
65
215
1737
464
797
1035
2351
555
700
225
1220
2003
2798
3303
952
134
2217
254
1441
555
2208
960
590
628
59
523
174
3015
111
5637
1207
293
781
787
404
108
787
224
2008
1055
1835
423
694
730
845
199
943
718
1513
283
266
746
340
315
275
444
933
102
269
2055
1109
431
178
54
546
1034
90
986
1309
1006
225
1326
92
549
1672
11
667
5522
3443
1766
15
1449
2168
1144
603
144
342
3301
84
1978
90
2501
2143
164
743
1743
428
1087
1515
102
146
367
1166
1161
19
317
2562
1541
1683
1351
796
2540
162
481
5919
1754
4382
1761
227
72
952
956
181
1081
693
2209
29
2586
560
114
457
700
1363
509
1456
675
521
546
1303
2930
105
2467
2050
1090
1364
196
246
978
348
638
99
709
2019
301
573
933
883
1460
1881
138
883
946
844
1579
1326
2143
502
4708
1283
90
730
1649
81
220
532
619
2441
1394
156
1277
294
1492
29
435
60
329
704
3862
1040
640
179
703
2211
719
509
364
1669
1166
88
269
223
75
283
1713
279
288
64
823
1846
472
3028
1188
764
1050
4197
70
352
659
1365
613
911
2689
6178
1619
3860
775
1377
725
341
626
95
3638
1713
997
586
51
602
639
897
659
1596
4042
1078
136
1108
1106
1052
652
182
266
273
209
1417
1485
581
404
424
2298
3369
404
925
1603
600
328
1707
8
2166
201
1333
56
995
121
1452
1022
2135
614
1588
853
478
858
148
2253
580
95
691
1277
3168
524
863
1635
66
1227
279
380
574
332
1055
1639
489
777
313
390
457
5414
433
2219
21
669
470
4017
829
1000
1252
934
2751
814
7934
754
799
62
29
281
1183
217
1154
943
469
284
455
529
78
185
1405
1382
1522
1119
1794
332
262
1338
784
2379
398
1304
1449
249
791
25
1613
3110
3346
1615
446
42
170
112
76
3670
3044
472
1224
32
876
132
290
2377
1099
804
298
898
579
1035
14
1584
1722
68
759
1750
256
1019
1026
865
583
1106
1816
536
3627
196
1086
474
2353
1704
676
1728
839
1168
928
168
590
1686
260
383
1201
658
104
181
923
483
590
1440
3241
827
79
952
844
458
1929
1024
500
485
1676
1875
1889
604
587
2685
1266
226
549
1914
1239
326
1595
2842
150
3403
317
306
2295
1826
989
1477
5721
50
2108
746
579
543
507
771
1425
63
3987
254
1467
397
1418
93
184
70
187
1229
540
527
1144
70
1816
2647
96
125
2362
58
964
2835
1704
1008
1914
1029
770
14
1169
380
713
4747
1609
2636
175
993
634
2832
294
349
243
444
97
542
463
335
177
1148
649
29
206
171
74
86
452
52
560
323
778
428
880
108
1262
506
219
2011
703
226
942
348
57
289
134
37
1965
1338
525
1709
627
244
66
943
40
301
1155
885
1102
312
567
78
500
1787
587
249
707
884
153
3829
116
596
2623
1146
1183
898
465
4345
1090
371
531
523
1647
806
196
839
1313
8
157
14
160
436
68
1505
849
227
3781
2760
1088
196
58
975
139
176
80
314
2269
905
576
2330
563
391
89
492
525
37
136
1302
2854
301
385
1116
527
1527
39
2393
1005
860
51
266
193
593
1433
1088
758
564
4723
63
232
538
933
52
15
519
1882
2766
300
6
364
799
564
81
637
80
478
532
287
1101
2113
1036
127
2313
68
276
161
227
1366
115
4396
94
14
578
341
939
276
873
461
3022
551
2514
1061
1203
886
905
2341
386
2011
950
714
327
182
598
627
3749
601
5947
2272
1107
385
372
409
638
394
1264
883
50
804
49
3702
28
1605
565
358
329
1999
511
2081
359
801
884
623
383
2059
119
5463
1294
577
2921
1708
686
276
150
4138
520
64
788
5
2464
1060
1879
1124
368
3958
912
977
331
2
1110
830
949
2632
71
1039
1802
573
420
519
2867
898
597
777
147
72
187
1210
1439
324
788
21
509
78
2108
1522
52
193
1158
807
438
365
68
464
1027
1580
1862
1570
366
373
1188
1319
1521
46
3705
2846
558
499
948
92
388
185
784
976
645
445
710
243
241
305
1750
634
842
912
2331
2539
2809
771
497
2652
266
529
395
806
760
437
764
566
147
755
785
521
1979
1082
511
285
1163
869
1500
1111
119
112
324
893
94
1084
493
2370
38
876
2208
547
1597
916
228
891
88
2859
448
1186
364
1014
80
2149
62
163
749
202
492
100
1901
2614
1589
1146
482
989
963
973
1374
71
207
237
83
325
94
2226
476
3173
535
372
587
2188
725
664
42
427
3791
1549
1159
130
6148
833
3178
532
1062
1142
542
1607
1248
12
1190
548
139
531
617
1668
2670
1550
119
37
516
401
412
1655
463
211
240
1561
193
501
280
845
45
1234
257
1182
384
3855
1221
459
683
924
1177
488
1134
1010
469
1775
901
1006
502
501
128
877
1567
189
684
2037
2571
480
232
260
265
152
1278
328
282
2768
2025
2421
1062
568
923
276
35
1471
462
539
326
449
884
685
416
47
287
269
2670
97
130
7099
70
696
1395
117
364
3190
758
208
1740
73
1505
2674
157
1706
636
808
906
395
987
2195
170
914
797
1162
243
3314
397
806
1512
8
302
2505
96
1051
3038
737
288
1190
1022
934
368
439
166
2346
21
5289
1830
154
1100
1859
2562
6
1153
992
1556
380
227
1283
2205
1365
3024
701
1639
558
705
34
67
1608
926
1511
582
610
172
3131
1381
243
115
488
298
446
267
949
547
59
855
122
319
967
530
85
590
1084
2143
1144
236
786
4539
750
713
658
3133
2259
853
386
383
997
1176
543
1071
1970
859
636
319
2516
81
215
1347
400
2298
365
654
431
144
1160
908
117
2268
508
161
728
1420
96
593
209
961
222
221
413
1349
246
65
448
1480
1811
105
1441
110
2801
457
1531
83
1803
1403
1664
1206
185
1921
62
2176
1071
1492
217
1377
649
493
1121
1262
103
969
1043
88
1117
190
795
265
326
480
177
893
333
420
37
557
791
2564
548
3431
625
2529
357
2396
525
435
43
2748
490
2031
102
272
65
294
473
645
29
1033
497
745
2210
1969
971
2740
1066
551
134
680
133
233
328
1261
4493
1406
313
2111
2618
1451
1673
2994
1510
1272
1040
46
2139
1320
1655
1193
2707
952
786
1019
2857
9
549
398
635
1801
1164
1074
742
2941
3319
87
271
86
3
474
758
149
391
1142
2360
2012
32
421
2838
1545
94
814
1009
212
788
925
180
1609
1171
1541
2157
788
615
768
1143
336
813
1347
1392
57
977
2190
286
394
2707
1864
533
283
1059
448
986
2032
114
24
4645
941
2141
229
791
222
32
726
4504
561
1937
324
349
1258
294
3573
51
7078
1564
749
443
3014
472
32
71
3355
679
360
2891
2295
1217
1506
192
391
958
243
120
2012
5207
2152
1182
2850
1534
2379
3856
3536
3257
