real_Parameters :  plgndr 	 failrate:  25	 Fm:  1237.5946	 且最后的Fart/Frt:  0.4554348128		   Time :  49.8374

43
619
600
1186
1096
347
1252
882
2251
683
152
295
2520
2288
1501
496
3009
1036
2270
2349
509
3427
2005
1933
447
1265
1521
305
487
785
3843
388
4732
2240
4312
450
1456
162
42
101
1420
273
1123
1961
192
1106
1725
540
1099
152
394
29
2907
86
198
2265
1797
1334
70
59
514
1969
1418
275
545
764
2005
243
5170
3328
72
3196
302
4282
349
496
1563
2697
3301
1550
1964
355
7
23
416
1687
1711
1562
192
474
1838
631
123
2054
175
24
2428
909
4
1192
483
529
2991
4825
2878
229
679
2105
1660
50
1003
1463
741
487
490
1384
2189
1209
70
1478
514
713
738
1213
28
1372
1389
69
809
268
299
1811
1006
911
789
3338
1847
1181
689
60
1994
68
47
1824
2070
1237
1704
539
1579
266
7038
429
3613
1673
1688
291
1817
1065
1417
50
1538
1023
1613
1625
1828
799
672
3350
1980
868
29
68
588
661
141
1316
1510
526
2291
63
2626
452
164
1448
63
83
1505
1658
486
2862
375
817
300
936
497
5894
2116
559
4063
1299
569
1090
2556
1110
949
2753
98
2619
1482
622
954
843
918
701
3651
3149
1472
1389
1077
771
189
2199
1545
3633
2785
214
730
1084
3276
171
667
231
184
288
1030
741
664
512
2195
34
147
705
3679
1463
1058
228
307
228
1051
847
83
139
28
757
1745
231
272
2389
2898
451
339
139
2008
2269
1436
133
258
279
271
2060
2464
3225
948
1899
3540
1039
475
5832
215
894
1096
377
1564
101
2550
1315
1948
1386
359
421
974
19
356
45
1874
829
130
5327
1063
881
151
165
779
116
1249
40
3533
517
478
2795
543
9
397
2688
1109
2966
1329
963
234
4240
273
94
850
3710
218
15
366
1264
2496
1687
3157
1221
2509
8
424
1261
559
198
67
323
1503
989
3159
1221
125
1864
2192
20
947
1597
477
154
473
1381
1492
2059
1684
1673
813
360
1271
35
343
1322
336
762
1650
365
949
2466
1727
1973
285
79
108
1661
1448
68
491
644
1379
1510
1434
1360
3206
3920
1261
3584
721
622
436
1315
3252
5412
1877
538
1335
639
190
1421
3358
124
130
235
220
746
399
11
2678
747
672
2404
292
2033
3713
1762
344
70
1134
725
5
752
1947
1191
2041
438
1353
634
2341
1
547
268
3055
731
1004
4066
401
160
2395
2183
878
2584
1841
872
1152
1758
803
1229
270
9
1009
1147
2059
2005
143
672
381
2506
840
268
2384
1230
171
1208
3071
4237
494
975
1992
5289
458
300
781
1883
508
1013
700
101
3165
148
2390
3395
318
1891
1369
1678
329
237
797
180
3494
4121
899
2869
667
1386
1705
101
122
1590
2481
528
392
832
351
70
2280
32
1177
94
4655
453
1304
97
1327
1847
1407
44
513
685
234
436
1409
456
129
464
4044
1130
1413
3278
339
1646
9
1052
273
3632
208
1186
132
193
2244
591
2928
417
61
729
73
1341
1356
930
123
239
552
2396
533
2549
810
2221
241
214
759
1978
233
217
1374
1901
294
1088
137
990
1295
2431
1563
92
1005
41
5835
209
86
510
4152
2972
620
343
35
1278
1463
2342
2
1698
665
2698
1792
55
92
612
1929
576
372
3381
2059
5185
751
187
571
1292
150
3211
1605
1331
9
136
3257
4876
1106
144
1255
3726
89
3157
2947
409
976
1799
3978
402
357
1669
1964
388
925
3896
1302
2517
1219
54
3625
3641
1411
272
770
506
1729
1833
1543
1110
317
45
2085
386
1699
855
68
288
43
776
98
1316
2395
1057
3903
358
2384
1524
60
881
1420
1061
236
1866
1290
816
1410
3301
4151
590
388
1882
1432
3010
2363
379
1541
147
406
700
1445
38
918
1469
1601
488
401
981
1453
1684
1136
1099
2096
3782
2023
159
67
153
2618
142
2251
879
1358
1662
882
157
111
1843
118
1649
1734
939
622
3966
4665
2995
635
342
60
1429
2121
119
2326
1696
1242
1954
25
587
304
1370
5968
2322
337
1239
5457
681
1357
591
410
11
312
1860
186
467
1289
4008
1734
473
3417
184
947
402
1969
261
119
80
2099
3619
110
316
160
223
1869
677
1464
650
4238
1914
856
1841
146
468
4304
2454
612
2373
290
365
866
264
526
1254
2135
343
518
2153
3620
5917
1699
91
461
250
266
2516
1326
2612
202
2405
2467
270
77
821
2096
525
2492
919
363
2182
1611
82
301
1171
1965
1967
392
6160
1184
1226
554
2025
1042
144
2496
807
1216
1560
412
702
2414
84
271
1241
315
103
1725
418
1017
102
1049
1341
1971
358
92
153
1420
1063
2062
886
63
235
223
2285
361
1683
1008
1274
256
2534
1939
3832
124
1280
2945
202
154
174
2204
2101
1121
173
17
1977
350
1274
196
1537
1033
99
981
262
1509
98
180
3177
3407
1886
219
593
1495
2666
59
1463
1337
424
1680
2491
1242
565
717
1417
2548
2210
1723
978
1412
2450
2918
2982
1287
149
2336
1262
309
78
1977
1806
3586
386
53
1170
128
22
33
376
1501
2070
590
312
745
1957
400
2062
302
106
729
867
1286
30
176
358
274
869
66
341
857
2455
369
339
4402
1703
3078
2501
1284
107
1559
270
2852
1183
3428
246
1167
1086
468
223
2429
1688
379
357
1927
3632
488
1751
1821
863
2648
89
1261
938
462
2191
25
27
1395
128
15
1354
496
4431
404
93
248
3087
2216
1551
4546
247
72
2503
1793
581
3803
816
227
1565
2642
97
136
2067
1159
2063
235
315
278
1058
322
1215
1926
1428
747
2731
384
225
512
857
338
465
32
189
1998
3363
14
1297
1482
1483
165
333
609
645
214
2546
135
2558
2266
1662
5094
1574
687
1250
815
1542
1465
420
870
1114
199
3212
1599
578
2176
316
2876
916
63
276
245
1238
1262
1213
2212
475
1038
1132
299
5074
1332
3479
1986
740
527
2949
1348
15
2893
2773
48
840
728
1563
533
137
752
2603
3395
2918
1016
3540
432
2461
1053
4722
2085
3168
388
733
583
767
2313
719
240
571
31
1404
455
15
3751
93
630
530
510
504
1059
1838
1342
1427
901
70
921
1696
1849
2794
1507
835
801
2749
551
100
2962
81
841
241
2771
1441
496
154
472
349
1972
1076
183
1553
4073
448
569
3624
978
599
1526
63
129
2667
31
1565
2865
2900
3044
503
1553
864
1029
1160
1989
437
67
261
1438
429
2504
904
143
4579
2070
182
42
663
1669
862
1140
130
1480
3347
770
535
941
1007
1442
7
3067
1707
2135
840
536
1199
1401
1345
391
295
3171
468
80
988
85
1455
2085
736
1155
1871
463
2073
468
2012
1740
4086
330
467
288
3042
3834
2663
2471
3215
279
284
1828
2215
1117
1468
1748
1816
2095
105
281
150
2546
403
46
968
24
730
195
788
66
231
120
2845
1809
1316
1196
674
521
2745
1748
256
713
3005
2627
180
968
2558
1932
1666
80
2624
158
1594
242
1358
164
113
115
793
737
492
1665
134
1489
1198
931
917
423
311
842
41
3525
1469
560
152
568
1645
202
2043
766
871
1551
553
2588
2106
1814
13
2256
347
617
290
247
2220
2349
103
1218
482
2749
26
421
741
1135
3103
2058
2600
4352
42
1240
947
2338
1445
870
1816
69
407
45
128
304
885
864
153
408
1466
3841
1019
1264
168
42
71
2279
191
804
159
2481
2314
49
263
2433
291
423
976
715
657
1423
4508
3928
327
2000
166
208
325
223
167
5396
422
982
42
1318
265
310
146
3469
1377
261
53
391
1344
51
684
1576
2942
208
2416
755
1996
1310
2608
783
489
531
3120
1218
2854
356
2615
877
2820
229
624
2407
873
3097
1553
479
806
759
3747
2006
1383
506
260
2164
418
3428
647
1344
279
545
635
807
132
2882
2239
223
568
4284
903
2079
900
1822
209
3701
903
4234
294
1666
743
415
3273
328
1046
1813
231
583
3004
331
1737
2229
29
379
471
387
889
1419
209
192
3645
1515
663
1040
149
338
1307
1479
92
933
46
717
154
2116
657
2111
1071
439
2344
168
2213
545
1607
1241
2032
207
1585
340
359
627
1958
151
40
760
292
1670
722
1952
876
40
350
1418
481
1668
2382
3418
2224
3784
1667
862
3574
2644
22
150
2636
1945
51
203
1923
668
412
4646
1823
435
2282
192
1049
881
998
815
2560
1636
1009
2370
1986
591
258
721
541
3047
391
367
3954
19
426
111
1896
2254
2187
2776
5275
673
332
1183
2831
79
150
508
728
2415
129
1475
1633
470
67
701
1446
2379
1146
110
729
530
1721
2383
2812
150
1275
734
950
435
1367
27
905
422
2499
1655
965
1734
1806
277
2263
1001
4777
940
1139
795
68
2969
2784
252
497
2422
2405
2357
61
531
336
450
1283
14
1094
79
2238
2304
70
347
728
1071
203
96
160
752
1010
946
730
1398
2626
137
2863
1044
447
1809
202
1104
1356
2811
1780
1691
1868
1149
1363
602
2624
2905
1365
104
3275
2294
59
208
506
440
195
200
1552
58
5282
1422
1924
1456
770
214
23
2345
434
3813
608
2604
617
2855
724
1277
548
1379
2281
2331
254
3221
105
1581
970
780
3512
2348
1310
1167
605
3582
3349
923
1330
556
243
1387
1424
41
501
26
1374
918
1656
1007
179
644
13
1304
40
1756
286
185
1126
1764
3448
725
109
2345
6127
609
241
115
1763
3244
416
239
3206
684
435
304
963
257
201
728
2150
3825
856
1192
729
2716
22
2879
339
198
268
1858
1107
4609
396
2660
810
201
949
2016
343
1302
2753
64
1848
1455
1559
501
1392
3106
110
1107
1004
3201
519
154
167
48
131
2532
1428
327
454
340
193
704
1660
1215
2646
1157
179
1493
44
1881
1417
1908
206
19
1013
2332
860
1269
119
1873
166
2535
1506
603
1629
1347
2338
1621
1771
1148
2538
622
120
1453
599
289
1831
1012
825
501
599
2774
28
2286
341
2044
1620
147
764
1546
1855
329
76
504
17
1727
3098
249
4
427
262
2264
629
242
1312
206
2642
39
742
684
2507
2186
893
1547
1557
332
2079
669
1908
2449
2814
403
132
631
1504
2307
127
116
1415
329
795
715
896
2926
2432
822
941
1412
926
660
512
121
1020
557
2024
94
2326
1905
1418
821
1442
70
142
1692
510
632
15
1822
107
2055
64
234
382
1301
297
1240
545
1103
608
170
513
1141
5242
976
1807
923
1020
1143
2306
2362
3226
2962
3728
229
640
1273
1419
583
693
3489
1242
2540
1538
1367
4
3
2687
2345
2060
285
464
1072
2192
1465
3303
913
1795
912
564
588
3983
12
245
1012
81
2700
462
745
608
1631
1320
1049
768
903
951
1500
1858
2580
2835
338
1282
1679
753
772
188
355
182
650
124
429
59
93
137
843
691
1342
1091
864
2812
1673
2881
3442
1617
212
18
2619
238
2456
1593
1005
172
222
2611
1280
1564
263
2675
500
240
40
2643
2892
629
469
1758
2409
332
587
60
1490
2741
3725
258
145
1182
214
2744
199
2795
507
2510
3084
1843
436
1422
646
1859
1272
842
987
1867
532
3041
286
847
85
2360
2923
759
3198
2131
723
163
848
870
2067
241
188
1389
127
1631
1880
4006
316
528
779
1236
1517
777
1585
2424
67
251
2209
442
2429
252
373
343
653
96
1302
1282
1960
2180
1332
1048
1759
1392
1655
801
923
138
1481
321
3465
3493
671
3464
291
464
4417
4
815
3578
1262
113
3148
1424
2935
135
1614
26
1892
550
2345
1065
1624
441
520
558
1186
348
1422
3126
118
2955
651
1591
2900
1535
1667
3838
2691
513
2462
1424
1883
1174
374
1287
629
2155
45
2149
2733
68
1248
404
58
820
1123
1652
109
139
1346
28
347
487
1656
1243
1036
211
1532
1902
2434
2126
91
822
2849
1224
572
1905
94
79
1849
1977
1519
556
3128
1177
141
347
816
2431
239
561
2452
287
576
202
4169
1503
1254
2691
1676
3485
2154
676
1639
1077
957
856
2943
249
1629
277
4177
637
922
3527
3657
3358
253
1522
130
2509
132
1486
88
594
936
2736
35
1232
2878
2572
632
2943
364
2008
1483
574
631
3303
2269
410
690
775
1968
1196
1401
555
685
26
918
80
1749
2337
1176
2640
2497
2126
1603
545
1002
2303
2220
295
348
368
491
1035
438
42
2223
82
1711
399
595
152
174
1274
656
225
493
2634
37
335
373
509
379
1664
1078
195
734
2130
1656
152
1121
255
799
789
1947
1223
173
609
3580
4948
1117
3407
349
896
2264
645
139
516
963
148
1524
871
1566
1590
1287
2424
698
3523
588
2061
1757
702
353
1864
1498
272
2833
139
498
2662
3537
1468
1841
441
1180
946
391
118
344
1627
464
285
2696
2550
1587
126
408
564
1724
1299
1901
77
1595
3065
1817
1223
3527
1692
864
487
207
2879
109
345
153
1939
514
2580
877
818
500
470
3422
621
320
327
2560
2554
445
36
944
2457
205
930
1839
1825
3118
785
2291
1610
519
2572
344
1549
47
935
84
1430
30
1581
884
1499
1114
1945
4108
240
2550
279
382
2221
478
891
4965
1418
1445
234
2041
969
376
118
2671
443
4128
133
980
2458
747
181
48
1049
321
1754
21
1141
3072
254
35
1431
376
229
720
281
1082
263
176
5056
9
1648
501
697
2022
531
967
1198
4238
501
146
682
3548
430
486
1023
183
250
1206
204
1143
294
1609
3842
93
25
1150
199
631
1289
5
3345
1031
660
1376
235
2964
1898
141
6121
23
2234
1605
4572
2127
2109
365
2743
826
87
2202
291
1239
629
782
2707
796
1075
3957
713
171
1291
2055
1819
1993
749
83
5025
533
271
417
1275
322
2457
634
989
1535
4916
1598
243
270
154
1390
2160
676
206
406
3228
1640
720
286
653
2921
187
587
174
1054
375
1767
991
4032
228
55
786
1275
95
1439
176
1928
1059
1369
511
280
677
318
1160
1677
814
110
12
782
38
210
1858
200
257
585
82
322
1411
2959
361
2283
631
1251
2737
143
3429
416
759
312
616
892
75
1749
2691
426
108
217
129
245
447
1445
659
1353
80
873
103
969
696
357
1340
3531
1066
129
1366
4686
1462
3162
361
810
1444
273
353
52
1534
1410
1463
259
153
1030
148
5
1950
908
3599
1637
250
2312
717
14
23
2918
1005
45
2760
1506
1539
298
654
1994
601
4412
11
86
3893
1207
265
42
452
1984
151
1152
34
218
2264
574
1401
2901
863
222
1497
712
891
1419
1858
76
1909
1232
248
842
286
1701
2191
589
2406
1635
1756
1795
19
2213
1628
4258
500
1085
299
1041
294
906
1842
3038
106
2225
570
838
314
1472
9
163
1380
1780
302
1027
4046
2146
594
1824
28
648
327
1191
35
197
3379
71
173
3718
96
2067
3867
598
1181
609
1619
876
116
1412
318
1653
699
578
44
2332
1651
1300
174
1996
738
653
173
18
2542
149
656
1947
203
2188
1192
2
3511
2080
1121
530
359
581
527
1751
1992
795
913
823
438
1090
1017
371
1594
246
1106
5096
3153
117
1638
2561
396
1287
79
911
711
1688
2327
586
305
3156
3354
1146
429
241
1150
713
1454
1260
111
589
2327
2235
2063
3680
488
1810
623
97
1106
1117
167
1364
2225
2311
2884
219
2354
170
151
903
519
138
707
494
909
89
60
1874
1355
1938
504
657
1012
2818
1286
10
115
67
1489
905
1399
841
1721
772
77
1229
337
1443
4402
627
760
944
357
3632
3704
360
1587
1067
2692
1562
1162
127
1007
146
1130
1883
4110
106
2535
5626
599
206
90
718
1384
1118
2300
614
1567
1943
2239
573
98
1706
169
381
1283
1883
550
2669
1466
3634
1813
2739
2357
262
756
24
349
504
89
1605
1310
3411
43
187
155
312
1857
1090
1587
4453
3711
2771
1914
522
198
304
52
575
783
2857
367
984
122
277
950
3781
1121
1495
2423
1363
241
57
1158
105
279
1875
1052
1352
920
2242
1050
495
1211
535
995
769
859
3102
1519
778
154
2737
933
1194
1911
1783
128
3406
2557
363
1013
293
287
3361
1418
402
333
488
2875
1843
2159
267
1424
1406
516
1195
417
3290
300
1586
623
463
661
539
116
422
123
4752
3287
969
1937
2788
1553
933
91
3945
1358
2189
2163
389
1882
948
470
526
184
869
2366
1060
1030
396
1920
938
1501
47
925
49
604
457
1327
752
113
1187
713
2943
837
75
524
2664
998
112
1590
2659
274
2486
1253
1372
1324
476
29
2437
105
38
1190
1947
325
348
39
17
4773
1113
1624
33
16
2928
472
22
369
829
433
224
915
1743
570
107
222
3315
1375
365
955
993
160
2
7821
1788
432
897
3
3387
4133
2360
5323
484
302
2175
685
3312
1433
123
1355
1519
1244
301
3234
1243
443
936
281
632
743
3811
1965
1894
1316
2086
488
1758
354
787
2028
369
924
109
79
101
842
555
423
512
436
338
68
2278
3586
559
2545
1046
72
3041
560
1151
191
169
2564
996
1178
3298
3
924
204
1325
599
192
33
3523
654
100
1530
1779
186
2945
942
675
2176
1041
8
541
383
1838
113
82
1609
3271
219
303
743
1439
466
1336
214
727
474
102
886
464
383
1079
1285
423
1158
193
683
666
220
993
271
971
68
936
2860
694
1597
2
15
1809
45
472
2
988
1933
927
333
228
379
2224
1023
619
842
480
420
1273
906
343
1807
31
994
2471
893
742
1167
163
179
335
140
328
789
1934
2105
964
1760
283
141
151
223
1249
66
3383
981
211
1699
284
35
1021
576
3583
255
1850
925
38
563
3270
1787
1135
1854
1172
1597
119
42
1131
435
192
1704
2276
1346
650
1366
31
678
1742
90
1495
1108
1645
871
1152
110
955
313
5528
118
688
1521
971
307
21
2173
14
766
2884
923
51
112
813
25
1647
13
325
2713
18
2165
181
435
1088
437
2469
1893
3883
1386
153
81
203
255
1408
51
2520
611
1319
633
764
178
952
246
477
1409
1773
796
62
530
2994
114
230
310
2052
1699
451
1759
710
742
271
1719
326
1742
182
820
195
1651
2353
791
440
1079
2915
1337
630
29
196
1386
3298
2119
1516
672
509
45
1564
201
691
5261
1188
331
291
974
126
2913
3340
1676
4253
4921
1036
134
3174
2581
2633
2209
2812
111
1937
1771
2045
2178
783
70
633
3256
330
1281
2300
1838
3592
2165
87
741
156
1042
519
299
1176
973
1206
16
1991
136
1731
1205
1518
8
376
187
1997
2712
1456
960
193
864
472
1030
299
1855
2377
1166
620
339
132
2241
667
264
2305
3546
4688
761
825
611
1225
724
2515
598
185
231
288
1014
347
3253
673
1242
553
469
2986
1037
1326
521
2726
301
186
33
1692
1588
668
1497
107
1010
2061
937
2553
3299
1522
39
1023
4374
818
1818
3237
541
46
929
1140
127
537
1743
130
208
252
871
121
400
3369
1664
2417
2027
2059
47
2050
1340
2463
16
2243
2805
803
1101
215
315
428
958
91
3254
588
860
1796
999
822
1629
132
677
496
310
318
1931
3037
1470
2835
552
1140
2401
67
15
1611
262
258
2589
617
2819
609
292
4876
2417
130
1961
867
1233
3475
1733
630
838
111
1048
1027
2307
1633
4
224
729
1113
56
467
2592
424
2602
796
1467
5204
199
1059
4648
269
2018
2319
785
364
2938
1628
1069
2712
4355
1524
298
3009
154
2083
1362
840
2292
538
161
932
3108
1585
828
388
571
4464
289
1268
602
32
581
85
2465
2439
2662
38
504
1504
239
1791
545
96
240
498
839
165
1569
240
1407
673
1133
2519
252
812
1553
1109
1230
317
1087
3389
2950
1365
356
3245
394
292
473
306
12
517
1396
2824
1965
33
4828
689
331
152
819
695
2168
513
1482
894
997
38
52
2085
76
2130
1711
210
2041
1086
319
92
4102
3454
1142
135
3489
1494
5810
1292
1157
3229
390
1752
398
1921
436
11
28
242
530
1378
998
305
97
1974
3927
2488
324
588
2570
1468
92
3419
576
463
2423
1238
28
8
1354
273
618
1900
268
269
1949
402
271
1450
2905
1818
5569
868
861
1414
1253
509
138
10
413
1223
6314
2246
3600
950
1507
1079
1369
460
35
1586
1037
1869
1403
786
1344
1688
41
15
1995
992
1589
2621
452
692
184
663
399
17
1497
626
351
44
421
874
2298
1914
75
1218
2040
1743
1266
754
1731
147
2296
6357
806
1094
258
406
3198
267
287
2072
473
240
1621
2937
1318
3323
1791
114
3187
1286
2024
44
2043
491
3416
2373
1667
1474
305
2145
216
462
387
1490
2273
1163
2256
48
2840
807
871
311
1714
1820
1311
1106
693
485
2629
978
812
1830
235
1183
111
1420
658
932
3704
2553
1575
244
1656
99
2132
309
1771
1269
392
943
2043
692
1176
544
439
1119
1481
238
3281
1448
174
1040
2741
204
311
808
2020
1256
636
519
1138
215
3603
1344
140
662
4609
1335
244
3675
1851
1504
611
601
2536
1858
2036
225
40
1321
16
924
1232
3995
946
33
440
3207
880
22
378
1651
2911
926
790
2
2804
3169
2469
875
268
799
933
59
699
2545
2989
323
2599
949
1764
128
1858
2683
161
1914
2902
1491
154
987
552
1416
763
2886
485
206
309
889
4153
1057
876
1139
994
1241
671
246
617
1770
744
1751
1456
127
207
2073
1910
1775
422
1643
2304
323
174
1634
621
471
104
302
890
1952
779
1078
1913
547
179
1819
1160
580
289
450
2262
5608
220
543
1567
2746
4190
2340
803
732
215
1254
1146
2433
222
1126
1696
828
4053
1598
1743
1681
759
1853
1260
2944
793
2174
787
1436
1190
3031
542
98
395
884
1971
362
276
2132
552
1546
943
1642
652
604
37
937
507
1254
4901
774
140
3862
115
259
1486
1988
1627
157
688
52
789
1204
39
962
142
3564
1734
112
1445
110
75
1025
2577
944
210
319
3282
3433
85
2495
553
596
1136
1907
3330
910
607
1154
1133
364
1312
1350
1589
244
861
165
2634
3836
109
1950
1228
796
928
259
1064
2046
2220
182
1065
3901
2298
387
2298
4
1122
1985
347
1385
1427
4134
8
122
1268
1939
507
33
793
1053
114
1257
2968
1504
2683
2037
328
2771
1496
881
71
60
264
860
4590
3791
725
1653
1270
3005
1585
69
382
1826
1844
170
1069
125
3019
143
1154
296
2599
19
3392
2652
287
868
484
62
247
3996
481
364
125
3453
2036
1149
1798
951
1681
1622
5
454
195
1169
269
1874
1721
702
1620
2551
48
845
718
626
185
221
789
238
2902
615
191
500
1894
1055
390
3209
3074
484
1746
508
726
455
631
2273
1199
149
1338
757
2425
1858
1329
325
2895
1433
1197
3912
1778
289
3173
3593
192
2199
994
695
3236
2267
67
1073
2836
4961
166
486
1181
1718
3802
1055
1045
2342
630
1558
1865
481
402
3328
78
1355
364
301
168
762
267
1940
2358
1712
293
5527
4059
2007
173
1740
1943
3485
385
253
106
811
889
398
1652
358
338
2356
2354
73
1837
189
212
159
799
152
4638
2926
977
2500
934
437
22
1949
193
2815
1314
1750
1599
1577
1871
1237
1913
647
3064
227
1380
2668
1209
1249
1080
1167
565
1805
48
230
396
159
379
2531
949
2224
953
1338
2464
1427
133
2937
2515
1670
59
1532
601
1563
250
221
543
608
786
136
3462
134
1527
1511
290
2695
134
2463
971
1063
575
3360
712
831
3236
1922
540
121
357
1615
406
3963
539
1564
551
169
600
453
1961
128
37
1597
246
965
1607
1712
1147
1188
112
1531
767
1616
457
1210
1976
443
379
1090
1336
66
1278
330
255
522
1128
35
4162
3449
2556
928
84
857
1970
1031
1221
644
241
3964
610
833
2411
149
235
1285
1168
175
133
315
23
160
391
66
703
4215
610
809
1099
1704
1491
561
101
25
565
1082
1091
1937
306
1050
365
423
1564
233
47
1986
1053
477
2173
576
2835
3692
600
1084
487
378
567
2909
923
834
54
24
967
1239
2160
1224
1286
946
119
1726
380
3481
97
672
1126
1208
730
2911
1809
583
950
873
943
72
1052
1685
274
206
689
718
1544
1206
2703
1900
1051
1758
309
1194
916
1804
275
764
991
141
1903
737
3563
550
97
2272
116
2345
697
1064
664
3915
5
2248
622
790
2592
26
62
227
61
54
1272
3208
2394
2048
1016
35
164
947
331
748
2568
1705
954
1011
1691
213
302
768
160
92
1494
364
216
391
1085
667
303
1639
1736
51
463
2654
152
701
687
953
1568
1773
1341
600
1383
977
153
696
1279
143
1240
2169
337
410
2809
1334
1671
1357
1078
1756
3729
3162
385
12
710
2922
108
764
76
1127
303
1309
368
2068
1307
220
217
297
1578
2230
2068
370
2781
83
356
223
4246
4097
172
121
2518
147
2211
3467
547
7
402
214
3628
4682
1320
60
2723
2147
238
1493
1278
20
333
624
335
1085
196
2142
1614
108
49
463
1372
2166
346
1668
1787
14
4283
546
3520
976
1930
3872
2378
162
146
332
145
3094
2320
1471
258
356
2729
266
620
641
913
668
612
632
258
30
1415
1005
2095
3244
646
3915
87
3417
2187
953
1277
444
527
1844
1385
963
215
272
551
37
1236
944
802
1824
784
932
641
2446
1078
964
2292
814
2258
436
3058
4452
109
125
1740
2017
1136
114
1303
916
71
2289
1643
3229
1710
2016
154
1258
445
674
3498
2320
1947
295
2187
1592
3418
818
153
1199
82
2357
390
473
1750
1023
810
104
231
3931
3017
936
898
150
2351
2862
753
3327
4432
973
3377
187
431
985
810
636
50
291
1464
2268
548
49
3641
279
3535
170
1261
556
295
723
560
2549
217
241
820
958
2052
333
2295
1169
188
761
1182
3273
5036
847
1875
257
2376
161
425
1547
446
506
347
193
488
1362
2002
833
444
258
3251
3
923
495
832
388
2807
2
3936
1959
3822
169
1086
264
588
71
79
1520
650
1096
411
336
1266
63
153
2692
441
337
337
31
223
50
3986
371
1817
1170
428
12
174
2663
4639
267
2159
792
1080
623
688
1280
2058
389
500
441
107
96
491
986
1364
552
160
444
751
1131
3529
1403
49
3544
59
590
371
1026
819
1612
269
218
2799
686
167
1719
321
1184
4323
120
2854
1029
204
3048
470
1627
2048
1628
1525
915
1093
1720
54
2963
918
118
530
450
1388
979
549
1373
64
152
1017
74
3638
1048
1142
948
2073
3056
1070
422
3968
359
3555
117
3848
372
2433
273
1598
480
1946
4263
2916
1430
1973
143
1955
1966
570
1256
2586
2529
1083
588
298
248
601
1408
731
781
977
1165
25
2542
507
1066
2922
1615
965
758
340
119
1901
935
190
1761
323
589
935
1650
4563
352
876
1441
89
447
435
3154
3991
298
2411
4882
1500
607
2814
2483
151
6278
609
139
213
2519
1876
1177
1285
404
649
982
1210
2081
1493
1636
201
101
1074
2974
266
2834
2299
3278
2398
2210
2146
3084
2722
