real_Parameters :  bessj 	 failrate:  25	 Fm:  319.1126	 且最后的Fart/Frt:  0.41420815479999995		   Time :  3.6392

24
20
41
56
120
137
120
201
190
210
87
33
349
90
293
149
334
62
159
41
8
59
34
426
219
304
338
98
494
68
19
234
199
317
102
6
234
43
320
43
293
357
176
208
11
50
3
660
769
366
57
183
684
131
298
457
79
490
60
95
215
58
659
413
371
123
316
78
673
88
81
263
296
433
60
1003
347
554
347
712
362
156
144
791
39
201
292
924
350
18
379
37
614
281
388
447
154
11
46
1236
5
17
951
517
208
186
658
417
15
121
205
109
272
440
42
515
411
506
865
210
509
234
58
112
167
1015
1238
239
294
60
240
392
20
976
449
559
47
231
177
57
114
436
409
61
417
233
306
1029
84
66
483
714
98
63
516
140
68
336
177
40
236
272
352
18
47
447
68
185
730
145
321
685
614
348
51
345
86
111
349
144
197
928
516
53
202
198
21
465
125
540
303
26
550
305
157
525
85
111
131
80
1175
222
516
233
100
23
397
287
35
180
124
24
409
310
810
822
575
83
89
317
357
423
112
40
1
236
314
787
97
121
17
386
49
248
262
23
559
323
84
263
402
103
282
83
655
166
224
161
284
126
399
43
129
293
219
1357
95
429
64
60
592
258
126
74
283
159
63
354
657
399
51
1321
615
61
31
380
395
269
633
939
405
636
15
195
395
573
236
486
28
320
222
5
346
732
706
285
431
98
390
85
48
426
120
145
496
400
937
712
440
204
261
801
219
334
588
255
211
127
1657
674
97
127
345
675
338
218
883
463
640
260
441
461
350
177
602
113
164
113
614
362
3
40
14
455
118
135
170
652
652
20
624
351
16
387
130
109
83
414
2
181
221
209
153
34
270
26
110
304
108
767
453
502
509
263
297
87
28
547
66
100
59
137
960
312
33
553
62
188
117
245
182
243
34
138
551
216
439
117
112
286
421
183
264
176
255
431
592
196
115
314
751
990
40
610
1420
172
106
104
199
423
96
270
448
951
1349
51
15
189
182
485
268
292
509
457
422
341
176
1018
51
324
74
3
431
94
164
98
104
149
495
16
29
561
179
102
286
514
242
283
868
584
80
918
208
895
96
132
193
172
911
351
19
275
357
295
34
148
457
165
219
22
349
682
93
496
922
169
571
40
672
335
302
336
67
92
425
115
76
129
23
76
158
65
143
641
14
3
574
421
359
206
593
475
685
39
305
157
207
280
156
162
61
194
853
427
833
371
312
209
296
55
321
18
78
175
332
1321
489
219
317
221
553
281
64
920
437
374
98
295
164
9
1541
130
19
526
79
326
136
312
570
68
242
567
418
37
116
214
219
133
92
208
531
637
698
346
555
358
613
301
697
574
348
634
271
792
610
106
74
588
1052
130
624
344
406
657
627
234
492
540
339
102
84
156
54
67
212
493
2
132
491
541
864
268
616
474
266
96
347
428
340
218
111
209
348
599
390
462
293
98
323
12
10
639
129
703
307
51
325
39
242
285
157
376
180
597
88
99
416
27
387
231
252
104
433
66
280
45
291
302
230
78
109
573
64
179
69
417
95
261
17
117
352
120
134
53
787
536
538
394
162
310
695
246
128
135
203
26
1371
79
358
459
226
56
590
1462
95
80
164
426
187
450
62
433
643
261
174
224
66
213
237
1311
85
80
877
96
234
534
776
391
281
177
23
394
228
111
501
87
426
25
102
208
309
237
89
215
267
956
136
213
487
258
907
562
388
113
285
250
306
245
503
177
356
128
15
169
68
52
274
223
228
21
297
78
105
531
520
2
327
451
177
489
266
374
411
124
691
355
197
251
342
246
781
312
353
240
307
186
523
624
66
258
139
191
47
94
151
48
108
1100
235
565
396
562
898
528
429
316
130
403
101
227
476
710
242
206
957
304
8
106
217
614
571
103
259
748
632
21
230
132
448
275
95
618
506
319
317
161
117
841
340
970
19
75
190
162
536
79
785
96
321
97
222
201
323
42
10
218
434
771
159
126
296
320
69
86
941
299
323
669
227
79
372
612
421
600
543
146
72
298
2
659
557
622
762
4
146
454
419
85
51
143
609
18
405
169
662
47
43
462
470
845
215
254
230
70
193
222
330
247
25
51
917
227
147
125
414
832
76
533
226
247
1100
1016
299
352
21
143
176
89
344
335
193
324
701
359
355
29
93
188
616
112
44
819
80
523
70
55
912
116
735
455
820
224
512
645
97
34
75
62
774
1232
265
40
579
780
90
92
90
261
531
29
72
1029
65
254
355
157
128
322
385
125
420
108
1234
485
262
56
438
50
216
648
113
652
629
207
161
646
1295
98
2257
137
974
124
290
181
41
444
79
373
43
243
333
19
279
69
277
326
1107
831
62
390
295
186
892
131
452
246
1178
149
109
930
153
29
2
227
139
112
312
518
94
92
96
514
108
35
714
332
132
342
241
466
599
14
38
109
481
291
108
445
130
145
1
686
95
453
89
83
41
6
230
455
22
436
518
317
37
24
362
1002
288
313
281
954
123
61
14
265
388
362
164
402
420
92
86
318
121
778
326
233
105
162
403
1246
248
148
37
2
911
36
28
317
186
129
62
101
139
48
647
43
300
83
236
509
99
274
206
15
241
93
267
203
374
494
751
212
95
149
492
758
292
236
787
188
158
167
159
426
389
784
104
83
935
36
460
528
493
125
150
1276
511
249
227
271
447
328
80
12
983
89
516
475
934
380
290
32
113
147
43
748
801
16
41
765
287
246
80
55
1266
108
487
533
38
173
810
42
43
157
185
126
52
813
99
121
39
477
417
1002
128
177
255
391
59
48
958
772
171
52
468
417
61
148
489
133
109
253
60
59
572
137
185
99
15
650
203
125
216
328
118
240
498
33
609
1570
224
227
332
300
555
193
84
143
23
79
391
82
472
413
517
133
193
93
203
99
269
398
180
10
16
246
627
27
769
150
440
471
219
46
339
253
949
389
162
256
156
680
122
58
182
321
442
374
69
339
236
860
587
944
580
13
231
219
678
159
253
146
72
86
59
409
708
60
61
449
369
61
417
677
348
50
151
481
860
196
442
26
145
69
657
683
408
509
374
39
852
95
185
1280
431
335
58
646
361
134
593
222
479
781
260
188
222
220
156
865
97
61
273
483
473
433
960
610
236
1165
255
216
308
357
141
100
153
360
274
219
68
129
242
106
547
156
430
429
458
83
791
244
569
39
176
251
615
179
30
697
611
537
102
688
343
370
127
48
80
9
249
62
366
143
97
153
77
329
97
184
286
97
22
100
87
489
96
271
57
323
496
373
369
794
545
85
521
262
109
82
34
147
207
971
34
877
288
786
555
484
226
80
34
416
360
266
110
70
339
430
138
686
283
21
24
315
54
1053
654
158
422
1020
232
229
859
926
783
51
536
201
154
398
31
188
273
543
576
210
499
477
1513
508
121
100
236
1383
88
83
164
6
65
74
134
48
381
274
81
877
544
542
225
565
506
273
218
698
278
408
539
199
322
419
81
237
226
168
20
120
788
236
67
126
63
131
139
642
517
130
276
369
443
68
91
714
602
496
27
292
440
456
44
624
590
508
661
72
269
1122
114
105
210
81
126
63
190
261
950
501
784
41
827
531
199
611
46
16
94
216
227
166
169
117
430
726
180
456
790
729
550
295
239
107
856
54
15
117
73
437
81
309
350
148
349
884
235
189
147
192
162
72
100
13
307
416
50
147
515
68
1371
309
177
215
297
280
18
708
187
253
138
279
367
203
66
18
249
378
71
112
339
760
544
150
366
210
75
365
126
26
57
216
938
101
266
38
232
131
189
191
329
276
254
432
81
439
427
384
1594
307
155
93
73
99
116
261
227
366
173
169
470
69
9
124
109
146
405
407
162
43
190
86
525
299
45
155
264
119
175
153
178
75
182
1043
356
9
293
145
111
319
677
154
176
96
404
240
1047
42
896
223
272
670
43
20
353
506
382
30
392
19
306
77
1006
182
469
800
279
188
49
133
1097
73
13
247
959
259
77
148
134
626
630
745
45
405
304
537
588
132
71
343
339
897
126
530
334
253
572
177
353
118
444
211
13
125
1178
21
514
513
537
108
65
571
21
968
223
960
1083
26
573
55
16
370
331
366
171
351
208
132
759
219
217
664
576
814
629
137
549
68
46
313
137
456
627
115
114
830
339
191
170
247
264
665
140
75
368
360
125
22
349
147
494
71
135
1000
281
708
183
1063
247
469
446
429
58
83
453
140
672
17
253
377
436
33
336
88
271
172
29
235
827
182
38
270
116
126
316
184
766
465
167
171
869
607
98
350
212
692
289
437
268
421
175
288
257
212
425
443
1092
484
104
718
325
111
89
29
162
261
445
493
75
860
167
412
545
446
85
733
162
294
352
36
828
60
247
746
105
212
389
548
248
123
110
425
34
423
339
255
315
330
204
114
104
258
512
375
698
799
355
337
202
339
473
624
341
74
163
272
132
213
288
278
11
857
74
360
177
319
311
140
463
390
248
200
93
152
497
175
147
283
92
89
409
50
381
751
45
75
530
292
224
848
321
39
432
55
724
80
2
537
932
375
120
142
471
95
280
100
68
120
241
104
234
167
83
313
385
330
48
216
218
67
384
380
163
634
189
1259
144
136
176
66
585
360
265
842
540
15
28
158
20
37
277
330
430
190
225
133
135
279
1014
91
828
11
484
158
644
197
161
338
163
110
633
46
28
171
263
138
185
392
14
253
329
119
115
127
297
327
487
146
508
581
556
82
267
358
121
262
97
687
122
669
94
38
251
19
81
199
354
149
275
798
328
376
595
146
814
58
929
118
66
52
330
1281
480
125
145
593
342
576
681
589
360
98
507
245
1259
113
675
119
86
506
164
473
310
230
503
238
165
131
162
68
75
256
69
855
82
532
153
109
290
211
144
105
98
15
594
541
339
295
94
98
120
42
841
79
58
272
26
29
112
36
92
32
24
862
666
443
379
114
414
581
115
56
263
133
605
473
266
60
136
67
10
44
467
231
466
271
28
879
734
103
69
311
851
441
865
134
398
680
213
156
517
376
520
128
127
255
191
298
22
82
443
531
429
72
289
289
590
623
342
44
276
90
232
218
447
580
432
519
351
138
61
525
27
748
508
112
143
79
94
53
277
92
520
530
125
735
164
255
89
437
118
163
837
31
550
80
55
85
445
435
193
403
396
182
239
60
142
94
501
80
19
197
130
333
703
60
260
405
74
1069
343
618
86
30
120
445
634
426
48
797
76
458
472
672
59
381
108
702
292
493
106
436
43
24
168
880
1597
94
214
215
16
1161
108
17
562
42
115
122
147
136
614
199
414
10
58
89
64
332
341
81
314
844
258
98
565
639
71
163
322
215
123
378
50
1015
175
613
74
727
406
114
229
911
767
284
854
265
238
88
725
97
141
95
123
499
204
128
649
380
678
84
117
969
498
265
511
131
155
104
444
184
458
269
121
235
125
436
53
179
114
130
2
192
277
83
261
2
39
117
237
62
312
253
283
504
521
75
201
639
251
121
811
538
604
289
259
344
94
260
49
272
69
106
202
916
147
930
249
738
259
219
90
26
169
434
707
629
71
405
125
506
437
45
220
716
1173
587
286
707
119
109
231
181
331
147
9
302
204
193
471
202
106
228
570
340
208
32
201
19
152
34
349
847
254
378
92
709
287
121
469
126
133
207
77
40
1019
399
83
28
872
473
69
229
116
119
9
559
643
1172
114
678
30
56
118
97
1084
660
464
349
311
248
22
194
220
733
357
103
469
423
382
232
628
59
951
413
75
539
164
897
199
1180
188
207
208
343
482
45
183
709
126
161
180
288
49
176
521
221
30
409
439
423
612
195
363
88
472
112
375
28
309
427
440
304
22
552
197
205
89
436
113
429
772
70
128
489
580
97
127
721
525
217
360
440
165
213
530
107
65
991
273
37
724
569
487
392
364
170
353
50
364
427
493
52
398
417
405
440
184
420
1019
193
314
29
648
48
202
137
535
288
40
167
572
221
441
347
97
333
382
297
218
730
363
96
86
204
4
246
919
199
45
259
395
482
291
157
24
544
1230
149
69
247
615
198
415
14
229
215
116
271
245
119
443
294
140
163
173
362
588
275
151
95
99
528
81
85
28
262
291
805
617
73
98
434
591
49
250
237
193
299
520
344
884
332
385
110
428
744
249
207
251
573
421
190
20
781
519
729
294
110
341
303
130
39
235
206
468
44
115
580
587
201
127
81
391
862
323
356
658
337
445
172
93
238
203
103
327
87
314
400
97
104
603
800
121
122
170
329
141
176
23
253
962
54
73
248
327
176
224
90
135
409
606
87
568
174
374
1200
726
296
614
266
159
135
950
621
362
482
532
325
117
181
175
162
150
83
505
642
143
249
48
41
753
385
110
241
349
268
135
20
181
973
274
449
154
608
62
710
753
323
59
205
520
712
193
231
157
817
330
119
140
210
578
172
407
61
21
113
381
108
129
241
905
143
648
1096
260
297
135
74
109
66
362
344
1098
98
668
259
394
242
244
186
37
805
371
63
193
49
302
197
33
347
247
56
299
888
137
209
64
322
852
315
297
452
431
446
77
363
110
21
72
55
266
900
165
220
210
368
86
194
77
101
170
216
330
15
27
401
202
101
52
109
108
40
60
62
177
110
240
238
88
464
581
455
337
35
167
259
111
661
885
1736
399
118
627
175
199
94
106
111
493
33
347
315
355
228
705
782
876
96
131
472
31
92
474
302
32
212
294
849
592
60
80
146
326
203
554
88
592
367
158
286
48
186
444
99
156
149
189
304
189
399
247
48
59
251
331
511
345
429
227
36
192
109
671
668
104
863
491
925
33
496
149
43
63
21
422
83
90
775
237
189
283
53
276
507
109
261
385
654
74
56
547
547
46
87
208
341
279
616
634
246
655
1
191
297
337
377
222
227
231
75
378
2
139
317
1066
146
93
7
596
212
631
149
453
1579
1168
95
33
58
205
243
69
104
269
17
10
68
713
70
1159
479
145
118
141
80
693
318
191
20
425
172
677
340
57
231
120
113
555
1029
2
47
137
101
121
17
358
179
152
360
103
953
228
90
568
497
538
331
290
46
90
55
672
848
127
179
299
251
229
35
770
540
475
386
247
538
68
125
16
963
513
237
608
687
377
262
117
82
26
781
1111
163
185
25
121
170
632
592
183
9
806
52
311
13
154
67
104
345
2
262
97
73
67
3
361
576
48
306
397
233
603
335
156
191
130
345
1159
1398
317
323
191
304
198
611
801
755
402
813
64
48
8
60
339
347
370
451
536
260
412
173
1007
651
271
398
25
765
73
309
167
235
124
535
429
196
233
307
432
86
68
162
170
200
288
119
2
104
610
43
612
392
310
571
211
281
596
235
123
79
258
262
45
536
77
248
66
130
526
490
140
149
225
609
54
1577
60
108
455
586
247
199
62
1175
398
206
21
42
375
134
386
159
570
54
277
511
135
182
1109
119
206
339
634
785
123
68
309
459
44
397
374
126
44
327
672
39
486
486
303
369
349
555
934
64
91
761
124
321
221
421
155
17
9
83
698
131
1233
891
289
258
196
90
369
982
279
100
613
455
238
157
654
547
272
2
622
682
512
169
152
102
96
43
35
566
269
87
177
264
271
219
396
474
448
55
106
92
18
266
250
124
130
824
1423
186
696
61
95
422
707
251
669
91
686
176
631
250
891
25
72
157
1354
80
150
731
113
585
343
31
485
524
714
362
556
455
497
233
111
504
477
1221
46
265
340
476
115
445
409
67
83
33
434
229
260
543
182
309
228
116
514
531
314
620
874
749
44
703
156
20
364
241
2
432
391
580
964
217
177
77
259
459
95
230
9
187
218
356
279
116
281
530
760
256
39
70
223
46
9
99
94
11
226
378
121
107
435
413
437
99
184
543
296
132
776
114
27
1493
371
35
405
952
124
153
316
1235
201
304
137
1156
17
142
654
121
60
342
689
41
427
427
362
283
798
180
97
449
18
105
855
662
128
296
73
121
59
278
427
1250
191
571
236
515
170
259
590
166
40
103
20
16
1015
160
116
163
560
298
346
268
261
136
554
136
38
156
94
469
951
720
836
69
305
493
803
8
394
98
293
292
15
599
465
96
27
428
507
244
180
789
445
109
670
215
130
366
366
2
332
121
168
178
190
711
224
243
180
246
676
273
318
342
8
19
412
380
448
444
227
419
395
77
17
693
290
630
327
213
247
433
386
620
302
712
1
134
172
454
106
29
418
168
56
793
221
227
179
65
291
666
229
273
136
724
834
133
79
668
55
161
630
290
104
235
19
291
81
434
347
145
112
128
97
48
729
761
234
194
230
427
36
143
256
454
79
491
351
453
67
715
216
419
142
351
284
442
212
301
219
44
241
330
205
108
98
495
117
395
355
508
640
258
206
57
231
172
394
179
28
2
21
19
209
750
416
614
449
337
141
170
76
155
235
201
951
507
140
33
17
471
96
77
244
705
336
872
217
156
8
749
582
444
304
30
413
563
414
260
543
407
569
116
97
147
567
183
708
360
229
234
236
277
99
106
263
430
1307
682
390
574
36
235
55
371
135
690
493
230
181
392
534
585
73
285
557
771
91
1447
579
190
20
423
376
137
198
248
216
878
883
265
196
270
222
86
124
65
313
140
83
663
28
917
8
2
124
178
351
281
119
33
39
39
391
272
505
411
203
261
45
169
221
209
52
669
110
582
643
63
652
72
471
88
335
208
440
299
258
133
543
35
66
500
579
125
486
576
816
118
407
413
525
68
228
182
463
16
517
78
454
655
213
186
128
651
251
261
310
692
144
405
153
991
251
362
406
453
705
61
627
487
615
588
85
504
355
81
176
215
300
360
61
425
676
105
94
202
79
108
313
262
318
52
388
198
656
764
271
547
243
293
81
92
67
485
49
302
42
68
100
380
1533
117
16
100
100
221
370
82
105
820
23
382
1003
160
592
323
361
49
385
230
271
103
272
128
74
42
388
75
106
888
311
631
227
747
52
52
34
630
611
215
550
295
1088
93
389
330
19
66
361
256
55
681
503
295
244
215
141
559
718
103
638
515
546
144
120
572
253
234
343
575
389
112
103
498
772
137
92
291
278
618
1027
464
44
311
20
191
536
272
544
11
857
1337
729
418
448
210
63
245
105
674
117
653
89
109
388
446
443
65
192
95
635
76
573
2
268
435
379
276
46
68
1476
119
326
138
306
525
39
412
23
61
316
459
927
640
709
205
22
384
124
454
170
648
64
225
388
132
385
48
283
14
77
369
368
431
159
273
478
745
18
106
182
390
140
580
202
356
263
501
15
116
190
346
475
100
167
446
19
71
587
104
625
262
262
153
733
67
1616
832
700
156
478
180
352
458
348
116
204
945
14
238
493
95
162
531
63
36
84
835
246
24
386
414
47
443
234
202
896
849
580
387
446
203
36
576
90
102
333
703
292
428
130
463
466
667
155
412
203
164
158
352
295
538
92
229
251
486
639
39
421
151
405
848
71
141
233
95
1032
36
350
631
69
325
610
126
941
409
58
475
52
190
467
358
59
67
506
22
1185
284
526
355
143
318
558
329
682
122
192
1223
83
294
221
152
459
95
332
367
326
60
542
188
154
438
152
315
500
133
403
29
691
95
2
289
263
393
75
33
244
191
403
634
70
206
3
137
455
366
1048
523
300
62
124
46
119
26
205
27
103
208
73
208
170
292
167
206
9
864
531
72
288
287
23
104
253
526
102
343
30
36
195
401
418
361
149
382
169
118
107
177
67
412
194
280
68
573
678
265
947
23
10
431
596
149
201
196
25
507
374
162
169
458
360
1024
393
42
145
196
459
445
253
265
285
425
12
312
72
215
126
180
588
73
427
420
429
24
1410
186
220
666
285
149
21
21
1204
77
43
1140
487
32
157
411
619
89
143
278
180
154
13
147
645
89
226
240
4
182
452
240
262
367
22
298
200
487
504
509
173
498
52
32
106
571
30
303
106
20
266
98
383
15
129
225
127
114
559
199
713
367
26
73
266
222
101
133
39
251
15
61
792
75
240
508
66
183
78
479
185
53
34
292
102
56
303
190
689
38
139
191
171
700
166
159
205
604
137
182
611
114
319
108
301
739
203
393
154
417
903
939
248
815
26
407
343
23
170
216
729
462
181
166
356
241
15
535
42
227
963
84
377
150
154
302
2
1111
475
1325
78
453
336
742
468
520
253
239
135
786
273
650
105
368
115
47
59
317
78
357
102
148
174
112
994
443
835
18
95
258
597
587
656
98
292
16
567
598
355
1099
514
51
980
585
244
149
180
357
173
471
245
716
83
484
167
174
25
239
303
37
214
71
135
103
342
491
209
213
900
399
165
251
89
551
361
190
674
265
65
917
137
151
524
5
231
276
272
383
623
2
267
89
322
211
62
105
214
1011
286
435
199
487
640
978
98
474
266
167
131
167
624
99
127
571
359
187
161
117
81
105
89
415
868
142
641
502
567
113
135
280
593
173
547
338
683
297
526
209
91
108
19
69
189
708
78
92
217
276
147
42
194
20
418
474
142
62
278
474
702
170
135
512
309
73
113
186
950
71
107
105
299
293
200
826
800
435
95
128
715
655
568
297
284
280
57
327
100
21
134
126
416
41
116
315
863
135
25
107
71
416
547
91
823
155
199
44
292
275
459
173
16
108
166
103
289
402
23
189
325
671
63
465
117
112
333
365
308
447
274
262
33
629
217
426
66
470
26
235
15
603
252
323
456
316
203
33
138
311
219
162
53
579
544
223
1073
85
8
383
274
295
641
90
356
397
230
48
456
30
99
31
1
750
1099
71
500
312
468
2
572
457
234
136
85
30
234
441
290
951
480
461
69
133
12
300
129
895
126
64
107
1026
251
1169
915
1265
653
502
65
184
1206
846
738
790
472
179
469
479
35
8
599
122
89
157
140
591
152
1245
743
1692
804
772
109
36
16
94
392
182
60
78
764
139
946
150
479
86
261
178
17
110
707
274
264
547
61
585
616
394
1011
1223
299
16
182
1403
855
701
976
94
67
278
782
25
727
142
390
680
232
312
79
266
200
552
31
608
277
109
220
174
104
867
102
990
323
417
51
261
160
802
452
132
78
49
229
278
492
216
388
312
58
160
183
455
372
164
495
265
616
121
65
238
528
459
485
1328
485
382
454
378
122
527
88
248
340
457
367
12
271
173
182
160
952
348
604
478
21
336
463
714
161
144
231
94
161
230
75
626
78
526
660
342
1061
447
821
460
202
62
655
15
82
287
150
70
1008
455
117
66
445
186
192
253
59
865
131
154
526
237
43
414
57
318
249
943
485
361
282
43
538
75
136
206
553
181
387
59
761
1152
578
244
121
146
97
22
74
598
239
222
156
342
162
353
542
73
92
97
488
423
36
149
256
274
343
301
101
1915
166
169
284
629
465
73
584
120
290
138
96
53
292
742
576
549
352
553
840
837
963
1074
