real_Parameters :  plgndr 	 failrate:  1	 Fm:  1581.1886	 且最后的Fart/Frt:  0.5818774047999999		   Time :  327.7466

21
131
187
374
286
904
1415
949
1805
1865
997
2072
1328
2957
368
2991
49
28
97
3360
973
868
22
188
61
353
2079
3101
388
124
3154
2325
159
1446
587
3495
1792
1605
126
1326
210
1995
3812
179
1623
1087
481
371
2639
51
121
1438
1680
2462
1676
1036
4988
2022
2808
2140
376
1956
157
1709
2318
2648
418
47
794
806
375
2662
2614
1299
1913
1252
223
391
4638
259
2773
59
1396
2580
775
1635
2774
1097
1227
97
42
1237
4169
2662
2967
1958
816
130
3864
69
2439
1421
4940
295
1229
681
2757
307
5970
70
1152
1500
1372
182
281
5223
1161
106
4838
2608
2332
2696
265
758
533
838
2058
3168
589
290
4001
64
957
1511
296
388
187
4173
118
852
67
559
2509
446
3855
3022
49
2044
1192
1657
4420
1535
795
2344
75
980
511
978
632
818
217
4096
2296
646
579
514
85
2106
1026
894
4647
289
1860
2875
2732
2988
14
4769
3571
198
439
450
647
2869
369
587
171
81
1627
226
1414
128
1529
78
1822
355
2178
934
159
1537
808
731
2522
121
2587
3681
80
3828
730
1326
2280
124
97
171
2060
2432
82
323
4611
2077
2413
204
353
6709
1013
541
575
175
2677
895
1359
1923
912
227
3620
71
2082
566
1689
323
802
130
1835
3303
114
4101
2180
2463
1396
2919
1815
61
2448
2627
468
2175
1458
2621
780
880
4588
726
1102
1380
495
1544
114
3297
2036
2414
2
888
3354
751
516
1180
317
960
1059
571
1595
548
1038
611
695
216
1382
837
191
1689
2403
1792
566
1943
2973
361
5051
4893
1080
1600
1525
3074
2730
3136
66
710
1255
372
2436
2385
1755
90
2246
3166
259
1999
171
3559
24
3142
2688
1406
1763
4222
358
4564
1576
5983
120
759
4842
2913
107
516
290
1310
289
1156
148
404
114
1068
2219
569
924
3577
10
1713
1265
2269
5044
2327
1619
1217
1655
4544
153
155
739
832
3391
2842
1214
2685
1839
2343
3859
1668
170
3322
1390
476
970
1516
3178
2545
704
588
1992
1694
3169
2214
2559
39
102
4991
602
3047
2897
355
2074
1912
678
1707
2855
208
510
1646
79
2676
135
3384
2309
2054
2847
5159
579
4439
6342
1654
959
2862
109
23
2395
1812
127
1458
739
3101
2576
3976
3921
1420
66
965
239
100
142
1876
2820
2658
1703
89
2982
981
882
3357
1457
447
412
4105
4361
3853
52
50
2670
95
595
2995
735
252
148
3301
620
4618
3395
4164
73
2763
3602
82
781
2385
605
1358
37
395
5503
5
2490
1097
1794
2594
221
4515
921
5049
347
2152
401
2762
363
19
2340
2111
152
49
2133
153
2731
318
974
600
156
724
39
998
716
442
2692
15
581
3247
2527
4105
370
2558
1722
2744
3478
1039
2480
4522
628
3402
535
3370
1163
1649
993
253
1281
2866
4300
807
2072
2817
1400
333
1179
2876
2519
4800
1977
636
832
588
2881
1899
4444
2680
1949
1747
2667
694
1000
1591
15
1886
216
4510
184
31
2752
2330
346
3060
783
995
2872
1057
3896
279
431
349
1106
1541
222
3005
156
561
365
8
29
3567
2460
738
2409
1632
80
3747
1228
1327
556
644
83
3582
255
312
1745
599
1638
2247
1038
665
1366
4214
436
3100
1428
2516
173
182
80
6406
3256
1442
68
506
242
551
33
895
1476
1474
2213
1558
1106
1787
1862
310
790
422
1373
1509
3835
2495
1179
2439
29
557
2288
545
887
2618
152
1794
2275
1362
4661
1159
615
3676
1465
638
3953
1420
1390
1705
1815
953
422
4371
295
70
329
548
71
2552
1342
646
58
6107
1868
1460
2901
900
495
51
792
93
2059
180
225
1096
3248
4860
90
1067
4271
546
277
3243
328
1475
2035
2913
1710
708
2756
246
1829
2063
2035
47
1507
1962
1149
1581
806
25
3697
2208
5297
745
335
1416
2777
2485
715
124
1686
204
71
2594
124
3423
163
1247
1474
169
3251
706
2157
1098
915
2510
1114
1686
1768
316
2566
278
2084
3603
663
1329
3845
1713
51
1400
170
1255
4705
4448
1876
925
360
1560
1758
2290
1922
4730
466
212
2305
16
1008
2577
373
1324
647
1747
1917
460
5336
109
207
1434
1829
236
660
1043
9487
1836
1702
693
869
669
3038
4949
1555
1137
971
778
846
553
1445
46
6861
54
1437
3752
43
1536
46
1587
320
2794
136
2790
252
53
108
528
99
521
414
230
109
386
1754
5555
2431
425
1111
4029
1058
2703
309
2759
975
384
750
905
1935
602
2377
2497
21
284
1743
287
118
1925
2264
140
2402
1943
2853
283
756
618
1955
4139
1136
2209
195
3294
1024
905
1302
2285
99
119
957
122
1880
484
3786
303
1837
418
87
225
141
4573
1741
4042
416
106
2204
1248
277
2352
226
100
485
115
1984
162
67
1611
1700
3274
4242
1125
2403
2424
3286
173
1299
3680
1403
1025
4934
439
1009
2994
1565
1578
338
109
3841
3578
117
1271
124
3014
3769
74
24
7280
620
84
3531
3906
2
30
1884
5111
1816
1111
4266
170
2661
146
662
2000
4625
2121
468
1929
445
2598
855
412
412
248
1124
4872
2759
821
1671
269
2217
2416
4401
1797
1575
321
369
2889
1805
1349
30
5952
345
843
746
1134
1154
3157
579
1810
2089
5924
726
312
3823
2929
1718
54
373
530
910
1215
3541
2003
410
1354
3654
2254
131
210
1710
1818
190
2264
1685
914
775
2537
889
1010
3284
1479
87
779
4612
1441
1362
2046
426
159
2795
101
2071
2929
267
1877
1480
3196
904
1720
300
6409
1595
2996
577
700
1753
3436
1934
1393
1304
657
2452
248
946
216
257
3287
206
1243
91
59
985
4265
1903
333
4783
646
1198
349
787
3325
532
1864
2317
1882
8104
2551
2511
756
4152
2637
3319
4638
491
2721
141
497
1403
121
389
181
60
49
1102
89
338
478
1424
701
7
1877
2903
275
1334
1733
349
1129
110
419
289
4469
3247
5253
5030
2771
1921
1007
4161
3320
141
3002
59
508
4017
1400
3856
257
2514
830
866
3283
2147
1279
292
2066
6707
1456
1391
1578
2
1159
6324
2034
4176
432
132
1504
1618
843
5028
5549
960
3652
182
2429
151
513
23
46
2362
2106
68
585
5388
389
2
146
40
767
316
1639
530
202
401
1272
1965
2661
1438
3115
465
190
2469
2289
575
3314
793
200
2284
142
2011
1638
293
289
231
1483
2173
450
254
2531
3109
2429
36
902
981
4888
162
836
585
504
492
2758
2164
1940
5749
219
2817
1782
1411
558
150
517
40
1277
20
789
327
1266
576
3997
1348
1948
731
1151
1112
2372
38
2132
51
1164
3165
2337
407
141
3285
162
1449
359
1168
2112
212
601
297
4094
794
4833
2462
2886
1432
1731
2105
39
964
4344
1110
685
275
1458
545
174
323
4858
51
1278
300
1975
420
5065
3605
3095
2708
1311
336
1664
3400
2390
3288
296
301
71
2703
985
340
2397
28
150
691
2655
2802
1892
248
2486
2192
1865
1550
439
353
2800
686
1571
31
151
1817
1893
2564
3385
1790
720
1454
4585
2185
343
1146
658
4783
4969
2276
116
3386
53
234
2160
1902
978
1310
637
1665
3179
149
1715
1076
829
221
302
304
257
2103
1846
2818
3904
2021
6
1453
3332
6
3259
1443
1270
240
88
473
811
83
3180
1410
5078
1281
2368
3334
2103
527
1775
837
328
1427
395
848
723
2464
3910
1793
2603
3762
792
3398
131
2006
3
3343
3253
3174
321
3398
184
1599
1433
59
808
821
1771
5456
959
886
3210
1880
1017
736
2088
809
3133
4667
161
2166
1392
2687
1041
2055
996
1980
1029
53
3737
632
2428
1163
264
2657
3900
3135
3472
301
2300
2847
477
638
219
24
53
981
735
314
71
1265
41
71
48
102
3144
2598
3305
527
31
3584
90
980
2705
214
2828
4727
2758
2134
4547
17
2243
2301
2908
5774
217
1916
773
3055
655
82
58
2405
1612
1323
7295
460
3577
1190
3198
216
641
2962
5460
4233
3857
469
11
4109
73
218
1456
152
5925
2511
2759
358
333
897
2563
429
2242
2023
300
891
3147
289
2617
97
412
2775
400
1741
855
4680
1895
1389
1447
1752
1138
2500
28
3786
169
1642
62
2380
1255
4267
216
2239
725
212
4255
1987
822
94
852
252
21
442
2761
344
3219
1819
682
1405
1600
1731
17
204
405
596
4827
50
384
443
3579
27
605
316
328
266
415
624
2667
327
623
77
194
2419
79
2034
2206
1498
41
1696
732
2799
1716
4609
3317
623
2774
1940
2102
7
1169
2673
2094
2536
66
1603
160
737
1584
2089
931
2330
6927
3985
139
2152
1414
867
3503
379
2552
746
3437
54
3978
385
2434
2263
2301
1330
4846
2316
1265
1642
772
2297
260
43
961
84
103
2483
229
907
153
332
479
127
1902
17
65
374
281
1418
1763
109
2396
66
2336
1671
302
236
1570
469
315
40
1528
2570
7
299
847
829
93
1140
2310
1790
1481
1020
1771
266
6220
2840
1329
1689
1548
46
1809
3934
815
104
1088
1262
493
937
324
3006
1239
265
128
2445
173
632
676
580
1169
1171
5575
671
548
710
672
1881
4079
317
2016
1588
2580
260
37
65
1267
190
191
3255
2390
2846
277
3411
7
3888
1685
2634
536
93
653
2606
3714
2146
4466
2326
1934
796
967
4665
2142
2466
2071
3079
74
63
2048
36
1506
6337
1812
4003
401
1084
1626
3426
243
1801
1726
4690
165
575
1722
1515
401
612
917
2461
233
2476
287
270
831
3906
157
914
311
605
5329
360
822
1647
224
1270
4391
560
469
534
2676
3189
917
3755
2324
76
1309
223
937
1321
1967
3584
557
2473
1136
2257
3492
7804
459
848
3008
737
3892
507
281
118
2338
2027
124
174
2247
5788
1631
745
2887
40
949
4870
1145
130
618
821
5561
750
7553
2062
1239
188
236
1410
531
883
30
2344
901
1869
1282
630
1865
3117
5455
276
6959
1073
918
1138
2756
2100
2563
445
64
1493
715
2549
1616
211
1594
611
35
2218
1759
1941
1525
3333
71
617
2138
5012
1538
3142
2647
469
4275
1577
1469
1503
26
1772
1956
585
3675
500
16
161
1738
700
930
242
83
895
2397
1866
102
1949
95
297
355
449
311
2008
3471
35
2995
293
911
286
281
1789
1768
2130
1092
26
51
696
1442
58
3867
1848
191
2453
1433
785
154
1957
2398
1991
4688
1407
3659
1050
872
867
2568
1072
1079
917
5691
2251
1518
2898
2782
3499
185
1461
3315
1857
2795
3211
787
1261
3291
55
569
378
355
704
1073
2724
674
820
587
172
1712
1642
66
4868
3487
707
483
104
1219
1355
2204
3587
4266
561
1142
523
4828
1460
4933
92
909
25
1898
106
43
955
1140
81
352
1762
1702
195
2
42
48
514
794
332
1534
4014
1588
132
1129
360
2121
643
2911
5097
2325
223
962
3743
2154
1204
2953
3308
5029
1082
1734
1077
508
81
1875
1
192
2346
128
479
592
419
1646
155
4098
65
43
3580
456
2616
635
2047
608
1229
1224
2177
26
1071
1344
1793
1128
4593
2191
86
1458
152
844
306
2730
42
1722
324
1154
656
1017
625
817
5608
6325
1350
86
1187
689
789
244
699
543
282
78
4261
353
360
131
456
768
3475
237
1592
6127
81
2163
2312
4031
158
3213
328
4041
2874
256
2307
651
594
1429
550
74
93
300
500
1010
433
156
2108
664
1628
1409
877
71
2219
2503
304
1009
5572
958
1396
103
211
7938
3656
1773
1281
2088
231
810
1193
2269
1134
33
1023
2456
1089
1795
1744
239
328
756
185
55
1471
1217
549
1185
879
258
279
448
1073
3137
3224
41
3137
91
1777
2262
2264
513
4396
2190
110
120
179
2046
327
3283
5253
1642
2056
1204
3019
850
1640
2052
804
237
167
1703
894
1718
722
1343
3563
158
219
798
720
3166
4134
476
124
197
140
574
765
1979
1455
2446
784
349
3402
96
3187
2854
270
88
2273
653
890
996
24
661
941
147
3707
169
1970
162
332
1395
2504
3652
3170
1457
288
3617
50
811
1554
1539
1545
30
1294
834
513
652
277
3422
1768
1701
3285
1697
5432
58
2201
1412
250
1598
1330
662
1108
2470
2037
4803
790
606
181
4935
2368
1045
100
144
347
5150
1255
380
196
584
2857
1239
240
313
2688
4383
1939
2627
78
6670
838
130
73
1423
938
1210
386
1881
745
2454
619
922
3372
2052
295
3338
4419
458
2250
2116
4802
722
2149
623
3082
1116
5278
1755
1247
208
1148
261
1391
77
2086
302
444
115
2470
87
224
4142
103
3404
2574
1867
655
306
170
3960
42
3199
1762
282
1707
7615
2705
1282
670
786
1081
3097
300
2730
503
520
1803
2845
1256
3819
135
1073
414
3101
2551
1794
1020
52
388
2564
2744
27
3524
2873
1149
4108
1737
1431
519
2793
1744
655
1977
2832
1015
3156
600
2507
333
1165
224
864
510
43
358
64
1148
1269
6441
8056
1820
1213
1936
2028
6846
1280
940
3585
55
977
216
293
1037
256
4118
407
37
2921
1221
867
1365
443
1696
623
5401
344
702
350
208
285
2314
3405
284
904
2290
1392
58
29
1389
129
862
1541
1815
181
624
673
1382
1888
162
2750
2807
354
3018
305
1714
732
651
1319
1655
186
4729
57
2073
822
1975
2488
3909
1316
190
4181
995
53
3797
2871
152
5328
949
2585
2860
2273
2871
54
831
601
2478
2196
388
857
208
1730
347
554
1468
214
522
2898
181
4901
2967
1804
88
169
1171
817
2186
129
2315
1289
695
1862
278
2810
1340
1606
5222
4526
27
884
1923
3283
483
4005
892
3941
325
429
258
194
331
1130
232
154
207
3146
3423
3270
530
1053
423
883
16
737
194
919
1356
32
1122
373
2570
2589
2599
188
216
61
4894
1234
1094
1882
993
242
2850
950
1479
1221
908
2888
468
2163
91
419
153
2129
1518
140
872
3152
1949
606
3328
729
301
2952
1208
3735
74
610
2007
2541
939
129
4674
2512
2634
1319
588
262
2136
241
313
681
480
319
1995
672
4066
750
37
2832
1325
771
3730
327
1804
1605
3977
2155
597
4030
4133
3354
492
1372
589
4785
388
272
4690
3802
1136
1402
1925
784
2439
1244
412
2007
2030
2286
361
883
141
791
2413
1436
656
1210
177
801
1882
308
3176
4093
1058
3679
4686
1630
1659
1157
3464
614
402
124
4128
71
8063
88
148
2653
1051
4386
109
853
661
2036
3699
399
88
2264
1823
306
240
86
3644
890
1178
4057
359
72
872
3585
204
146
541
172
546
1245
396
2875
3155
118
1845
2758
3564
128
859
3836
1519
1892
2742
4477
1173
80
2082
3211
5036
2150
2601
1478
721
1451
1367
2001
51
48
1406
4759
2280
358
11
3123
1833
1549
3247
39
1287
318
2845
222
2755
4164
2656
1671
157
1478
576
2138
1079
826
215
1200
147
79
1919
1721
6186
1610
566
2366
1843
842
991
2369
3277
1024
1436
2345
1206
733
2085
209
2961
93
963
1796
967
334
800
1766
3518
400
543
75
1773
1990
1806
5382
369
1923
505
1364
2347
3383
505
151
423
2624
4468
510
521
1214
3345
347
2468
2607
1879
650
1035
624
985
195
1055
489
355
2473
1181
1472
278
1079
891
2494
2431
1466
1373
19
1305
203
1262
1927
4664
2757
345
375
2021
1208
2
530
3843
782
317
2962
456
1344
1174
535
2119
2151
84
3994
3601
1229
235
32
145
162
2951
129
4104
1809
3734
1107
681
119
1344
1072
284
71
145
2368
1033
1064
2794
2436
45
1549
1471
650
3201
2178
197
3340
1812
3036
3346
899
1626
110
740
5968
3047
557
248
1813
1176
1014
608
2555
468
1211
169
561
1276
649
4207
10
79
988
188
2156
417
2155
120
2026
1458
82
146
5295
49
1211
189
4335
2470
4468
2941
1252
2314
1790
2299
1374
2369
69
87
85
1839
640
196
765
451
1545
185
2095
943
6305
3241
2090
7
1095
1254
2680
2476
2091
1545
1354
3392
1880
1056
1985
214
2662
1579
307
155
5938
3421
1578
394
3531
48
2802
4265
351
1940
7117
1060
99
1066
491
89
2284
227
951
3201
2728
187
302
4634
684
326
4173
1374
2829
2108
1312
1747
7753
2184
371
1581
103
3792
362
3467
3567
1929
864
2154
76
211
721
5449
2000
1397
487
1294
451
58
1979
510
354
301
876
77
1659
1436
1417
94
815
4616
2631
1790
73
1611
8
79
249
867
2494
987
96
2969
261
3016
2703
321
3504
1569
167
1356
3124
3250
345
4526
52
524
1117
199
2610
3084
4617
220
4930
1383
5423
211
1588
727
2115
2255
267
1889
178
1723
370
966
2319
2545
2575
3220
1563
90
1865
2299
1573
96
179
614
3962
281
1636
2148
149
1361
89
1539
547
1081
92
113
1229
2270
3251
772
1844
660
717
2942
25
47
1059
3381
1473
1998
223
10
561
83
400
758
1101
4063
552
608
2063
2046
76
1364
48
139
1745
36
433
2219
4342
4198
4456
295
145
457
253
294
248
3301
218
1335
764
2309
224
822
774
5536
232
3049
193
341
571
37
28
1269
274
1867
2336
724
1001
688
2758
78
112
1883
4073
103
1079
790
276
106
121
832
1047
73
2352
325
3132
2655
19
1853
1483
2877
1060
9323
1927
2767
312
971
2057
1905
2944
3820
2756
256
696
181
217
282
4742
3159
5507
1660
2412
2557
85
518
1301
236
1894
717
852
230
24
4683
1986
5002
2159
823
317
7
3796
906
1241
2532
5126
262
1396
4258
763
2505
634
847
2063
964
83
432
1644
1280
2752
812
2220
4393
2191
341
315
531
859
2836
523
4497
1259
3736
4026
2522
2689
1178
742
426
1387
2802
3314
1331
585
1938
851
148
465
90
1632
1749
1997
2891
2670
184
2546
1238
1470
2049
2936
4200
1745
731
2752
336
2475
63
3635
1010
2083
196
1174
331
55
4490
629
2487
89
2132
2418
2031
3035
89
1434
1071
2003
2412
2338
4103
97
542
1622
2939
250
222
690
1560
3001
2924
1087
4023
437
1935
3942
3632
1507
2373
3041
3275
1621
2149
401
151
964
240
1464
437
3931
3667
152
231
319
1379
448
2466
2880
1588
2332
185
825
256
1933
139
305
699
2925
112
453
314
1767
139
1789
2536
759
85
2465
2432
3011
2110
824
509
190
579
380
269
1803
3792
789
254
127
165
4191
624
1586
2245
225
79
323
279
3113
1958
528
1703
265
1692
3361
446
497
2576
1724
1464
101
3550
1732
6158
2702
1467
959
261
4061
147
298
3674
518
66
222
2939
196
189
1903
71
3824
395
931
639
2687
3804
2966
1871
1362
2986
2102
1379
19
2426
3631
6634
590
2853
5127
2333
5254
279
3073
2034
158
1179
951
968
7131
4902
102
530
405
923
2252
1803
66
412
143
798
517
306
4698
1836
503
794
2
1027
100
318
1125
1937
802
576
245
1077
4604
45
916
781
1428
188
1132
3160
1294
3434
154
2919
3937
2773
572
2315
2932
1150
762
1452
58
4
317
5093
2856
87
2877
4632
409
24
3016
323
2293
2318
1830
510
1481
2381
173
1166
3500
371
2172
606
2636
944
4594
52
2528
19
2343
1930
2530
589
3838
1013
3695
1234
742
26
12
1269
1419
1086
522
1133
429
172
111
1442
371
593
1531
1950
2635
3005
2586
2401
5224
2239
1112
54
783
47
5501
1683
429
1396
659
93
1673
98
85
1398
3928
1063
1642
2240
2781
5050
251
1957
63
1609
4144
915
130
1715
629
34
1699
201
6190
43
2933
1362
464
3384
1641
224
2431
350
274
219
1341
1221
524
1704
142
222
1625
3692
105
623
3971
63
1493
56
512
154
323
2204
542
3208
1469
1796
1865
3623
1011
2152
2148
1863
1323
185
75
1987
2019
1790
319
3242
99
2327
1396
534
112
1851
1800
479
4567
4215
3714
967
1824
2977
153
2355
969
163
1697
53
1425
1417
1960
2429
1869
3639
563
722
2010
4790
2065
693
60
416
691
1986
64
304
3274
3179
166
2499
4356
168
936
2311
2919
242
2601
7184
513
872
825
3561
26
3952
378
2129
1895
2482
2340
512
3499
1969
348
2412
18
2652
1151
2453
266
1208
1463
83
2752
2897
2295
956
1342
65
123
2134
2020
327
5
717
2556
187
897
2220
759
1389
4764
104
2539
3038
2995
2659
37
728
1327
278
4390
1177
2673
1168
1006
2915
2981
3812
2209
2308
1285
2147
94
414
252
2750
188
1972
2847
3926
52
1530
868
3666
1058
4965
1508
187
1704
1366
119
24
2054
3806
1775
5230
2933
1714
62
1140
521
2832
117
184
1940
591
2820
2083
3262
3615
97
1248
215
172
3377
1609
158
1517
1481
2222
1378
92
2689
1644
1379
1670
984
910
114
3734
3402
1605
37
3392
1475
61
730
2322
2368
1446
3684
675
1605
2577
1345
3041
1537
512
4821
3552
1188
1932
148
102
2808
250
268
457
1621
1055
1746
979
2106
38
77
382
510
1458
2947
1829
165
330
666
1452
620
80
2312
6597
196
4349
543
2186
632
1135
363
2054
1421
1406
274
2414
1282
1820
3018
3304
807
834
4019
69
3962
1183
609
1373
1408
1888
3894
111
1989
1063
2397
78
755
1652
1476
3679
1901
2475
486
2053
1565
93
2372
1917
104
2725
1735
3483
4432
2247
535
776
52
415
498
3698
470
3249
2790
109
2628
2479
1385
1199
3063
806
4611
574
1243
4782
135
10031
149
389
2180
2089
197
2860
1043
634
614
3103
3290
183
178
2815
3324
2836
420
38
239
332
756
84
540
1127
1839
1015
1878
2697
1239
882
1077
2947
420
691
1844
4285
679
1715
4311
4543
3448
74
3532
500
154
2143
1836
2377
47
225
1851
534
160
460
4371
974
287
2235
165
981
287
3514
6355
3537
3969
5448
89
294
213
95
115
357
1365
1494
5058
461
1123
607
1964
3588
1215
2696
1225
308
2115
507
1551
2518
220
624
2
382
104
545
4808
2061
453
3879
762
2439
2091
1683
656
2418
2056
3195
901
104
4971
218
3194
2159
428
1249
3579
3265
3732
4
2711
1201
255
294
2101
4837
540
394
360
2577
1039
2543
2239
346
895
1376
3800
1167
886
249
1225
5178
1916
4056
672
756
2336
213
2040
1685
245
160
407
2806
3745
2433
4072
887
4810
719
713
1924
710
1736
1787
271
2646
32
3054
4565
688
2736
3141
866
94
1643
2
1849
1094
332
2056
1915
229
1618
2722
1824
1321
608
2024
3274
1384
568
5240
1506
236
528
2201
3398
52
333
1164
2194
355
1642
225
5722
1741
3832
1862
1753
90
1825
1797
1359
164
153
1300
103
2020
2616
842
456
1226
2253
2778
952
1818
2055
4014
89
153
312
923
720
1435
128
2112
1731
581
207
675
3448
37
4303
2233
1744
1203
520
3911
2947
1203
57
2353
565
1337
3205
1232
2117
546
664
910
1103
2339
6620
1981
681
3613
829
230
2379
1039
7697
5502
147
3265
4003
1990
3159
716
2968
1157
4308
2496
2728
1118
3833
710
124
96
57
609
1454
933
25
460
1634
2142
220
5058
4785
4730
1710
5307
1430
2888
5919
116
375
3424
196
1382
337
2055
204
67
75
3099
185
2337
1536
3930
1501
663
2709
842
1935
225
154
1266
7497
2806
436
192
2008
1493
339
1929
1319
1717
5186
1072
1321
155
577
182
39
23
2975
734
4483
311
2152
933
3365
137
3311
3592
1104
837
1731
1627
667
95
168
820
429
364
463
557
380
482
117
1939
434
710
1621
69
987
763
411
2231
4515
1466
783
3223
2870
968
2236
58
692
245
2623
1492
181
3782
1269
2679
3905
44
329
1344
969
3109
1023
1932
3754
674
71
515
426
2616
105
1886
1786
77
185
243
1088
2270
3043
2290
4076
140
675
114
343
1651
218
461
7768
1097
3765
164
973
4789
3426
1036
1945
680
759
596
696
2334
315
365
3617
280
2784
1088
946
2223
43
733
4702
93
1950
66
696
2165
1179
3399
2210
60
1535
63
30
2772
497
347
1671
1571
2281
672
204
765
1094
650
526
106
3686
80
218
1209
2965
331
672
4466
421
797
1428
167
3334
4242
3522
1923
3114
689
851
241
129
445
1131
86
1861
1882
29
95
1936
449
3227
442
568
291
2953
2289
1123
2682
4648
111
7805
1194
1631
2701
732
267
2307
701
130
1112
10
3306
2292
3722
3823
5761
3004
374
255
5563
359
2374
647
1142
2597
859
1046
4037
1894
3084
235
58
497
233
481
1898
1962
5566
835
37
794
2738
4582
1039
422
78
1159
841
2373
2307
2931
2251
1273
683
1812
2956
294
1131
1538
3157
3813
11
2152
9848
36
1205
2679
2029
1361
4311
2013
495
1192
201
3365
3041
9
34
2927
3538
915
500
698
555
517
1020
2432
2396
3558
1089
767
1098
1005
1425
2105
6059
2230
2736
1518
275
869
2
2291
2001
119
627
191
4435
3533
1777
1168
1499
286
2469
1233
1881
2713
155
1307
6
986
3505
550
3947
251
3525
254
3571
2167
1649
967
2278
4737
1337
155
1615
1066
352
2380
4199
136
3379
55
560
4979
3284
554
597
2294
2126
4803
12
43
2496
434
3653
240
959
4295
274
180
2567
417
78
2964
1212
878
3916
6190
468
62
585
299
3251
1062
57
90
57
50
1110
281
2465
156
182
827
2104
499
554
3815
2283
48
2466
3426
2987
257
1015
694
1908
1537
1486
59
1785
773
693
2335
1375
637
1676
1477
355
71
138
406
692
2747
2262
3797
599
66
467
1197
752
59
1059
2317
1652
37
679
3016
1206
2735
1039
881
255
1325
556
2997
240
312
670
547
2434
2170
388
1783
1084
879
2820
811
460
215
11
6187
23
1114
2514
2561
2413
1312
547
1574
549
2931
1907
3436
3565
1916
495
1719
847
254
285
1133
363
932
616
2106
837
592
58
1058
218
1845
63
278
191
1646
1597
585
2820
499
181
1652
3819
1763
28
26
778
2545
5315
2336
1920
2495
59
769
158
1342
762
576
592
1822
708
3548
2144
1325
2287
1122
1893
969
2892
20
1908
3739
2047
145
1158
53
155
2330
1251
281
2079
315
552
3625
203
164
416
1692
352
2744
588
1236
303
5791
7674
160
2574
1598
3083
470
1253
333
345
2828
19
361
661
1023
1831
2612
2258
816
885
1904
2797
2104
701
1291
976
2456
367
1469
510
974
2104
3991
1348
315
2695
328
717
60
2031
691
1053
904
3062
2187
5020
7
1695
795
625
1949
197
31
2701
10
129
2404
2422
1293
1243
117
119
4059
379
83
2153
7
3146
1786
2560
301
1573
602
22
4561
62
172
1371
982
6452
1880
457
4410
3906
472
62
831
4166
5936
2918
826
52
4572
1356
1676
1965
749
1259
42
2769
3059
2598
3431
837
1079
2415
1468
84
2453
4195
725
2682
1375
4305
2266
2605
4739
2834
2715
446
2191
132
145
1950
192
3853
2556
2539
1395
1378
4075
5539
370
49
441
2638
1279
1769
1267
1787
968
3530
1551
1135
857
107
539
771
365
3100
239
1342
1695
217
529
260
2
392
215
1576
1830
12
5096
2647
2236
2606
165
4039
133
2776
5882
5439
161
2541
1128
710
1281
1316
1400
731
60
2079
2019
258
1149
3964
2377
757
3448
2029
2750
499
3833
64
3486
1318
2584
1137
362
85
846
98
104
31
2415
1382
635
708
987
3573
213
378
819
678
95
2472
2688
859
3415
6655
82
2516
1319
2
126
430
2889
2064
34
3797
2053
1787
1901
3362
5031
3191
