real_Parameters :  tanh 	 failrate:  1	 Fm:  309.249	 且最后的Fart/Frt:  0.5619054330000001		   Time :  8.7534

4
36
225
246
41
256
268
299
373
367
30
416
156
256
492
85
134
559
420
334
243
584
325
361
230
318
236
115
54
65
193
734
226
70
233
20
310
202
763
290
368
157
510
75
311
434
167
470
1
515
128
424
550
325
428
214
919
62
397
222
207
354
484
492
18
30
235
273
644
205
20
195
85
381
528
629
201
150
539
459
253
311
132
210
131
115
310
454
446
244
37
409
163
470
164
173
212
341
500
686
513
398
436
301
543
96
540
392
153
423
409
624
354
134
263
597
215
313
407
32
240
209
553
52
258
382
118
240
115
188
373
314
322
315
233
610
42
343
764
448
581
337
704
129
639
348
586
141
19
16
53
389
449
330
235
197
128
164
110
48
440
345
8
500
483
319
500
621
943
172
25
532
390
109
80
393
313
190
378
241
103
25
575
255
286
381
321
218
73
49
279
41
386
590
532
170
610
475
419
121
277
187
56
467
18
102
130
651
657
336
18
320
217
358
273
258
174
240
401
247
131
590
258
857
483
214
312
236
64
125
200
553
555
249
268
299
164
482
323
399
528
534
590
150
330
496
63
431
299
142
658
37
725
486
486
501
221
675
20
529
501
70
422
49
219
682
732
178
574
800
325
129
391
171
447
131
217
584
336
202
560
321
533
415
403
653
636
261
369
30
185
62
195
41
45
196
609
622
5
133
368
179
199
103
507
363
304
226
374
580
305
18
172
64
279
153
15
210
343
270
112
569
97
345
159
263
209
98
47
40
510
62
757
297
162
575
214
526
272
56
130
157
561
237
509
387
91
10
196
594
163
208
126
721
135
205
119
715
487
427
5
327
53
669
427
60
294
1104
253
254
212
415
281
78
369
559
274
420
736
19
244
134
638
3
502
201
332
45
425
92
438
157
262
177
76
270
318
119
372
28
174
45
578
469
334
115
278
528
819
484
577
183
168
222
291
524
371
161
94
957
504
311
665
223
172
386
315
225
380
696
719
36
326
179
7
414
155
338
318
509
405
222
213
677
692
720
353
431
457
405
420
109
222
554
119
454
637
504
163
106
337
103
463
503
210
293
62
154
43
388
727
501
71
450
6
218
849
397
71
120
222
28
126
953
751
226
421
176
161
281
134
397
535
355
582
849
218
177
632
130
87
246
686
90
11
214
719
336
56
450
199
571
182
425
266
225
672
253
425
134
303
16
358
519
290
555
384
54
59
265
496
417
612
480
224
375
127
167
207
303
216
393
125
333
336
639
196
85
191
411
491
94
642
226
566
241
481
365
139
443
110
185
396
9
219
383
441
371
335
145
465
90
838
209
403
68
419
197
258
507
235
761
434
507
502
38
230
49
85
157
891
578
335
85
301
744
157
193
370
358
175
3
725
828
160
137
74
325
175
185
307
36
285
191
47
403
707
660
143
60
109
16
611
5
757
551
66
59
197
272
679
187
126
208
33
109
180
375
16
62
678
43
398
642
373
401
252
181
549
909
266
401
143
425
297
621
38
460
25
485
353
262
249
71
115
81
134
299
597
136
187
194
275
737
540
3
118
372
327
346
325
84
182
454
27
295
234
421
109
510
555
172
93
219
653
155
532
302
176
111
383
92
888
113
56
321
795
523
278
6
111
261
846
232
348
311
201
397
371
50
450
6
187
322
402
466
185
474
878
511
149
113
138
289
325
128
158
432
435
180
775
254
247
124
245
135
142
290
665
97
289
46
383
371
193
327
483
223
181
76
389
179
256
372
353
195
636
184
153
122
250
206
17
84
219
325
44
351
214
28
40
190
388
469
383
251
231
323
322
122
253
443
867
143
408
118
830
539
554
228
589
48
254
447
26
246
565
252
1
409
87
266
38
655
5
557
595
43
301
111
504
160
748
371
277
453
141
308
551
258
508
190
488
70
260
199
138
34
277
32
91
77
191
380
413
229
550
252
134
539
765
44
415
114
253
268
335
241
242
412
44
577
48
366
267
148
77
545
502
494
11
499
638
509
434
379
81
337
603
90
395
440
567
563
464
52
187
431
101
258
201
114
385
72
48
619
290
231
311
482
132
442
103
582
288
718
471
463
109
584
207
119
647
32
184
59
270
653
283
594
87
352
809
52
406
340
199
386
434
622
180
239
631
970
96
188
204
119
145
427
652
274
471
331
351
451
95
136
126
420
569
179
74
227
242
114
341
486
567
443
430
195
281
358
9
469
601
106
86
637
21
63
472
504
139
370
342
316
305
35
119
87
46
450
247
95
119
517
648
108
37
220
6
24
243
62
336
551
245
85
235
24
810
270
191
8
361
597
527
770
214
234
332
139
199
86
665
148
298
360
123
75
157
177
53
174
639
147
106
75
209
567
445
118
446
92
35
390
181
142
356
128
386
243
634
476
174
211
36
190
355
89
526
58
438
463
304
602
499
34
672
468
339
12
286
551
107
495
206
495
783
500
199
440
518
518
784
147
331
319
304
430
27
157
137
426
260
542
685
806
22
498
42
432
268
698
76
156
348
599
319
58
301
178
5
72
870
429
805
268
248
451
19
87
279
447
878
321
493
376
232
51
180
728
522
455
472
23
505
185
184
316
449
300
408
188
382
119
186
695
456
18
410
521
509
399
233
612
710
475
469
515
191
489
124
145
343
250
373
450
55
62
250
140
388
804
188
210
316
116
170
775
279
301
439
198
453
413
403
261
322
500
341
168
305
269
1
458
70
50
89
317
480
5
345
598
375
63
126
886
100
147
231
283
307
66
18
172
142
334
29
60
30
397
365
46
571
178
573
62
75
639
264
523
33
167
512
271
46
39
486
283
29
499
683
193
226
637
227
152
327
604
16
5
190
198
96
222
13
250
39
166
140
328
401
369
951
521
198
337
243
457
316
116
273
725
559
360
575
526
711
522
436
365
529
512
149
359
642
97
285
289
388
419
373
353
384
467
320
399
239
94
284
1046
202
168
175
298
243
43
3
520
231
274
13
428
331
445
713
574
100
62
148
28
322
13
95
8
319
94
61
301
376
233
336
537
344
12
100
236
134
410
324
445
333
787
473
416
78
79
433
619
187
121
43
867
269
275
291
410
685
345
325
63
202
226
243
732
344
270
356
340
252
455
123
386
178
330
643
617
441
96
557
240
310
433
36
610
236
246
332
250
383
348
22
652
196
180
139
230
368
666
644
478
517
241
9
150
681
802
225
168
108
340
427
177
122
613
761
413
5
660
417
795
667
191
275
264
470
255
226
250
659
461
249
224
276
828
357
215
263
109
202
389
198
59
347
355
169
210
474
143
598
211
6
223
137
361
590
134
248
373
106
261
439
34
33
147
413
401
276
397
266
21
608
292
237
480
334
12
506
52
235
152
501
249
30
138
676
478
91
218
311
394
689
348
584
231
379
1206
430
280
470
164
367
160
164
266
294
232
350
813
116
920
514
200
444
22
451
325
357
289
230
215
106
215
711
544
239
415
253
374
418
319
504
183
168
36
36
452
103
545
71
216
439
115
867
243
326
135
274
672
61
534
155
97
441
16
270
277
200
377
575
231
131
16
263
188
187
134
394
4
185
324
80
150
765
28
248
196
188
135
276
431
434
346
325
197
521
437
254
360
524
537
379
254
91
319
16
285
71
298
153
170
256
799
288
174
3
542
386
242
639
600
47
23
201
18
8
599
80
707
425
126
264
82
502
40
125
309
336
437
267
331
380
41
286
94
159
379
291
515
72
147
229
462
340
181
665
547
247
223
267
47
335
160
155
62
362
358
504
376
335
344
87
57
565
329
564
237
347
381
182
332
261
28
350
139
525
162
8
287
280
116
132
165
699
298
209
34
292
357
196
689
464
106
198
120
82
350
105
305
458
271
51
149
288
41
132
107
414
337
261
517
91
86
598
231
348
221
1081
363
146
10
89
372
43
251
240
194
590
111
169
121
252
7
63
659
278
143
130
41
257
455
584
310
538
97
441
198
99
228
242
157
356
488
116
399
503
490
106
807
701
236
115
173
238
444
391
231
593
554
127
708
85
536
27
465
219
5
520
673
34
196
75
465
125
487
96
956
109
306
382
285
548
275
595
57
9
398
240
490
114
419
164
81
156
150
499
45
489
220
189
787
20
3
336
220
315
13
100
107
178
370
237
59
245
245
399
642
50
234
656
82
69
642
16
537
363
94
206
142
303
31
166
6
370
381
218
289
381
413
1059
238
171
512
10
90
721
84
10
188
535
413
263
102
402
380
162
121
114
344
352
67
265
9
325
17
298
351
46
514
76
810
197
314
521
446
35
353
201
336
146
349
264
245
380
65
29
3
156
210
144
294
447
366
229
509
25
279
574
283
529
335
408
327
404
157
173
658
681
45
890
44
740
648
105
225
542
137
198
360
408
39
638
509
569
86
316
21
154
800
258
46
312
333
391
457
80
428
67
443
227
315
760
477
405
199
91
411
539
36
326
481
283
93
369
463
470
121
280
408
642
226
112
745
54
592
132
425
152
271
222
884
525
112
232
474
132
326
461
198
319
466
963
344
498
260
738
140
200
318
320
108
72
336
247
919
358
319
511
201
267
216
50
712
24
532
632
932
612
592
104
682
420
46
411
150
572
710
326
245
557
116
713
323
244
273
324
113
290
91
136
82
358
293
110
782
58
199
120
541
44
205
627
568
272
461
165
94
207
171
317
238
384
127
342
229
188
416
473
186
235
142
12
231
897
622
593
234
40
127
76
233
316
68
387
377
7
283
150
58
371
338
189
347
78
262
331
269
485
75
139
348
246
7
20
517
542
197
162
538
271
131
556
70
311
247
404
210
275
332
623
228
340
491
284
404
93
221
75
94
122
598
365
533
349
503
674
154
28
236
324
317
194
203
282
319
477
10
57
465
59
518
315
206
117
451
203
38
26
321
827
273
274
294
303
229
441
346
344
172
504
153
447
598
594
273
180
53
131
369
364
507
195
6
143
381
375
408
430
539
499
156
509
85
18
223
517
34
426
3
106
136
467
184
199
443
330
350
374
110
455
115
295
793
459
231
333
216
567
428
13
68
639
313
335
330
566
72
662
295
311
19
167
182
259
158
197
401
277
231
191
134
33
577
837
183
318
322
319
282
286
748
230
521
97
945
161
368
254
147
151
125
3
488
181
178
53
494
479
625
257
269
245
108
301
104
515
503
357
48
230
421
658
241
52
228
518
295
147
343
539
424
523
480
517
465
727
385
120
78
341
321
470
989
258
391
160
94
11
347
329
472
45
43
59
883
699
6
866
408
59
103
322
105
69
158
135
365
353
29
192
97
381
70
397
768
243
205
204
111
323
14
751
554
408
273
479
78
242
13
168
254
430
590
12
61
77
308
547
181
233
102
90
209
236
369
459
181
96
254
43
216
411
83
350
207
1
55
652
344
368
239
286
402
184
681
36
240
559
101
189
361
569
354
870
30
373
202
37
102
209
720
26
346
54
81
181
426
623
416
450
182
203
174
210
442
194
263
187
615
310
164
528
221
381
291
291
231
13
286
589
341
87
271
416
647
22
332
479
497
78
41
152
802
4
98
675
318
305
344
273
633
397
135
233
127
45
175
60
212
78
357
801
92
745
24
66
132
13
607
411
545
343
466
288
385
459
599
373
306
134
255
389
47
116
292
572
430
192
119
547
681
804
270
9
61
6
113
259
224
320
120
445
294
409
445
282
588
128
381
398
86
1002
148
451
148
286
125
222
103
480
717
499
10
374
523
196
604
110
170
499
468
341
396
262
341
7
121
286
814
76
236
235
148
254
8
715
297
9
115
390
671
332
385
192
542
323
18
723
438
389
196
570
543
216
519
254
157
877
201
353
432
365
256
101
367
17
245
436
656
796
338
399
357
490
626
257
25
417
250
985
311
346
626
1060
44
47
496
207
230
513
277
472
293
139
434
289
136
375
165
293
167
12
172
535
224
357
459
226
482
256
70
221
238
873
243
676
149
261
145
330
159
356
392
242
307
167
178
352
269
301
37
31
546
315
354
216
45
341
147
883
160
81
48
294
685
298
357
10
426
837
490
76
133
299
127
278
62
80
132
649
369
162
727
163
354
299
745
211
217
255
335
406
330
465
524
668
251
54
271
484
164
349
637
63
522
721
47
809
443
376
203
265
370
218
195
390
278
592
421
590
241
612
390
349
364
189
410
828
83
834
157
1370
812
314
35
418
109
91
270
71
902
278
162
241
349
611
300
280
320
101
393
35
151
290
586
334
749
465
202
55
70
855
95
25
81
613
645
82
461
308
140
483
42
300
149
241
246
313
95
266
211
334
161
436
425
17
202
129
52
87
196
196
336
103
86
530
33
480
367
40
129
641
196
266
520
484
234
237
354
226
14
722
241
245
469
434
468
204
420
146
179
336
330
307
249
108
490
415
1
36
74
734
146
201
340
437
267
25
422
473
212
238
733
269
177
108
273
558
295
9
399
323
268
257
75
9
429
323
230
290
636
267
116
562
40
623
282
22
398
334
213
759
259
286
72
7
300
90
205
513
834
508
184
301
436
138
245
142
612
556
295
258
495
519
747
144
421
510
452
251
119
266
131
516
190
287
156
123
236
141
5
211
342
80
319
374
60
195
139
236
67
304
11
305
649
97
735
361
273
271
220
334
153
309
65
295
116
688
611
23
500
259
269
330
420
105
345
64
166
426
390
294
666
173
222
133
468
446
312
158
148
189
233
339
495
277
147
523
20
469
558
858
1061
115
271
589
66
551
78
241
23
589
178
76
221
291
126
346
563
330
422
162
30
28
558
77
335
145
90
296
706
19
143
119
289
409
402
53
602
652
113
560
53
9
561
182
315
376
146
722
370
192
380
381
361
36
339
450
195
260
94
128
159
398
363
192
78
68
418
196
267
437
126
224
313
55
93
838
321
640
140
370
750
106
12
307
438
697
332
356
64
253
554
424
280
505
72
53
438
222
1078
666
288
258
52
289
744
209
136
123
373
456
289
480
603
487
453
90
378
211
432
180
423
353
156
127
209
196
377
108
380
158
776
334
252
301
120
378
392
271
72
436
310
239
50
155
53
583
305
482
228
372
284
154
737
18
15
574
239
608
779
143
129
306
291
138
458
27
271
525
499
659
53
346
347
487
445
404
107
166
127
624
169
425
416
58
21
20
169
327
78
220
398
470
423
63
12
110
297
104
223
617
291
17
293
189
33
303
87
413
342
885
85
68
333
233
573
9
322
223
160
425
711
89
20
89
27
3
102
520
68
39
169
359
72
275
194
510
652
183
472
44
90
191
243
388
697
523
776
331
188
601
19
273
546
311
129
426
583
718
139
620
353
478
282
387
14
224
410
584
300
31
73
207
236
526
153
331
516
607
465
257
113
117
41
311
164
682
463
144
367
210
36
328
517
103
124
222
37
583
359
1091
246
12
196
394
262
122
189
142
571
412
198
87
21
66
338
355
325
251
338
376
242
35
325
516
608
460
393
302
221
126
136
342
386
367
122
233
445
270
490
167
5
503
57
319
636
290
44
257
280
102
331
283
747
225
162
710
405
184
415
65
87
47
439
377
548
117
443
1
373
12
92
560
613
324
151
219
388
106
236
138
233
206
287
233
370
381
256
222
306
1
67
122
103
177
46
535
223
101
72
413
424
535
361
3
99
199
362
413
447
510
278
257
377
533
533
535
815
446
541
84
67
527
599
274
87
29
153
770
5
224
8
579
55
120
476
162
820
296
689
291
446
135
294
602
111
168
154
259
169
395
313
494
406
299
289
486
553
8
825
300
198
656
222
180
257
236
263
206
582
572
101
197
534
709
305
132
348
382
191
522
225
492
548
63
348
73
135
351
155
526
206
33
147
352
27
63
824
360
91
97
216
279
744
710
111
44
177
168
32
183
142
418
97
159
198
482
138
422
64
277
596
93
50
397
657
8
14
254
101
595
393
274
122
407
174
203
455
504
51
559
198
304
287
114
27
159
165
328
284
12
47
422
454
427
154
350
390
69
401
284
255
359
300
115
381
333
486
462
422
197
381
201
795
931
156
735
988
348
225
274
3
424
193
90
142
288
483
78
666
41
209
261
844
322
337
246
286
365
40
184
233
715
781
497
508
32
401
403
12
234
394
495
3
402
387
81
85
131
236
231
207
550
364
647
192
796
527
596
728
274
142
260
287
336
213
300
36
496
352
149
48
165
32
683
152
81
123
45
563
685
397
231
63
100
139
188
3
289
254
54
212
252
145
354
102
598
1233
299
175
169
244
356
170
31
130
553
501
99
563
70
680
241
231
201
444
44
478
70
522
308
961
271
122
829
332
547
49
115
83
244
184
392
413
540
423
203
351
72
375
307
252
296
368
6
282
106
749
98
294
128
112
341
42
223
130
75
834
10
344
672
298
478
334
131
415
357
225
75
360
269
50
530
134
520
190
535
735
333
735
115
96
569
178
291
593
295
413
1016
506
74
276
741
351
490
78
504
388
458
263
20
372
135
376
425
202
196
629
249
92
289
248
143
479
1067
280
266
36
46
833
735
199
6
218
408
346
358
267
38
311
140
522
148
490
253
572
384
264
8
559
384
333
728
479
273
289
349
486
34
112
42
758
422
356
140
364
309
426
185
565
479
98
639
493
119
349
413
326
643
28
205
43
745
103
374
322
550
419
22
38
153
909
312
320
293
158
250
268
10
443
664
321
489
22
152
189
388
785
371
510
133
508
39
287
195
216
328
32
705
460
145
581
91
288
408
533
172
16
22
359
581
39
3
48
148
383
251
300
276
590
338
93
240
525
187
115
378
194
307
238
676
94
443
374
273
442
162
39
215
202
274
692
460
477
135
559
412
239
411
57
626
210
99
266
511
532
465
136
340
128
247
375
300
229
341
430
188
832
344
166
548
590
334
624
548
202
126
416
9
231
242
150
324
323
35
140
121
512
378
55
377
243
626
303
375
447
30
610
442
318
441
146
271
484
686
223
328
635
613
437
83
32
132
234
56
65
311
290
235
274
690
27
294
533
197
117
818
72
5
63
425
143
521
387
315
360
282
219
283
89
219
437
818
145
94
29
113
313
554
18
281
27
695
582
256
124
188
543
612
871
781
627
402
332
151
267
341
335
179
454
878
37
324
18
291
339
444
360
354
39
243
478
191
380
214
306
75
492
542
275
70
642
11
531
556
230
464
350
325
40
394
1000
26
187
731
573
9
438
168
388
1402
485
292
304
953
623
223
371
137
478
387
406
586
812
109
308
472
455
551
349
288
94
31
154
168
431
670
179
324
330
30
288
117
253
118
534
506
121
762
363
384
130
151
138
275
216
358
296
490
152
778
538
39
188
333
258
295
477
75
341
299
349
528
504
148
265
338
104
166
371
360
105
160
476
583
85
275
18
3
320
172
333
406
511
167
568
507
133
36
293
139
386
491
189
123
331
64
401
474
150
175
147
138
37
314
21
660
63
101
353
278
250
309
19
61
352
254
443
311
678
504
284
601
181
139
522
679
318
39
29
365
576
1154
565
130
153
39
291
568
121
328
12
701
469
420
341
570
35
832
598
464
663
501
517
472
276
136
101
157
318
649
467
444
25
468
223
557
197
656
458
549
263
77
321
351
154
560
764
623
217
272
248
613
374
149
510
56
480
381
16
472
371
284
87
223
200
278
179
418
94
140
114
714
209
170
72
385
360
188
242
18
104
276
90
244
138
481
71
565
193
133
23
247
466
41
32
3
144
385
423
356
511
64
387
144
456
20
1
157
438
620
132
7
140
39
271
527
238
453
34
36
286
76
415
481
462
480
444
215
340
562
432
108
107
486
376
490
342
595
348
419
186
16
81
511
161
465
233
325
709
151
223
565
17
80
242
415
590
71
670
192
44
236
461
126
330
7
591
537
160
356
293
535
314
275
114
134
187
320
299
682
95
122
43
9
149
111
248
285
12
36
435
206
135
453
11
203
230
268
568
260
12
7
673
340
47
489
195
51
122
141
106
520
618
417
375
489
47
13
3
177
455
357
662
30
168
118
29
413
311
229
524
294
119
356
445
365
5
612
13
634
34
3
420
310
154
126
605
311
585
82
154
46
276
176
483
257
176
253
464
202
145
312
167
543
22
334
644
466
33
564
677
342
821
101
456
183
244
127
533
55
131
438
235
176
109
229
497
334
5
391
329
49
255
672
36
256
835
87
454
530
553
446
254
491
366
504
455
483
528
339
31
94
382
40
225
103
368
197
402
501
332
269
158
433
547
562
347
148
684
91
380
113
799
559
683
383
48
109
226
648
246
223
502
92
53
91
189
113
312
305
276
603
426
191
8
199
421
71
75
62
17
245
455
312
166
132
310
219
21
263
34
292
147
367
82
249
62
492
429
214
498
342
188
630
326
383
484
205
179
92
812
450
333
18
67
130
232
76
798
205
580
483
189
679
706
273
494
173
392
353
412
144
559
74
182
410
100
489
42
187
124
318
95
65
53
40
37
124
738
337
613
228
476
178
330
372
239
100
386
165
3
132
205
203
354
735
773
325
117
197
288
498
660
818
318
103
175
462
287
398
107
146
674
340
347
273
15
51
53
202
497
572
247
460
112
419
356
503
855
328
137
783
423
266
399
457
101
16
250
180
437
102
693
56
139
655
257
730
40
79
3
431
112
135
327
591
483
471
367
213
1051
617
374
698
597
398
178
142
524
223
136
544
28
223
333
277
550
563
53
20
289
342
183
573
202
288
169
118
267
170
698
504
452
309
468
433
6
9
454
305
81
313
186
38
396
573
351
211
189
315
44
320
315
327
54
234
339
474
323
79
701
312
67
539
55
8
991
370
347
108
332
407
267
174
147
7
47
287
541
596
295
453
101
140
297
115
395
199
199
492
280
92
15
437
254
535
229
337
231
486
548
434
400
254
217
17
17
419
443
331
350
632
609
267
677
62
178
478
269
12
619
154
370
128
397
287
35
325
352
48
92
255
194
109
341
681
426
89
346
290
426
60
516
793
381
344
45
249
437
559
332
215
896
151
159
357
8
551
136
248
387
533
651
396
474
126
361
257
254
35
123
652
508
52
80
290
404
644
647
213
211
120
466
253
406
572
46
358
169
208
200
494
421
714
224
108
349
588
222
109
303
28
158
225
714
30
670
638
124
281
245
492
541
1039
371
631
40
398
751
238
128
462
284
268
228
509
163
379
103
518
744
428
146
86
79
12
165
379
482
297
322
872
513
561
784
87
137
327
106
460
201
263
197
10
214
107
244
114
56
187
383
439
73
320
146
289
844
394
664
77
788
44
178
277
214
189
400
212
62
127
277
271
72
305
153
266
376
93
147
439
584
105
120
443
216
58
13
492
225
178
90
80
826
291
749
577
1118
285
474
306
482
578
564
567
835
