real_Parameters :  airy 	 failrate:  1	 Fm:  808.0878	 且最后的Fart/Frt:  0.5785908648		   Time :  66.0706

89
318
323
467
479
545
247
311
740
427
206
452
1205
1264
1307
347
567
446
310
641
1193
1567
988
1796
12
1741
604
862
684
1406
208
812
1518
141
160
686
88
1759
60
27
1028
2175
641
1192
546
151
914
639
294
884
1104
932
421
628
262
414
539
442
347
145
912
957
154
380
2069
107
1485
1454
686
342
169
11
124
238
380
801
964
871
595
456
623
484
588
921
357
1504
260
781
416
161
919
258
297
710
492
50
63
803
1541
1534
1383
2104
1242
268
505
1349
2106
1855
242
526
1121
367
1572
882
414
690
680
58
207
1645
718
935
1609
1233
1022
203
2431
768
256
1915
126
791
412
1784
514
963
197
120
162
1418
1472
237
752
94
1482
467
1180
207
219
586
914
145
1492
285
788
572
2889
495
638
591
215
1494
621
2168
223
757
598
819
1196
295
626
57
267
1065
2739
867
52
391
883
955
857
205
1446
627
1492
786
395
1204
710
1685
674
449
513
1100
1386
704
314
931
648
939
1570
368
734
441
1296
409
613
182
97
771
937
979
828
740
406
1225
1851
1226
1628
915
1501
1021
830
1809
640
811
447
905
2179
51
623
120
404
255
342
921
1189
151
406
544
594
341
671
993
366
87
1181
466
935
1441
26
821
326
496
959
86
2291
1129
1120
1135
574
1294
1033
1190
1460
1507
38
797
861
434
470
806
536
171
1232
1528
1309
1
143
805
587
543
1505
1085
1530
1233
616
711
1028
2264
1829
188
459
1102
1319
1165
1663
1128
1305
750
160
89
751
548
1715
781
316
934
914
195
798
460
214
1309
964
1924
573
850
838
675
8
1611
998
813
413
581
670
1062
34
1755
1816
965
666
784
1565
741
425
495
3
223
1370
78
736
218
1421
781
1020
1672
24
1495
406
734
547
664
383
800
2205
2602
610
210
985
203
657
1016
343
861
126
232
561
1234
393
804
906
25
235
542
686
916
973
231
76
752
817
407
1653
930
2082
1342
172
397
508
906
1136
1783
162
1486
655
602
661
1128
2529
611
1147
302
524
34
684
73
1076
547
1411
1602
148
17
1213
279
426
1913
1214
105
795
1122
597
105
182
426
742
135
474
478
994
999
333
86
1057
907
732
1381
321
870
252
880
1061
118
659
1655
1615
1797
334
302
778
1554
161
309
193
650
221
774
333
1252
1029
458
944
376
937
1013
230
945
2297
1546
2432
527
264
747
506
506
359
1079
441
948
1363
331
1142
151
608
1616
970
1068
1703
379
456
1773
745
1107
440
543
224
1515
460
560
848
922
498
319
460
1358
2247
677
500
966
1027
60
839
913
1381
268
1015
84
1264
1700
1087
664
298
1269
1748
247
578
297
46
776
1995
778
774
1401
1136
632
529
1368
665
765
1367
390
1422
879
958
1023
1113
280
462
1098
874
1106
132
682
1488
909
445
1188
1061
580
1720
910
473
414
392
203
308
1076
1737
2441
1109
515
524
1304
22
25
914
964
249
1189
171
824
748
167
890
1090
423
14
1677
72
610
1075
1150
99
416
714
1917
613
674
974
661
957
389
183
305
1527
1518
1278
1064
176
480
283
1632
660
829
2050
830
649
605
858
2202
1398
1292
822
1475
1326
344
1041
1778
805
942
289
962
301
1060
619
806
41
630
669
68
44
1963
17
773
1099
121
831
1238
616
814
383
970
578
719
869
598
1413
2096
133
97
964
478
454
1486
245
717
1310
185
1168
73
555
22
55
123
832
1277
820
429
740
532
380
1854
289
2330
1489
1648
821
656
2268
529
807
1555
1005
122
931
717
702
928
891
1877
926
1109
380
263
1219
767
1182
16
920
261
1242
829
684
1354
776
1364
809
152
11
1126
857
30
440
726
119
452
1287
257
193
229
1174
895
1022
778
915
15
835
1059
731
53
209
78
309
217
1359
1779
2035
1556
980
1644
239
495
352
382
817
1587
1450
76
1023
879
279
186
421
1388
448
641
1526
526
12
404
1294
1038
560
403
584
10
1836
898
1201
1252
1308
1622
591
417
711
860
165
663
214
970
184
843
1224
248
1662
1579
1063
75
16
110
1038
1481
5
222
829
479
440
1837
612
1515
963
236
409
1451
869
1313
611
400
239
606
861
1562
1242
948
246
655
512
483
1079
485
1133
271
1115
410
32
1004
527
1056
1023
894
597
744
1010
1024
176
908
412
70
495
1877
63
1258
1772
459
201
1324
143
84
547
1525
1030
1639
1857
1803
268
429
1317
390
1231
776
481
2276
1560
246
1351
624
494
942
97
169
85
306
1395
395
481
815
725
1249
521
2452
82
20
1824
1047
63
878
284
267
3
705
126
228
1449
879
675
517
473
268
56
1421
221
554
1211
151
2018
627
1759
1211
1303
753
554
2164
830
865
760
651
80
1146
2022
1955
375
1606
631
270
1323
690
2298
161
941
48
803
1312
228
1070
1213
1036
777
2395
417
1196
764
1155
745
1344
425
251
272
1790
1370
493
745
356
1033
1028
690
1280
1017
1158
577
1223
250
624
820
128
520
1362
574
183
1107
836
1059
1867
1195
282
137
1264
419
726
997
603
1425
354
451
989
515
663
302
324
117
75
845
576
1031
1351
52
423
1396
191
1286
284
565
2358
748
877
1038
1297
112
56
399
279
844
546
58
687
1222
717
34
966
755
1294
93
295
293
1200
605
521
52
252
1507
306
1407
2152
739
299
1191
765
854
499
117
219
1438
889
1103
771
875
1722
81
1535
1583
1316
1302
132
547
844
1685
1609
1288
342
1145
444
421
435
743
1135
810
526
1936
1169
850
947
526
431
61
51
2002
1045
1395
29
1083
1309
734
1340
2252
364
826
233
221
853
1457
195
1010
2123
369
594
1884
84
870
483
187
1117
453
635
1024
319
70
397
21
91
1168
1808
758
625
105
12
150
114
1533
576
954
144
710
596
1290
1208
385
347
874
1422
1375
1621
70
207
58
1368
2279
180
95
847
684
44
775
1088
70
1463
365
1787
419
1686
1179
1392
269
541
1176
1039
591
525
776
209
59
2175
507
1397
709
45
409
299
923
337
798
1398
1227
1002
799
147
182
1916
739
342
212
594
1059
1133
1154
865
63
1392
223
1681
903
1215
504
659
103
803
309
296
347
697
1461
894
347
469
939
112
147
164
1384
1183
1108
1161
1304
1178
454
1086
1289
2950
1765
1015
671
1331
2700
314
1388
732
1678
1972
873
929
166
770
767
640
436
2357
227
958
866
344
704
426
890
1006
299
1250
788
2125
4
41
704
32
524
377
877
747
1330
567
723
593
1194
280
2130
33
822
970
374
157
827
531
794
242
96
1398
68
1108
842
178
802
1167
924
815
1341
1696
438
486
129
776
1145
719
266
1413
261
966
1255
605
943
1435
1417
1030
1279
66
1136
493
1779
867
1916
1180
358
294
201
1474
718
1177
352
749
714
2156
85
334
475
1215
118
487
1283
971
901
348
205
40
412
87
950
1436
2001
297
1262
828
1039
506
376
988
676
773
1102
452
1510
1611
299
527
1007
43
2009
675
10
58
914
517
956
1272
2107
1568
1279
1764
988
215
29
1022
554
749
853
798
2413
1254
1763
217
1283
50
1154
134
799
1433
915
43
96
448
1034
495
1549
334
1211
888
500
145
551
825
731
1
257
620
270
1266
1026
888
1385
1203
47
548
147
421
834
208
465
927
419
664
901
359
769
587
1559
91
1648
1924
836
1345
1214
417
622
778
290
100
1361
268
923
1411
639
724
475
199
2013
1032
1003
1493
1027
5
713
1585
1179
483
312
420
1467
1075
742
464
435
42
431
79
1314
768
638
172
954
1143
1577
1157
64
1082
182
888
842
306
2972
604
880
2646
1640
622
337
325
1056
383
594
959
498
1202
269
402
107
654
668
1160
702
2446
296
126
902
1712
1625
199
312
1263
943
550
1890
1642
118
63
167
1111
757
724
901
382
51
196
613
470
1375
1284
371
676
608
830
184
309
39
1028
1337
875
71
1249
1513
308
772
3
974
1603
953
973
302
556
562
401
1579
1495
1414
663
1195
707
1280
617
670
1131
432
510
124
1154
667
1354
355
1216
369
411
1112
922
1327
942
53
748
1836
11
1075
774
734
307
1550
563
1210
718
461
137
623
93
155
886
360
1527
335
185
1013
6
975
1348
1297
1125
283
370
1447
899
1155
982
1395
2030
1789
184
1178
1162
2061
1267
520
818
482
236
1352
519
119
371
1501
1029
63
567
1934
459
1507
384
482
1946
349
250
391
444
1645
395
141
712
376
1069
334
166
778
2313
2174
1153
451
252
1190
788
105
1464
17
316
1690
891
611
1233
435
397
1063
765
897
401
1011
209
1021
1046
33
166
1599
1192
751
1027
918
1228
912
565
726
174
840
1179
333
130
404
777
1316
148
957
782
348
228
328
46
323
1212
726
871
1828
1485
318
485
146
530
430
599
1548
383
169
147
237
1903
1239
1500
762
465
907
407
256
1005
389
504
1150
759
380
1155
1032
1100
774
223
912
991
1018
875
587
867
571
1709
618
1015
1328
934
1152
669
1222
1759
1358
839
548
242
959
525
1990
323
709
1293
314
1880
1255
1198
117
1556
1524
145
1024
86
244
703
583
784
2714
351
1688
409
1407
124
958
488
706
726
462
450
901
940
166
251
336
661
1
589
718
496
1028
2038
146
1073
1661
107
633
332
730
24
157
706
1706
1074
82
1035
642
596
1138
372
1538
789
245
1016
1609
361
836
2809
409
507
397
1887
254
1207
1621
696
1519
1985
447
503
285
254
1289
982
891
473
1077
547
330
101
711
1612
8
186
920
1004
1207
332
869
119
3032
1284
597
43
319
451
1067
98
403
158
2122
1189
598
17
1376
1366
515
2326
1187
898
590
392
1492
1124
583
35
177
1932
460
60
1521
257
2452
607
984
348
1448
432
1817
660
925
1966
1149
88
66
1836
506
986
853
571
1131
1598
652
842
418
373
1506
55
2121
543
391
332
189
1643
1088
1000
882
268
931
864
834
940
1825
25
1828
153
1328
662
1590
976
695
783
774
1601
368
1091
965
642
2058
922
1816
264
483
1523
823
1872
1288
1362
483
852
249
720
1333
1866
475
1826
785
194
895
418
950
781
934
2404
649
572
224
525
2042
1117
214
1849
313
840
637
415
21
492
1121
498
338
852
704
1087
1499
3
1147
353
1196
1286
189
739
723
596
353
1486
278
94
355
160
534
1035
27
281
250
414
722
297
269
354
1074
477
319
246
1348
413
581
73
1366
435
917
1669
2541
96
234
684
880
201
353
451
821
709
665
147
21
921
1022
147
244
509
1376
105
424
230
817
821
204
1668
90
154
1062
116
2103
1390
1182
2471
361
415
1365
1022
2320
612
218
954
696
1013
38
500
954
625
985
1999
239
1470
3
281
1158
1261
540
1128
274
662
1421
1036
1007
820
1034
1315
322
2085
181
1066
1453
270
878
140
315
239
1836
131
364
809
1394
31
370
399
1178
122
517
430
1293
1233
424
669
1036
1712
1421
1453
1637
945
995
344
1183
1428
1215
878
1351
552
80
1703
902
675
627
1115
1211
316
172
1799
503
187
629
630
1109
65
1938
759
1197
1173
1018
703
161
1367
1103
412
932
818
1707
1203
276
524
609
260
593
352
359
364
1585
1412
86
733
363
981
861
210
2497
156
1102
27
1167
1079
546
1056
1546
891
558
641
249
743
1250
920
660
927
1416
2372
1830
40
415
355
940
577
1176
656
423
1457
482
725
641
18
179
875
666
841
26
485
165
938
1207
95
11
348
57
386
740
821
1692
1827
579
1449
1843
2102
1254
363
1185
928
1498
1501
173
1519
741
1009
120
543
448
637
831
122
122
1796
114
1436
850
634
1022
309
223
434
484
1203
1960
1714
789
347
296
374
866
2228
334
479
1262
1752
94
840
2115
870
1127
216
281
418
1441
206
1170
1148
343
403
325
1641
72
1201
1855
196
1608
1186
22
41
906
2301
644
1863
721
1528
812
1097
1303
393
1477
1244
289
872
408
1295
287
835
3
978
346
835
809
820
226
1192
833
1106
1922
1436
729
621
1000
822
1417
865
303
943
1628
703
807
1622
884
641
703
242
2458
1475
772
235
595
152
1773
449
109
754
152
1102
1515
104
160
1289
552
126
1161
311
161
752
179
442
364
544
606
769
131
414
699
842
991
88
1694
1626
373
1542
1450
1589
352
333
1670
1018
361
916
743
1378
174
187
1331
1135
373
892
1008
735
314
1095
72
206
444
1037
1251
218
305
1091
369
791
548
313
1140
936
1238
911
219
603
1185
235
899
964
408
325
637
921
1345
736
130
1343
526
579
1410
1182
1048
205
1279
170
1360
607
719
235
1050
120
946
129
2667
3
414
2208
896
136
322
1155
398
1036
945
19
1817
370
662
879
134
929
585
1816
997
912
288
1138
211
30
372
793
1621
291
512
1632
1340
487
1477
213
782
1236
1317
1157
1726
1048
700
1079
632
488
762
718
758
1050
1515
946
1478
179
416
1749
565
64
1959
465
1208
250
285
1608
290
1260
549
818
96
498
679
11
119
1108
1141
283
275
789
1679
1667
458
440
2172
759
1777
454
1991
572
584
41
1185
2141
243
1694
1237
7
749
1409
389
258
1098
2008
7
314
1439
1522
377
601
831
684
22
1388
484
567
1144
1492
2209
1670
976
122
1259
1024
767
1159
1736
1557
1645
261
277
656
109
414
272
1142
570
446
359
53
775
511
381
1179
523
301
1270
279
719
880
726
2240
957
35
1165
1138
942
54
149
1013
706
831
1229
1973
496
1003
148
13
1017
577
297
2076
1467
245
624
509
1666
178
675
443
683
61
545
389
347
507
689
1449
187
617
125
995
1611
435
1535
127
969
1540
688
13
1566
652
627
42
1669
152
2523
312
1602
1167
1630
295
510
1655
2414
1521
1657
1177
206
391
699
610
1057
201
1282
96
651
1658
2007
200
674
922
950
492
375
827
680
538
365
923
692
1408
1394
1033
1037
629
741
469
315
656
2245
2004
953
301
1396
678
1624
1195
1050
444
822
1306
856
429
1578
906
1604
73
1059
1267
123
671
1792
346
1094
1217
698
1001
115
273
694
157
323
1423
1050
977
3529
506
818
878
1094
1391
422
272
303
440
33
1108
1779
1251
1210
1396
273
219
1114
1190
1553
293
185
476
227
62
245
1049
486
6
39
790
277
501
1426
1194
750
906
930
1867
602
59
808
1042
816
402
375
677
382
573
1041
1369
573
993
681
565
1130
350
1268
601
514
72
919
1619
841
718
781
967
593
624
592
1183
607
686
1743
339
801
465
1222
244
680
744
2226
1126
1256
768
153
615
1613
661
519
335
616
1446
52
1542
249
95
56
288
155
959
182
355
1186
1358
1134
119
613
1680
865
827
1476
481
1049
864
961
1233
1244
2160
1009
641
963
1586
903
883
959
1170
816
436
427
1689
619
535
1272
395
1316
331
1094
34
873
69
715
556
1628
45
739
1025
451
242
1178
989
1019
233
880
1420
441
5
1613
1427
473
924
1512
303
693
929
29
320
892
574
1199
966
918
746
749
908
450
775
168
819
283
1261
838
806
566
877
281
129
170
2212
383
3053
1513
144
262
545
1359
701
1917
1854
444
1228
1784
403
1116
842
57
345
1213
651
1264
5
1366
109
1012
938
463
1205
500
492
1617
1893
575
996
2533
203
771
260
31
68
220
1163
1694
270
1042
1878
721
823
857
248
545
1623
895
750
671
578
553
675
609
1531
1529
720
21
641
1218
644
203
1484
348
610
204
1608
717
62
953
791
161
648
1874
312
679
238
1233
728
1484
563
1283
1392
814
410
1519
1394
1735
456
1006
741
1269
538
1087
654
585
2724
1237
1301
1948
536
1683
132
583
182
1154
776
69
84
1013
1820
886
893
314
799
159
112
1374
1292
1587
1189
353
1994
156
1641
59
888
297
49
911
109
1254
713
528
99
1240
1750
1233
157
787
995
623
464
13
674
30
29
526
101
1270
400
1065
638
660
1094
636
633
821
1411
133
2398
521
65
458
565
1358
1190
815
100
615
1218
1695
60
601
1183
880
1121
592
819
395
636
1096
616
97
783
262
191
483
426
1224
761
143
1018
147
631
754
50
1141
237
1243
825
386
201
1281
48
331
247
201
677
1280
1708
313
758
915
638
718
1021
577
739
799
155
1594
768
722
843
600
346
540
1533
459
506
478
511
2081
1183
485
590
272
915
848
2056
469
2456
2860
66
283
272
1093
1265
25
772
1276
1360
1074
615
440
77
162
758
78
431
945
599
429
287
50
396
1069
462
105
2802
953
181
1534
851
1559
589
1402
209
1856
2188
485
1177
710
1274
1666
275
971
658
1298
1178
145
885
1454
1311
600
515
458
894
1839
848
77
243
726
672
345
942
136
252
2122
323
527
895
41
332
730
2347
649
897
14
1134
973
1206
429
661
1714
1416
1222
1502
1583
277
1277
2142
1563
172
1136
402
571
1724
751
1055
422
802
1316
789
1260
648
206
683
258
1177
829
530
387
317
66
1380
624
133
263
1213
1432
217
913
1173
1097
836
642
1261
808
963
237
259
1409
664
1194
269
1099
15
1288
1847
222
1128
492
518
79
1086
312
1265
754
907
1948
1371
1141
786
695
502
769
82
89
24
1053
1294
188
1775
934
963
641
2314
122
669
1263
392
358
1014
1045
356
1310
687
140
175
589
1003
9
41
583
1250
1782
114
1106
818
1467
862
1252
384
383
119
843
1055
1471
576
1009
389
437
1086
923
793
1753
549
1846
474
955
1453
270
563
321
619
272
117
834
1941
1567
162
73
1265
841
1507
529
2500
933
1251
626
336
618
187
1744
95
1222
1136
690
610
180
1088
353
1716
184
534
102
1991
1094
304
450
68
1475
1108
952
1643
835
960
1232
221
524
924
411
522
390
251
1005
86
864
782
1088
512
1072
2137
1352
983
1050
1192
2054
1098
336
2919
580
652
510
199
499
515
617
161
1337
195
923
727
178
1322
88
989
532
1463
1371
751
1147
40
664
570
1870
300
749
1249
244
674
826
1225
978
1338
471
67
177
196
67
608
2085
642
323
741
676
254
1174
1678
1790
639
800
492
145
901
552
102
362
197
1417
942
790
506
501
1953
8
271
842
600
342
1319
59
1179
1482
1201
1588
889
949
236
1152
499
511
1102
105
1234
1598
1649
53
1388
1267
401
129
1359
518
1252
2236
714
1370
1859
1736
474
539
90
302
1043
2384
701
787
91
768
1304
922
559
49
536
552
774
1268
129
1153
667
319
1186
211
1476
1017
329
1404
1486
1238
574
557
685
701
760
1140
1444
1415
1021
1815
691
174
292
408
66
176
1120
2470
1129
1249
575
130
703
785
818
1088
1606
1187
1554
1539
201
629
526
89
525
1358
1182
514
1604
1239
210
1000
363
1200
458
1006
1480
203
722
1084
97
1366
206
36
816
2613
273
732
1657
87
1204
272
262
40
281
1929
1017
83
1834
113
168
985
209
994
1262
737
866
76
750
303
409
647
82
947
800
309
1758
808
42
215
830
218
336
456
1147
338
829
866
98
2010
112
825
94
1169
248
262
938
291
2377
1258
847
28
1953
430
496
1642
114
1521
427
983
1038
493
1349
1791
1002
611
375
209
1526
919
239
130
740
14
631
870
947
710
560
512
634
662
26
719
160
1444
429
753
897
237
101
30
15
583
107
1390
962
2618
1770
841
323
999
497
227
1624
1103
498
180
1044
426
1127
1336
69
386
516
421
5
1752
120
79
174
241
65
568
1344
180
918
1991
961
647
502
321
833
260
357
984
1222
744
352
1740
934
1524
675
1025
829
705
648
751
1747
428
1102
404
106
111
1284
403
690
613
1745
473
1478
473
768
978
1666
662
1444
588
955
523
5
303
132
2175
978
727
747
202
591
770
1225
290
422
1166
1002
363
495
955
1138
64
250
267
410
210
1548
508
415
1388
1136
1298
668
909
635
977
358
19
392
901
671
810
1277
880
922
63
1155
604
661
2407
10
463
2602
518
1968
707
812
593
684
943
289
765
167
921
742
2268
693
638
382
472
100
396
706
42
202
273
501
1110
594
826
1113
1879
946
1361
1383
472
1104
821
1272
776
2150
791
1114
27
243
674
223
788
148
1044
983
1641
168
1292
435
1089
293
937
548
75
630
524
866
535
1571
529
1203
1037
187
1227
340
2328
619
731
491
1040
1294
729
95
1335
390
997
524
107
978
717
1193
407
215
275
1013
828
600
888
64
14
1049
1691
1074
129
800
1797
402
797
156
79
470
430
1297
204
989
998
182
61
680
412
1396
1216
471
1613
448
817
134
1373
493
706
1431
1897
566
1144
264
478
290
793
1471
1391
1927
332
101
643
159
576
380
1830
978
1135
1106
2500
1398
1558
221
1190
208
624
1313
242
275
199
1504
1242
798
883
407
402
1494
470
831
63
558
341
1166
228
179
1370
1781
210
658
1927
123
128
335
662
581
1196
72
1826
816
279
644
1029
231
456
1475
492
1697
403
1633
1003
141
424
1735
1676
319
502
934
1338
1264
640
615
600
875
1655
436
1484
209
882
1717
1525
405
1090
204
1293
212
687
338
1602
148
938
863
918
917
679
1721
1386
150
1862
894
2302
269
1794
418
1939
1766
596
920
1921
872
6
1438
76
1105
794
668
2484
919
822
892
1847
1265
103
998
929
989
145
791
1447
1183
1159
28
1042
965
1492
172
739
1075
934
939
446
591
870
390
325
793
1937
609
1678
2029
2029
1620
873
788
80
901
2604
1160
956
172
737
602
786
969
909
526
638
505
1599
2104
501
492
480
1861
220
1148
328
93
838
14
294
2367
508
125
256
1166
1030
859
1600
916
1487
896
1068
671
1355
431
404
120
111
622
1011
1255
1048
1310
650
610
1384
660
495
310
923
1428
1361
603
535
23
1103
835
1869
1078
805
1895
973
758
404
780
591
752
660
548
1167
376
248
363
651
1447
26
180
810
786
1172
701
1207
351
45
401
805
1040
400
607
130
901
105
1106
358
601
1770
39
201
999
643
1479
720
992
1442
935
240
94
1476
1209
2086
1425
884
165
859
793
959
400
674
717
116
1498
381
1054
1631
1347
810
374
177
783
349
243
34
733
329
345
530
11
444
192
209
1057
1893
2420
1295
457
735
408
8
1026
1037
330
902
1650
194
1290
1046
185
976
547
1381
431
561
1509
833
97
1173
180
572
1641
683
91
516
1167
112
1601
1032
1908
618
349
444
439
174
662
776
102
1217
429
953
1366
768
923
520
1950
870
169
49
196
264
835
921
794
1512
1038
158
981
47
999
964
2211
809
99
1392
166
102
1164
1041
1058
841
516
1269
157
1200
634
589
463
521
424
869
570
2213
901
142
351
2545
1131
1283
1297
2146
1074
68
158
37
1503
1756
537
359
1950
1302
1167
139
1425
414
462
484
1063
1110
1139
1752
1081
76
367
1982
401
608
572
773
478
940
375
1707
871
585
1219
1391
855
360
81
2988
824
1858
160
403
201
722
1803
115
433
788
251
105
837
419
409
1108
1213
660
1016
93
1120
695
980
544
202
706
2285
237
1118
327
661
223
1694
1128
234
3
38
202
67
615
433
1259
176
345
850
875
790
468
881
1345
391
1028
1550
93
1086
523
84
174
1057
1683
640
717
152
378
255
845
517
628
450
1616
1220
76
605
622
515
180
247
760
427
1056
787
1380
1346
554
1428
1020
20
1245
1132
402
653
571
898
1076
679
122
350
1048
981
1973
937
1503
820
1510
998
1302
2838
1074
733
2145
1363
402
374
279
136
1639
320
498
1099
1059
287
357
1413
34
1079
1986
893
246
470
330
584
266
687
450
1295
1112
1886
1260
376
390
1352
590
1301
35
552
520
93
1581
933
574
113
1157
402
131
279
965
403
154
1115
1629
1665
81
540
858
657
1093
1485
1771
17
201
242
160
1201
771
864
543
1155
975
860
664
958
133
118
1012
106
1533
80
725
172
653
614
468
104
280
688
937
1240
768
38
612
919
387
354
961
41
1481
144
20
250
462
1820
335
197
314
784
1611
155
760
768
810
665
212
617
559
839
57
358
861
761
496
468
210
866
746
414
391
806
265
125
1040
1910
327
155
673
183
545
251
953
89
659
889
1182
342
926
774
909
367
236
571
728
1380
781
1355
407
538
1594
960
1077
1208
1411
294
1592
1313
1316
923
447
1478
41
471
562
1705
154
986
1164
176
410
13
287
1261
519
1469
1368
863
917
10
54
1105
950
1246
216
901
555
1065
596
934
1022
1120
66
216
978
1102
1471
92
60
816
857
1391
914
274
286
236
1042
651
470
409
259
1963
676
508
114
374
315
129
201
330
199
1442
2462
1223
1756
2217
1176
1517
96
1172
805
1383
932
461
229
350
794
894
1253
1319
548
2064
1056
698
509
717
536
611
190
692
555
106
1029
285
115
321
1242
49
972
1465
644
1088
1481
1526
1276
1557
1062
371
2138
873
35
1423
1406
1132
404
1436
448
522
253
825
384
408
145
333
1071
915
726
656
919
275
412
1230
4
208
774
54
861
1681
285
1443
1147
929
154
928
1340
1826
539
316
915
937
657
626
1325
67
1393
684
892
1618
835
1122
1229
1666
444
838
570
1159
1114
748
378
1331
1530
1148
799
1854
363
895
985
564
269
1186
1314
137
273
261
1200
1249
826
857
1945
1241
348
988
938
1127
187
883
42
891
851
437
56
992
2061
641
1073
1371
1281
555
1948
87
1584
1015
418
1520
509
802
643
406
1624
2074
136
831
13
892
1693
2141
1765
1267
877
545
970
1157
1187
577
230
457
635
976
850
171
249
839
286
1534
341
994
264
520
3
1264
825
554
548
186
3166
1178
952
329
865
1942
618
283
1113
1266
686
531
520
374
1048
1169
764
559
843
610
406
365
2052
410
1456
833
1127
1671
1801
2116
1845
