real_Parameters :  probks 	 failrate:  1	 Fm:  1453.8576	 且最后的Fart/Frt:  0.5626428912		   Time :  213.491

197
915
1101
1104
751
444
1476
2136
2200
2049
707
562
269
147
1486
1720
1546
2329
943
230
607
3257
241
20
3412
1814
3219
2163
97
474
496
1193
441
734
1141
1857
2182
745
2639
396
1782
1747
730
2843
1380
1641
1275
1537
2196
2869
1592
1393
409
3337
3350
1093
3667
844
163
5468
1451
695
540
37
2497
1722
1413
3708
1585
1337
1405
1525
876
1387
3521
1890
2054
1713
1823
1237
341
3505
2878
1306
1776
222
1655
170
3532
2792
272
1163
3046
287
2491
1065
2818
687
1517
1956
2000
1178
2515
2863
280
913
39
14
888
372
626
20
2616
1347
840
2278
2454
5366
2507
1957
985
486
385
3642
2045
1714
1379
447
427
468
2145
917
4972
150
1273
546
1531
1593
1500
2514
577
671
287
2080
749
312
167
1507
1
292
79
779
933
1019
3335
2360
96
49
17
2814
1183
1060
2388
276
243
3298
3170
2112
3023
189
1269
511
1045
1401
2615
263
2443
1733
1920
942
1615
208
2300
2159
2525
1291
1600
1277
1424
451
227
1292
3477
764
448
264
2383
1132
1577
1789
2150
3154
2059
1687
2472
349
1701
299
25
1520
1418
1639
2156
218
4128
1917
847
2602
2570
1900
418
69
268
1014
1821
1080
4345
174
1816
305
2105
1488
1228
1872
869
913
432
1648
277
1583
502
1180
12
1530
519
539
1147
1842
1522
884
1780
1076
1231
668
1838
2686
498
3028
2934
1041
561
236
1531
59
3392
665
1627
553
3042
3150
3977
564
1833
919
1118
1635
1912
451
1879
1063
3434
3200
1103
120
1549
1287
330
1623
61
3441
675
783
1913
419
4381
2360
3431
164
240
3697
212
404
185
2273
1178
1505
1273
2533
3132
2458
2681
585
366
1335
419
1305
2470
1156
3764
464
757
1525
1217
379
2896
190
2503
5078
2145
555
28
625
1039
214
2489
639
2191
472
1128
128
964
1274
275
3245
2989
1286
559
255
1220
2624
1482
1563
999
2141
2154
2142
489
1677
2102
1543
3113
2225
892
1175
775
2211
3127
2902
3049
1238
1682
773
374
718
2742
1090
1593
164
808
404
3143
955
180
2625
2635
1571
2848
66
472
126
619
392
2103
1343
3288
1676
1377
339
1497
1238
655
415
2035
2711
1320
308
838
4096
4647
662
953
4801
81
691
1582
3366
312
1600
546
1156
2314
1502
2516
1649
123
1573
1952
1358
2939
272
1896
1404
3053
1206
2663
1768
1899
2410
669
2169
94
2004
1860
3473
3295
2731
2543
847
3005
1630
64
70
1822
404
1173
1165
538
1497
184
2513
1199
130
3259
1606
1678
952
1686
2156
129
1067
1096
1114
396
957
1160
2594
2094
1809
1149
2639
2553
323
2932
405
175
20
2531
891
2207
200
1086
2126
2072
1151
452
589
725
895
2908
1625
87
1436
2285
1111
1380
366
916
1040
263
986
451
3997
689
132
1102
1733
780
1998
457
1940
1451
2476
3307
3326
146
871
452
830
186
1537
1864
2411
929
3811
430
1208
2141
669
960
389
2584
1391
1904
2217
286
1025
63
220
2129
1049
1265
716
1341
2103
433
443
189
1390
461
1080
3202
997
2455
1390
1852
1506
500
1431
404
1656
344
1628
1029
1665
2301
3345
698
1791
482
1217
2034
638
341
1679
1383
1498
3852
1904
1587
3118
1839
1279
1583
122
2546
967
860
1557
3736
819
774
2234
235
1493
1826
490
204
1444
172
1966
684
3058
2523
3137
471
1288
2622
1682
2735
1325
400
1144
2331
2375
1646
1119
1516
1697
1456
1378
1752
3251
461
2918
1588
2965
759
729
385
425
316
2109
807
645
3053
2581
1130
365
2068
3260
330
647
1933
2507
1293
450
1112
590
2162
522
991
654
2581
1645
3274
1624
898
1578
1324
5193
1659
303
378
1015
1302
2489
2375
485
577
1650
563
1324
2137
1150
1105
1639
573
1526
297
1812
2204
661
122
838
3098
1801
745
25
669
2159
1958
703
3909
4840
1839
1969
2991
190
140
3730
1042
1529
1568
437
4456
273
1533
2560
2257
620
1973
97
1578
47
1447
1381
748
425
354
258
109
780
989
406
1585
1816
135
459
1560
3234
2295
296
664
3005
1226
1206
2721
1714
2273
720
925
1050
4745
1866
1855
466
1776
10
1778
2141
429
1627
2742
994
3210
1111
2084
1009
2964
274
1333
1256
15
1572
2533
747
287
45
1629
1108
923
1674
1152
2783
1512
671
552
176
439
3049
1493
4023
2927
1633
2012
1403
2286
562
5
2240
2302
26
2005
2513
501
402
3519
113
126
3509
78
2536
513
2950
1256
672
912
1531
2298
1016
166
954
1140
1798
832
1479
1465
267
2002
1785
985
1852
3539
2220
3523
1145
2463
1106
2604
1813
1247
1574
2703
76
3323
1637
34
1102
1668
1304
200
1558
209
1559
194
497
2569
913
1741
694
255
4238
533
1800
1248
1697
1848
659
287
1331
2678
4627
1274
1539
673
1337
436
110
1813
760
1047
1738
1233
339
4082
3953
2121
271
1865
2163
2835
802
3024
3178
1621
3359
23
744
1558
2736
763
471
3371
1605
1613
1071
981
235
4439
257
882
239
509
223
781
730
1257
521
599
1338
76
1952
2124
685
108
185
2806
83
326
2478
385
2031
1513
1937
2885
441
1513
3412
2348
846
1450
22
1420
2919
1584
1779
448
318
2037
828
534
2249
872
1164
452
2573
1792
303
1383
1940
3338
727
640
1900
1667
1191
3086
81
2998
2814
1782
3210
219
1801
2882
676
803
1398
255
1014
980
2255
973
1096
1271
725
1191
1255
302
536
133
1869
2032
3353
1947
2015
1958
1411
1524
2624
838
1032
1390
179
664
218
361
1159
3318
168
545
2265
104
3700
1838
2337
725
1169
2260
1318
1717
2091
2665
403
20
1490
1751
211
758
896
2299
2061
2343
490
724
558
442
2199
1510
1614
878
642
868
392
883
1959
619
1663
3621
454
1056
930
1849
956
1726
2281
425
2328
2517
2897
2067
1833
674
112
901
420
2351
1315
1264
1170
2315
928
1315
111
113
1509
747
617
2351
1904
872
3450
484
315
2718
1698
2114
143
3464
1614
2483
198
782
867
1883
2426
2646
2617
659
1429
490
882
1160
2541
452
539
93
566
209
453
1267
395
440
1832
2176
1711
804
3092
1170
2184
2719
2589
486
4349
278
2070
1868
916
1437
1240
441
400
2570
986
1090
1679
2208
4056
722
879
1719
1510
1988
3045
1846
124
947
5
3923
1291
1180
304
1002
70
1648
285
399
516
1866
2079
2849
703
586
1835
2908
2125
1646
197
391
2225
1944
334
1634
287
1345
221
1156
3129
1071
3689
1059
1599
1627
1338
1154
1361
901
531
834
2017
2629
1966
2622
43
2869
1893
3181
3064
1080
1079
263
759
2136
3277
1413
3117
441
1893
1739
41
919
1283
238
1333
929
1279
3000
2179
2781
2116
1810
155
1044
1242
811
3106
1211
1091
1429
1798
3693
1744
512
1026
760
1261
107
1499
1809
2044
432
2476
383
754
852
1143
2480
554
1729
1231
167
1205
1517
651
667
1566
1427
1852
1995
1
802
2486
2152
128
1965
1353
840
1025
2154
1954
136
1618
768
226
2265
1031
3162
1217
1220
1864
2600
2303
1980
828
608
944
1228
1089
566
3018
1389
847
947
664
2815
1892
2743
4562
499
91
1343
346
1349
1790
1311
2609
1225
501
2427
1295
1194
957
182
785
2229
2111
3468
248
1690
613
2497
510
1264
488
3545
658
1673
1567
534
566
48
2353
905
37
339
350
1341
3596
2200
2222
369
2318
1807
1263
2133
1632
2276
2041
789
2747
355
1628
1028
294
1657
1553
2844
320
231
958
1464
1977
1215
2150
3293
221
580
2223
443
2278
785
632
880
85
607
1458
1307
1279
2357
3
126
1963
2701
304
401
618
2434
674
2751
929
1971
2186
849
1738
2780
603
1853
1419
3288
1415
820
935
1210
10
1299
2457
852
3287
1067
2780
1835
2526
997
2518
2279
2075
1510
1125
2532
4354
482
182
698
727
1613
1142
1670
1292
521
3533
1643
4821
1078
2046
1577
1587
973
233
1929
1700
1640
1450
426
2172
2088
75
1836
1425
782
289
675
1575
1568
1413
270
1973
2439
1212
636
2790
1862
1407
1504
2926
624
2249
672
260
2291
1853
2783
1449
790
1162
584
5089
200
142
2409
819
1621
953
2028
3043
1230
1615
2464
1289
1075
431
868
1391
522
2076
49
4032
60
985
1168
2431
670
1207
335
1696
2027
1423
1089
473
1401
2700
1502
36
85
1489
1644
1545
1489
1048
1177
101
301
2229
2689
3193
1261
2072
1978
857
1784
1867
629
188
839
1545
1750
1731
429
644
462
1309
2210
438
3503
1126
1579
3012
1826
1359
2874
975
1754
530
863
2168
2645
255
1589
2153
253
2387
644
1678
1419
1332
770
1018
1232
1932
1043
786
1591
428
1059
736
1774
818
1791
507
794
1239
2059
2406
2012
233
1231
2783
577
3201
2669
1394
1871
836
81
1730
3523
101
234
1034
1862
1736
943
1449
2039
1200
517
620
762
1888
2183
1248
1396
184
2596
1439
419
1382
5162
28
1687
594
3091
287
84
1706
3327
1794
3863
3543
1518
2189
1309
472
722
1593
472
829
1540
1
1089
277
396
2305
1749
1147
1207
324
1225
1158
2867
2992
1624
1223
925
820
75
2036
1881
2360
924
563
922
189
353
1128
1793
2313
2963
3434
1195
1927
423
1849
786
860
1443
454
430
630
1958
1343
702
807
1595
1181
1353
1885
937
1090
1102
1357
1627
176
2097
3291
291
510
2254
2312
1223
413
1923
1413
955
637
2772
2759
2293
1457
2737
1808
2179
1508
397
2448
578
1542
2421
157
3019
2262
2626
2601
419
186
964
2340
2604
1046
3171
3026
288
1259
1412
1049
1497
4101
2930
291
2637
273
3038
2718
3606
762
1538
1091
526
827
1391
380
758
484
2132
1540
2140
2457
505
4017
1462
1554
420
1171
1999
1894
2960
350
2549
2703
1732
1162
1829
1683
824
761
1161
609
3917
907
4363
116
1498
40
196
2623
1516
3124
735
1082
1273
221
486
489
640
1080
1161
1625
3512
405
2269
146
381
996
190
1239
2050
2120
494
2601
843
2307
2423
1204
44
2787
1438
849
3831
1471
372
1399
1894
2191
150
1192
2079
1910
669
352
3191
710
960
760
1750
2163
3196
1741
760
3904
2164
37
757
2735
1117
161
2785
838
2423
2547
917
2593
643
1959
1566
24
626
192
2243
828
1737
1175
1095
1463
749
2760
2005
1300
1047
1607
3597
1638
1192
1568
988
5503
3053
474
2281
2233
752
3257
344
512
2042
204
1536
984
652
2054
680
25
2999
2202
130
1279
1249
1360
1390
2227
1104
2092
185
1159
299
943
3509
3305
3
386
1361
779
272
2766
623
744
608
3659
1107
837
1080
3045
712
2231
2187
192
2713
2037
1027
1232
278
3494
2153
3689
3279
2893
1359
1663
2624
1216
1622
1344
857
19
819
2009
3352
253
55
376
2295
1015
2118
1362
810
583
620
1253
2572
1002
716
871
824
255
649
2148
2972
1523
452
19
631
252
2688
1864
2941
2920
588
135
621
826
372
410
842
234
269
1657
293
1624
1523
698
2983
460
1585
2854
2201
645
814
3555
1839
441
218
2680
2775
51
1644
688
218
2847
850
760
71
707
830
392
771
73
1200
266
752
724
254
1659
513
4033
1254
2603
3493
492
1812
1598
282
690
2862
1928
455
2403
1549
816
34
1404
2966
1067
1521
1284
7
1715
344
1805
1359
46
3492
2869
2483
990
547
1752
2473
1442
2430
1569
2485
625
609
1574
1197
1769
3091
2173
4777
950
1922
328
1585
2494
1521
1841
798
719
558
765
3055
520
2687
3140
1243
2181
1548
1464
1694
2448
1497
74
1989
1196
1353
1302
643
1263
1557
172
543
3173
152
977
307
2993
345
312
2320
1227
1370
1098
4951
1680
1532
3607
1332
479
247
928
2269
2357
1850
1964
626
833
376
812
87
2736
641
2768
1450
982
3197
2169
1198
1625
2987
1130
61
1980
2405
625
96
2110
946
3309
2944
471
1273
140
305
787
1664
1049
1807
2630
391
2034
1252
1226
3375
1308
617
2383
1014
2890
1622
486
984
574
1173
708
1380
1372
2334
1384
2298
1423
1475
2113
3158
756
1269
1687
433
1096
50
1118
3113
3399
496
1319
4634
2100
1285
2035
1860
756
3066
1011
788
1467
1833
43
2226
1358
2708
922
454
1765
883
901
2230
2642
943
1893
1837
321
842
1560
1329
1284
1457
1321
1534
503
1106
2478
406
1299
1693
3089
2145
889
2350
1564
150
498
2748
2865
1093
416
1996
296
356
2025
2057
332
523
1964
767
2381
2116
960
2976
1542
2023
268
1382
1430
2136
559
2935
2049
662
494
1693
1854
1723
799
1445
1190
2269
2641
696
1874
539
1514
884
1720
14
793
3377
1282
1339
2627
2198
288
1568
683
2228
1811
2217
2029
832
1770
1860
1104
1708
1819
1554
2035
859
1381
760
2030
2147
423
2359
1465
1977
934
1253
1132
1244
1886
2598
856
57
29
2351
497
633
1077
1366
3813
1119
1996
2218
2146
845
1684
186
1252
813
4121
2518
1515
2928
678
2646
832
376
1055
1059
2551
1524
981
1841
1275
2313
248
238
2697
891
1693
1556
1440
645
2618
815
1309
258
558
591
943
732
1214
1759
3323
1866
417
346
3810
3649
2811
658
1127
1252
212
1212
724
2279
755
1872
9
511
449
1426
100
2386
1914
779
475
562
1707
4088
962
2047
1731
342
1501
1481
591
1501
2467
1475
1804
835
56
376
1186
1434
1845
818
3
1910
2475
298
733
872
1333
1807
1699
2161
1268
2334
231
1467
1908
888
233
3586
3075
1770
2615
1511
1728
3485
2758
3401
307
4902
981
377
2763
694
215
433
450
1827
2093
1866
4190
1971
889
3117
1001
579
1095
430
78
3333
3539
361
139
1929
500
144
1823
2100
259
308
4284
827
894
1796
1634
1537
779
328
3136
36
1304
1057
293
1308
3321
256
1070
1559
269
493
1637
803
614
1217
3410
1712
1278
1235
1478
13
404
45
1984
1932
999
375
580
355
204
1947
2483
1810
1377
65
1358
3275
1359
2069
1392
852
1920
3116
1292
459
659
1929
786
1350
3386
1367
832
429
2344
4140
168
636
1961
878
1512
1920
1609
378
393
1875
637
383
3106
452
2490
257
304
3217
585
1368
594
2714
1189
1419
1232
740
1042
997
2587
2296
161
1122
1605
969
1094
462
1361
1214
3064
1632
800
2902
2000
892
3230
412
195
838
1170
2040
1518
2051
3712
2004
2386
748
38
423
1954
1258
2605
3048
3115
763
2179
949
907
2611
754
2034
1840
222
2571
414
1730
2003
664
999
4034
488
296
1582
3702
1644
1352
1065
401
1733
1840
950
1284
636
3668
1126
622
441
1237
4305
1404
2086
397
2321
882
1582
447
377
3200
3453
1043
1705
652
1078
3255
1180
1878
343
2252
2152
1312
2100
562
1782
2793
788
3640
1055
1018
2031
1884
1688
417
1625
1332
2673
622
676
1145
1123
3062
179
1957
1118
959
1287
2174
1308
1879
837
239
1444
2932
1266
1787
1181
899
1629
1311
259
159
2862
1225
4642
117
961
38
1309
1665
935
7
1522
403
371
2133
828
1920
408
1684
3211
1502
1213
28
1770
509
274
1269
1469
1273
607
675
148
2251
2140
820
818
1476
1046
4859
1862
130
1701
406
46
1642
1114
1240
1888
1112
1012
2270
4229
430
3284
1061
1650
852
371
1046
2262
1771
601
716
887
2160
2633
495
2424
1969
971
2063
2674
3527
939
632
1091
1254
172
2755
485
275
1050
2048
55
2014
216
2127
1752
1742
1849
2255
175
1304
2175
2321
1462
1906
2307
1517
2003
1933
2159
283
569
1305
975
326
3140
627
763
1035
241
1337
179
1568
1011
1657
2079
740
2325
211
2218
1405
1139
141
1408
1451
5208
1914
1293
128
161
3217
696
1482
4826
2846
2453
389
1921
1098
1534
2916
1476
289
1644
548
300
150
1862
703
1432
1828
1186
183
1032
565
178
624
2564
1949
1549
114
1891
798
1366
47
2295
173
2326
2205
1153
1541
337
909
1866
770
85
937
4739
2384
555
2061
847
2492
360
647
2979
407
689
733
1355
2462
1247
2825
588
2605
3166
210
2318
2106
1702
179
522
2055
2279
1981
2780
1189
433
394
2609
723
2307
2506
1223
17
2498
1271
4435
1365
318
1914
842
2217
664
5
2134
2132
1673
601
157
166
1688
1097
2003
569
597
1475
1993
1572
2890
1555
1749
2126
3086
1548
653
328
7
620
1506
2059
122
1483
2315
1071
409
1516
1325
1030
3905
1244
3092
301
407
1365
2429
494
1346
2127
89
1892
1696
2591
1309
2084
1087
1316
1281
2035
295
1787
1259
628
2191
1009
77
1263
712
2238
2421
1827
452
405
3917
4912
1553
1200
63
954
1214
53
943
979
2011
856
510
2228
2178
2158
2711
1302
1869
2333
664
128
361
2194
2092
2219
470
2072
972
270
2653
1606
3500
24
960
1888
1293
1497
175
1166
846
1383
2039
1384
1265
1031
307
1686
1381
1019
2243
387
372
3146
531
3391
2095
655
1174
2110
53
2176
451
237
1220
1773
1037
988
1258
1963
1312
436
477
2339
504
6
1143
1857
1598
314
1499
2731
1080
2345
152
2599
4329
1410
1821
1363
1251
1030
2553
917
1761
1866
962
841
448
1426
4163
4534
2292
886
1482
1845
324
2341
1133
297
206
3920
1955
1274
954
986
1143
1440
1866
977
620
708
64
465
1726
787
4038
1510
267
354
4642
996
228
1150
985
1966
77
4300
413
1469
2448
698
368
1094
1206
1728
357
2149
1509
1026
397
413
1914
3468
2444
1427
1452
1288
609
937
1173
614
2378
628
35
2247
498
4818
2120
584
5
1990
1689
585
328
1809
610
114
1370
829
83
966
1910
718
475
1120
1964
1218
2354
1542
2209
1640
592
439
569
434
1458
1388
2127
864
1460
1624
3895
955
604
1839
1037
1718
2953
243
502
3485
1846
1677
2231
781
561
3317
649
3560
597
413
1802
693
1853
2288
39
1131
2947
1789
2104
2387
442
574
862
674
1665
1398
951
497
2864
570
937
466
889
443
966
1045
1723
1724
74
1071
619
1470
1673
782
2302
1665
4667
2392
1251
674
1318
531
1978
1812
614
1095
209
3089
579
431
1928
2361
1310
522
2294
1851
2061
1525
893
1290
1368
1947
1221
1192
81
1010
2467
2317
1375
2028
3000
1166
1535
214
1687
1342
2091
882
693
943
12
1988
360
1935
1927
2485
2594
2423
1122
900
1109
1876
1159
3841
1618
4582
1062
1232
1669
752
2639
1337
2656
279
903
2020
1197
126
254
2524
2395
1621
1135
219
2487
3275
2757
111
1667
1764
2080
557
1989
1920
3200
561
1630
2237
1045
568
1845
2733
1659
354
313
2222
2078
3031
1244
845
3318
1702
476
1504
2026
1769
1548
3716
195
3098
904
803
2056
1109
56
1813
1815
2515
1886
2185
1585
1382
1859
1848
2309
435
591
1377
388
3055
946
1515
1653
2858
2536
1094
117
2330
670
965
1379
989
527
2322
2647
388
13
411
1448
3397
1982
165
3912
1866
591
1333
298
98
1048
637
2031
1372
342
1500
2395
353
132
1310
309
2947
67
1418
1860
2069
2629
516
1055
884
286
2930
939
1323
1010
1248
1023
1917
1233
2362
1260
1276
2061
731
83
2195
1772
1327
2291
2586
3209
406
1197
1296
809
2248
1140
2495
3382
1886
425
2185
2468
569
2457
2821
1045
820
111
111
780
184
1631
103
477
2000
995
1254
706
2697
1871
1275
1118
1062
2835
109
327
1922
99
1829
2114
1038
106
381
467
3793
2215
1936
1446
311
1076
140
2617
1168
223
1526
416
440
1803
1472
1780
654
481
1504
1908
20
1282
1443
3335
1745
1407
1973
792
1481
576
2417
2942
376
1743
44
1460
1362
2005
4346
1746
592
2708
1973
2948
2544
1029
167
53
1368
3365
283
1529
1594
126
740
303
1115
2798
1760
1326
583
2355
892
2711
1154
1685
1000
746
2240
2082
2404
1397
333
806
315
541
2006
1327
2815
411
2063
159
1362
2157
804
1615
2343
964
303
1006
1848
452
1115
1264
2031
1112
1532
58
3742
2378
976
366
214
3533
1557
755
2018
520
277
104
942
3691
1607
1353
1017
1654
2444
2814
2594
1897
1645
4071
5381
937
1923
2620
1097
1117
367
1388
2060
3765
2224
685
611
725
1004
1750
94
1690
951
2569
1568
2829
5107
2563
1246
916
414
1164
991
1248
3808
1039
2157
1825
476
597
2367
2010
1837
1162
319
1681
1354
194
1625
1720
735
1784
2739
11
1761
2681
1875
853
1805
2808
654
1703
2217
2574
971
87
2334
845
338
549
1019
2275
1755
970
574
1289
2685
902
5063
2083
663
2930
508
1283
3134
2857
1924
548
1661
1614
2566
353
1939
530
2499
1054
1990
1802
1271
1135
2162
4663
2492
1011
252
1054
233
749
3218
475
26
998
579
1684
763
1546
1207
2449
3152
1477
1537
1405
2449
918
3176
1388
1386
1431
301
22
492
794
3613
1137
3375
2924
2487
2006
2262
339
2012
1697
268
257
2602
46
420
703
571
755
1169
2388
321
1037
3830
405
589
1830
1417
1323
1334
2126
463
3624
389
2288
628
1647
2869
1483
1480
573
42
2404
626
2243
3565
2876
995
1238
931
275
3027
2178
2172
131
1277
1337
2699
1295
1580
1779
935
1337
2156
1180
828
1077
2315
144
734
1380
2634
597
2519
535
572
473
2396
1370
1966
759
559
170
2703
507
2079
859
29
786
685
1585
1873
362
2616
860
2299
1762
1608
1451
1154
897
995
2519
5684
3840
180
592
177
1558
2890
2160
1370
404
765
1203
22
339
3073
598
2900
2425
1169
1112
1326
3050
1139
228
3735
2887
16
2322
2238
259
2772
48
593
460
839
3775
2160
156
2760
1541
721
1747
562
1006
1514
480
80
3118
2884
208
335
373
1236
971
1164
2378
2150
281
684
708
4957
1917
2030
1357
4146
318
840
1220
1012
324
832
971
1560
594
2165
305
2362
2366
1777
652
2343
1441
994
2683
662
1961
900
1090
2250
2500
496
3566
902
171
2083
3231
51
1879
1429
3144
88
718
1654
897
1039
106
2016
792
2775
2149
336
1568
936
2501
738
552
803
814
476
1009
669
3510
2417
2449
58
487
698
510
936
853
1776
617
901
1908
375
2143
5462
1411
1296
1010
1027
2802
2875
1643
1913
1663
1050
1539
1247
740
2745
205
397
2287
1594
1714
215
2876
551
1976
1375
1985
448
3372
218
5551
294
2109
1793
656
848
4252
267
2829
2253
485
1268
2988
1949
2781
2322
934
1667
2500
3510
2650
453
1582
808
770
913
2652
789
2100
414
1548
1343
512
480
875
811
1252
1301
535
69
448
791
1940
1408
1452
819
693
1322
632
3365
422
1988
1119
848
501
1018
1007
2502
651
225
651
285
2323
605
3351
1918
2090
3125
2058
1653
591
1809
90
1160
1508
1092
2573
1269
1426
923
2653
267
3412
1121
2013
519
2845
641
1784
986
3258
857
509
593
1320
205
240
102
1653
1648
1445
1258
2362
293
777
545
3685
79
877
633
1978
2073
536
841
608
1595
803
1312
605
1112
1899
2576
690
1895
606
1791
1426
1349
54
2014
469
34
612
111
2767
558
3044
1929
1509
2990
2889
83
146
2859
39
1110
406
268
1465
1166
20
1684
65
2540
2639
940
688
815
45
90
162
559
938
60
529
472
934
3636
2754
1843
1049
30
1030
1907
2259
1895
1604
2263
899
3451
1038
1684
937
2063
100
354
1727
234
1206
1935
658
3300
2487
625
768
242
1438
659
754
937
1029
699
613
3181
481
1535
468
1901
2887
455
1902
3818
2285
740
1945
1628
1952
216
2010
1543
907
2812
3896
2206
91
2027
2431
376
2214
1627
1505
154
362
179
2844
2481
1190
1392
2279
948
300
2572
1012
559
891
743
2748
1223
934
1523
1373
185
676
2640
3
1373
1180
929
268
1909
3519
553
599
72
148
944
1184
818
228
1192
2999
12
124
1722
1028
990
1355
747
997
1324
90
1196
2138
1315
933
1627
4624
461
628
2946
321
709
1666
1734
1308
1148
159
820
1841
1110
675
86
182
1193
3991
575
2743
707
629
1512
579
1691
894
1843
764
2125
871
1175
709
998
1425
1927
1858
731
27
450
292
110
1697
1778
2569
1180
769
3953
606
2155
2161
3144
1845
226
1341
1601
1058
252
1579
32
1064
1503
1505
3983
2363
1082
1381
942
3134
1051
1346
121
1545
3890
301
23
960
1897
998
2014
521
2416
1608
1983
354
767
1698
532
1056
1160
813
2503
470
1729
2870
414
2678
1422
612
390
1047
3756
1468
1978
2191
306
682
1313
1403
1068
408
1923
1567
316
3396
1052
4174
1962
39
1972
1662
1344
2840
1452
425
2262
737
1464
1152
235
1775
1901
2834
2422
1777
1215
2957
2026
1890
2351
235
1035
806
703
179
2566
3357
2464
749
1774
28
241
3427
804
2695
89
2545
298
105
740
1068
1460
3706
621
2314
1016
827
300
1319
1395
2315
452
672
693
3551
475
1185
1159
1755
207
43
3704
3467
57
344
828
2806
340
876
1261
1279
1064
1210
857
2034
1735
795
3206
3231
2756
3507
1292
633
1532
1133
3085
838
107
1435
1254
3261
368
1567
966
1130
1383
1055
661
161
146
2961
1495
2645
436
1815
1243
1071
1962
790
1406
778
1973
61
108
248
1498
392
1529
2495
1679
169
1450
1279
858
174
124
773
1643
272
2094
901
545
4597
3057
673
2322
3671
3013
1289
1461
2685
1281
705
2309
1312
2058
2592
546
931
1784
1152
114
1807
1550
119
4804
3046
1632
1092
1036
383
799
1474
1558
765
642
1285
2067
944
1973
1424
891
514
915
247
2569
4914
1071
713
241
1325
724
2310
462
408
324
2019
3524
1030
2287
2067
2812
1130
530
1289
704
466
2488
369
2203
2048
1010
1269
1093
3535
1438
972
1975
161
2014
1423
506
162
1568
176
929
4766
3503
479
62
1859
1485
202
920
3081
781
1535
1608
2136
979
1338
972
1519
461
854
3066
985
510
916
2428
2182
114
1869
3151
2124
581
2071
800
1560
49
3687
628
2449
928
1053
1067
63
1110
1210
644
756
695
2063
1979
582
139
16
862
2038
717
1649
2100
1372
297
436
1034
509
438
2455
3135
2754
1671
1320
679
1920
1887
1944
1439
2891
1334
1883
1658
2958
906
594
512
2927
1894
2916
1488
279
2527
2656
381
697
1610
331
3623
1432
1825
1209
2307
1278
344
2212
3824
1985
1934
760
995
1242
438
1164
25
3184
2331
2556
1146
1472
2985
1851
927
965
2200
386
2960
840
3673
924
1430
1148
4580
2702
1297
292
3196
2239
84
3031
1007
689
594
1084
1341
2981
1697
1688
3918
2173
752
1223
272
715
2144
28
2179
411
2595
2243
176
3781
1695
1166
442
722
307
1477
2476
2892
685
2146
1850
2307
1836
1726
1706
1729
2068
1906
320
97
1127
751
736
1594
1151
1193
1723
1539
2261
9
1861
1682
171
3466
790
1395
1142
753
1647
2194
1151
2264
1825
1034
1354
370
2174
82
1862
1888
1698
740
821
3322
880
2881
1233
2087
1156
3974
40
419
1252
235
2065
1873
3861
662
80
1203
4019
793
2723
2446
1187
1163
1233
803
3843
2002
2511
2458
1769
745
2512
2300
1570
1821
150
2915
2873
70
2390
1364
1634
1074
1593
1665
3121
1300
2333
1267
870
2608
385
1784
708
71
959
2687
1713
2454
2760
1578
1559
4390
651
1244
519
265
1291
985
1332
668
2574
2863
897
1643
3149
89
2169
2685
1207
2256
1848
179
1058
579
780
210
786
206
2194
923
1011
948
1558
310
1486
2004
1584
1008
6099
2579
3815
265
1360
2230
921
3971
445
1525
64
2004
1926
137
968
429
1643
3340
629
1475
3771
895
838
1721
2332
2422
626
1484
1825
297
1751
481
2470
553
2042
528
1036
3151
2119
1674
2641
1534
3211
497
564
639
1032
713
2567
1169
3654
978
2326
3145
4421
1744
1895
3467
4069
