real_Parameters :  bessj 	 failrate:  1	 Fm:  450.7804	 且最后的Fart/Frt:  0.5851129592		   Time :  23.9184

11
86
346
190
432
513
261
555
248
130
526
14
223
201
723
818
867
123
866
222
525
222
122
127
242
184
813
67
226
395
709
53
2
425
18
32
343
897
326
78
340
374
397
192
240
70
197
296
51
332
99
21
323
782
530
434
249
54
787
178
86
161
164
771
780
1322
1249
828
344
517
236
566
252
101
156
37
1380
218
51
417
1387
98
344
129
567
32
256
107
101
586
515
26
651
1035
223
336
136
683
181
50
53
17
731
832
909
369
725
588
177
24
464
452
293
417
178
237
33
773
266
1064
45
227
87
1550
776
107
733
396
189
587
209
73
202
997
155
1043
370
832
72
49
199
1526
91
178
577
80
63
15
261
430
772
194
59
268
556
60
256
11
299
857
367
894
657
59
548
791
273
136
753
109
781
398
1059
38
1528
128
446
1160
323
1328
369
1065
618
1081
694
226
127
63
219
109
521
217
15
799
175
196
323
713
30
1227
85
1
224
595
1072
412
491
319
302
800
361
142
450
674
364
1838
695
371
731
907
632
449
593
757
189
811
1179
272
83
1096
726
1692
65
202
408
552
487
447
192
937
286
204
683
259
619
654
47
214
15
330
205
59
596
3
725
488
323
561
609
144
45
1038
658
557
524
565
556
1298
319
154
356
250
170
70
100
1274
181
1399
658
1039
656
200
197
93
724
569
393
35
73
552
68
733
346
674
960
391
764
159
79
251
818
115
146
520
1
724
165
327
480
118
102
74
61
74
147
239
130
342
495
673
724
102
278
707
810
931
1481
127
307
506
607
115
1185
144
1261
164
443
698
1457
5
1047
644
683
415
52
1166
833
310
252
53
262
869
588
908
533
147
429
103
149
343
161
165
315
2022
989
682
315
993
114
282
85
1468
86
478
525
665
770
186
579
149
297
113
266
27
568
1113
743
293
15
275
766
138
478
115
490
124
710
195
260
73
179
264
443
233
1194
95
162
64
154
468
839
104
869
95
355
1144
1
342
698
159
1184
290
509
157
645
903
666
11
101
702
1448
1403
1394
7
1105
28
97
448
668
183
114
410
503
437
360
569
224
587
163
155
1309
258
110
579
472
250
1176
287
1053
116
198
359
231
872
165
266
859
449
944
433
637
200
139
51
1069
1256
78
372
177
130
275
71
286
42
1603
133
184
374
97
1
1084
84
780
382
208
118
789
300
303
752
304
298
454
202
740
676
529
116
541
346
225
1544
35
503
793
25
86
492
113
187
115
102
134
144
45
123
354
387
367
513
449
302
569
43
1177
780
529
621
120
109
103
136
1171
352
59
48
28
1029
646
73
288
204
78
296
109
470
71
330
1172
161
1254
127
282
910
161
12
99
118
54
86
477
63
434
108
482
169
105
333
419
385
70
329
1242
33
353
73
1176
1824
668
576
1098
131
365
466
1516
43
253
162
367
199
672
1683
225
1258
950
179
148
53
407
1067
373
82
403
1026
118
91
75
54
1626
112
164
317
233
73
419
48
462
23
182
31
260
107
405
127
85
68
57
538
731
1176
708
161
112
891
277
64
37
246
391
353
283
700
17
289
159
108
160
241
122
493
307
178
38
124
868
137
87
112
293
135
688
567
145
395
289
498
89
299
191
328
83
161
383
331
104
377
257
518
396
988
79
461
973
2
118
1393
38
78
239
756
99
135
1694
230
1118
179
396
1040
236
294
547
99
845
899
1
36
199
95
14
27
85
79
251
543
259
357
183
62
179
365
797
411
58
559
250
166
164
628
569
2026
908
684
136
237
680
14
435
240
411
193
699
8
673
1493
125
385
147
369
129
1153
227
115
302
261
471
135
482
34
51
847
167
210
699
585
15
99
536
355
206
268
1133
416
74
604
61
883
382
1170
1933
133
43
1308
180
352
1436
50
1224
511
290
883
35
178
92
455
731
111
393
882
250
551
826
71
257
559
84
155
68
245
719
1592
883
1102
883
376
25
141
593
51
486
151
16
46
67
191
629
452
138
112
34
719
1714
1161
897
647
1290
315
1152
284
189
150
496
364
797
252
388
637
234
54
30
321
679
35
1605
812
658
64
756
238
1610
1480
318
151
708
220
334
2
292
29
890
72
897
59
243
102
715
321
1136
108
195
125
369
64
96
149
119
947
301
130
290
112
373
1433
152
292
137
200
203
77
326
483
53
59
172
99
673
725
439
381
77
80
1238
971
480
1530
937
621
143
239
358
80
764
1639
589
538
435
377
75
512
925
717
297
45
171
434
415
1307
324
530
2316
739
39
1688
749
314
569
64
173
202
1533
307
668
411
920
296
1462
142
83
33
391
283
10
1987
17
187
1570
491
435
136
535
136
2379
281
324
194
198
174
642
343
251
20
997
81
634
5
828
586
126
251
1076
482
217
382
193
173
461
333
191
900
634
886
138
387
464
825
1092
488
298
31
41
208
960
98
233
174
1170
608
548
54
704
680
30
531
238
233
430
118
459
390
1078
1006
213
501
403
1058
1050
423
378
274
613
1781
748
138
249
731
54
799
1023
195
613
1194
376
757
42
542
20
380
239
476
194
490
128
1336
215
199
69
962
1031
182
114
181
610
942
1278
44
718
299
514
274
90
85
71
596
207
1544
369
268
278
894
60
1023
1508
339
105
104
1444
601
106
445
145
903
351
699
172
643
299
696
71
339
313
159
441
871
1133
1163
170
1040
103
80
108
1189
198
231
784
59
975
395
1055
1972
237
370
867
61
648
448
1269
62
170
875
647
41
1467
244
412
1485
414
632
621
729
101
591
318
300
130
488
103
62
2251
165
809
7
289
196
359
159
484
1498
450
610
335
108
92
48
443
46
1462
716
54
754
634
1134
165
590
144
437
683
119
2
122
1726
145
200
689
425
1358
111
509
26
304
194
293
165
196
680
27
105
1150
104
145
53
1191
472
1155
247
374
482
125
1471
133
444
178
586
56
266
778
23
93
509
80
581
253
182
576
134
204
305
239
70
550
54
93
148
13
570
173
237
577
556
87
449
342
1706
786
99
577
423
440
342
318
1946
265
1106
370
503
101
1351
222
302
89
239
306
467
140
216
551
368
66
36
1000
287
443
192
213
834
259
667
184
61
587
191
190
330
701
363
638
214
643
958
71
899
83
584
1875
292
477
581
85
216
20
553
588
848
759
102
294
266
614
754
533
1135
1183
303
659
46
411
36
589
4
1284
220
151
382
560
42
133
309
14
500
54
915
398
405
1292
137
252
796
14
285
40
349
269
710
37
1665
719
8
413
837
211
471
145
213
647
478
58
135
13
1537
733
603
650
298
155
349
143
96
586
493
24
319
1005
762
1012
172
605
668
239
618
632
665
80
349
44
322
122
344
398
463
175
954
225
833
73
76
388
707
297
735
60
478
225
150
298
2159
71
646
356
1295
303
66
75
67
572
307
203
147
1090
394
12
591
206
1860
532
139
267
369
104
450
134
825
477
602
367
597
212
875
468
147
612
577
466
645
629
315
504
1269
169
1480
177
649
327
393
123
507
152
179
977
465
558
1038
1898
116
186
293
455
30
433
402
18
814
864
71
1004
1328
233
378
213
97
659
1277
71
239
245
472
98
883
79
506
113
1040
240
553
48
3
320
336
758
3
502
262
1068
97
811
905
300
712
1629
351
20
986
224
162
354
652
283
90
188
397
78
926
554
649
663
782
620
746
347
795
293
136
209
1430
80
268
591
297
304
398
604
522
577
126
723
87
972
253
185
123
129
120
924
162
664
505
1305
169
106
288
21
62
381
146
304
97
1317
261
567
317
546
665
435
124
114
43
204
245
1792
546
2029
461
1473
226
268
106
471
541
824
236
2215
49
135
651
411
138
37
468
142
618
311
836
951
585
204
971
2
920
148
501
59
1224
1728
122
1370
1055
82
74
334
1305
292
237
1065
835
15
203
1120
208
97
690
580
1255
513
119
1168
79
551
242
484
611
209
74
90
695
831
1199
289
30
56
101
425
1044
1827
782
197
363
286
311
1025
355
84
471
222
444
138
378
131
668
173
414
201
127
26
1401
1082
594
589
205
221
99
288
758
237
326
196
968
497
66
213
637
638
1727
310
107
84
864
388
262
190
371
368
60
65
197
884
307
667
81
499
389
124
417
37
351
267
684
38
117
312
992
277
384
116
575
31
358
484
229
599
250
696
1322
331
810
743
81
129
1112
188
1039
212
354
516
394
188
78
356
70
237
34
1479
155
64
15
679
1553
50
709
654
730
124
601
192
534
315
1331
351
413
419
1050
543
495
74
540
52
112
510
180
1504
236
456
376
163
672
184
66
72
93
473
359
179
90
150
68
96
134
102
184
552
260
655
783
107
1069
119
407
44
363
2153
862
211
61
686
235
827
108
104
169
654
458
102
21
481
502
65
654
471
366
958
1364
143
118
1100
257
385
415
316
103
636
1588
743
499
98
227
306
655
252
558
212
86
17
206
295
717
12
171
2
1360
513
133
417
377
107
660
910
108
456
127
257
197
276
1407
86
87
149
720
257
504
292
103
189
658
806
746
1388
219
792
636
541
402
362
198
903
1819
611
338
192
560
593
1905
283
549
221
854
766
774
107
110
816
208
212
426
155
218
274
13
115
119
589
2
263
356
22
306
764
218
685
184
42
29
376
124
421
841
2
20
186
528
684
334
754
195
77
348
999
128
541
709
545
83
524
119
435
53
490
545
1374
660
125
232
501
393
666
272
791
172
125
1528
303
791
247
177
77
373
213
341
66
241
237
1014
500
46
652
56
320
232
67
488
412
518
876
485
637
263
466
1473
89
1632
181
152
73
96
111
299
1014
486
38
101
137
318
29
102
123
47
15
39
750
561
375
810
126
50
1266
205
166
1084
139
948
588
383
123
608
341
438
517
963
912
479
628
174
414
66
4
123
178
54
167
564
423
44
185
808
343
396
273
159
459
651
121
25
135
79
51
123
1391
1582
614
408
220
442
532
419
537
560
698
236
270
197
102
1780
1083
52
626
52
117
327
11
98
685
318
245
74
84
132
1069
358
906
1358
857
184
1054
435
135
17
479
190
98
800
599
651
414
500
1085
297
123
737
472
1225
27
314
582
124
84
28
830
791
465
462
286
1540
122
815
590
213
384
807
423
794
264
60
77
1510
870
724
80
75
389
182
93
103
343
33
38
391
132
728
59
130
206
817
331
748
1342
427
203
53
824
141
215
221
84
36
625
70
279
432
119
823
63
429
958
143
577
323
72
592
542
705
203
166
580
557
292
642
78
368
1032
89
1185
53
695
224
384
85
617
645
273
145
765
402
739
419
90
350
341
265
710
494
761
1306
741
209
85
1343
108
43
424
463
17
333
44
226
163
445
28
195
273
155
865
105
1765
13
69
192
594
463
1395
360
922
24
882
173
639
756
1045
448
59
48
17
889
202
15
1075
69
366
1530
225
2
162
960
85
651
642
437
1313
1377
299
535
1076
845
608
105
869
455
1084
217
244
148
294
744
767
882
647
407
14
1191
298
559
912
430
182
138
213
402
293
583
509
106
527
331
28
370
627
931
180
494
84
748
67
263
522
1187
780
85
524
374
670
247
404
31
6
362
480
117
22
588
708
345
506
814
43
237
1048
1902
541
60
187
257
125
306
132
437
449
593
518
844
933
56
467
823
478
1177
187
192
3
158
655
295
90
1074
30
531
735
377
531
366
343
422
75
800
329
15
145
445
85
301
129
187
1246
1066
75
285
391
305
138
649
390
423
137
68
119
182
527
245
3
24
856
510
62
36
403
1339
235
882
43
327
640
1515
255
1305
548
1581
574
50
219
767
259
826
341
150
185
204
87
229
68
112
915
380
32
37
105
227
777
30
131
1418
458
907
1355
329
601
58
458
166
47
514
176
658
151
208
151
121
108
461
42
163
332
1060
849
529
158
947
226
93
721
838
445
623
244
247
699
56
444
338
1214
274
632
324
627
442
852
509
919
441
1015
1
587
249
216
126
519
354
121
10
343
136
165
87
137
99
216
97
58
488
245
304
219
189
743
527
162
53
1090
453
526
888
230
348
221
842
98
76
443
291
121
1062
217
473
149
417
249
817
63
74
850
44
640
181
291
822
195
104
1020
1532
570
1580
46
218
223
192
726
1679
202
52
676
146
93
263
75
555
42
595
328
217
578
161
223
116
344
1498
469
198
100
253
162
430
92
93
760
119
127
47
111
316
45
146
14
474
146
1326
44
106
449
62
580
191
715
608
110
736
104
251
99
566
238
1402
905
518
92
610
543
335
184
1227
45
236
1016
36
137
335
451
358
491
447
579
510
2103
492
462
260
383
892
1151
67
301
590
489
233
83
916
459
31
24
1512
51
150
94
270
30
312
526
723
86
589
162
236
78
802
49
533
1071
481
1270
1228
825
982
354
258
53
674
70
350
820
66
336
922
858
98
169
107
795
114
37
28
972
98
169
184
638
66
1319
934
46
148
93
761
218
87
234
740
2385
1216
39
610
276
670
827
1215
91
654
366
320
673
899
769
1068
1
138
59
404
101
640
785
83
149
582
47
416
129
483
64
464
1
146
362
4
139
71
688
89
19
344
640
1011
192
264
588
187
186
1613
297
139
655
278
479
522
718
415
430
816
347
72
926
2
28
350
1071
235
999
242
167
737
267
157
492
1109
385
433
417
168
263
498
1387
507
416
184
331
52
27
910
451
261
779
137
47
907
216
208
17
1360
517
460
694
185
40
235
522
154
130
445
374
57
1192
125
779
17
797
487
2
203
833
325
256
816
167
772
712
65
145
559
320
528
169
215
20
26
653
356
563
1390
39
428
148
482
66
488
292
601
64
129
66
34
369
553
68
37
387
118
299
105
1367
125
49
1456
874
350
721
184
613
813
455
45
759
481
46
30
375
538
352
887
630
141
99
366
285
683
1118
1632
895
212
383
220
722
172
29
230
348
38
234
790
642
641
309
105
627
277
295
576
718
281
547
361
335
146
443
29
460
190
465
803
468
396
205
401
85
424
194
373
1137
278
690
1649
227
101
401
372
367
80
168
130
369
885
79
603
426
879
159
119
1982
136
336
280
47
689
126
126
224
510
304
32
232
931
84
516
73
142
255
319
968
498
284
66
102
123
1342
9
1196
2162
49
24
280
882
365
33
415
1847
339
150
257
1073
81
10
289
809
667
94
1192
990
42
1
265
991
180
134
69
40
919
1442
346
218
563
166
124
133
57
958
189
489
211
307
429
70
111
384
853
192
421
389
38
60
1086
378
341
40
582
105
769
637
231
1273
128
216
32
200
157
215
649
607
883
264
275
131
388
595
805
357
829
521
1003
433
218
214
1421
483
284
434
1107
646
1389
96
1130
91
489
796
1288
493
381
205
437
137
119
107
1454
268
1070
208
61
465
2
658
37
432
2
62
40
1392
716
158
431
266
548
1264
188
202
116
375
1273
65
757
144
95
73
17
1836
942
52
669
105
1047
212
284
1131
768
1015
73
929
574
76
433
705
551
244
64
815
744
566
351
961
142
321
28
84
1280
3
196
1589
1208
1479
526
70
10
34
302
440
960
516
528
208
417
1271
223
1098
194
442
297
39
1307
59
67
673
1062
1473
252
726
468
1145
774
1113
76
116
1117
278
126
123
1159
279
738
70
548
1591
866
1143
173
272
72
435
184
11
106
94
107
910
171
834
250
405
1567
136
133
176
611
14
179
630
13
270
69
150
436
422
335
35
638
693
412
79
128
215
177
1080
715
797
179
869
191
362
1663
908
74
271
191
124
883
204
83
502
19
69
599
714
1151
995
96
223
1004
338
997
219
2598
827
36
1097
1593
12
522
224
418
1787
114
993
618
263
142
1002
191
305
331
355
781
430
291
937
314
332
311
1216
748
171
1259
230
508
735
163
230
321
455
383
97
275
216
269
17
101
1557
308
1065
29
361
198
375
389
75
83
310
140
924
338
799
413
299
28
84
414
2327
187
451
122
192
85
116
343
102
597
1288
31
12
618
60
112
396
161
521
148
108
291
619
926
931
387
112
149
2
335
332
243
963
344
813
290
239
682
129
1032
55
388
302
295
352
183
94
67
407
67
807
891
360
76
203
1450
95
340
130
702
648
111
471
94
366
1574
1466
1159
522
500
755
927
94
77
823
371
863
317
90
353
578
74
1325
71
301
71
412
1614
320
43
188
392
114
686
492
875
629
85
145
410
443
82
168
302
123
1182
546
18
71
567
1370
376
139
1279
548
375
1054
225
13
366
485
12
540
39
130
719
456
397
260
85
49
621
1079
194
263
133
402
74
173
577
201
94
685
2
729
223
42
849
426
103
701
192
430
274
443
1245
34
44
32
474
18
245
223
1215
374
1068
141
676
261
1
485
556
109
40
82
121
85
738
157
140
781
153
946
294
113
465
420
733
33
732
183
1304
766
287
98
508
550
164
150
192
1822
395
740
119
386
85
504
154
411
858
256
490
325
242
1131
48
164
347
394
129
164
164
146
1036
510
2454
203
310
166
131
718
377
705
74
277
165
388
132
517
63
232
63
403
268
489
434
722
33
324
104
348
76
488
157
488
1165
51
214
403
14
977
295
152
14
39
210
659
216
67
439
724
420
66
313
25
30
1082
252
780
549
1457
1034
109
587
743
91
757
570
370
1205
238
1470
269
813
732
72
147
1110
72
745
748
165
799
445
305
63
404
2137
628
1713
152
143
45
41
766
53
627
275
26
605
375
845
104
370
471
294
518
405
53
537
270
102
599
857
908
512
41
1114
306
549
574
952
929
270
203
251
103
60
328
211
961
258
148
114
404
721
91
158
1570
776
609
147
149
85
513
1121
990
1035
339
118
1976
945
233
1147
1016
761
246
157
96
1461
1427
164
188
600
962
143
164
1086
1334
166
430
115
694
99
214
1671
705
533
374
350
322
995
1398
69
74
42
445
25
470
1057
282
868
510
1865
143
1663
37
261
373
2576
1031
192
1613
1149
368
173
1131
142
95
127
126
361
221
817
616
79
145
37
595
385
155
434
157
130
209
307
663
135
122
357
298
187
572
251
285
99
148
303
913
1331
616
488
458
871
122
368
94
563
247
386
126
3
35
421
2
461
126
132
55
278
126
877
682
125
252
124
63
1268
3
85
50
837
64
435
542
107
98
933
62
234
851
279
888
1102
159
131
1506
485
1332
883
418
58
28
173
34
80
600
203
191
68
176
143
523
204
720
334
248
996
290
756
91
107
18
258
77
782
1041
146
604
2779
917
332
706
779
495
232
990
1657
147
446
944
2
178
593
237
314
342
413
80
529
102
1262
265
840
173
306
482
710
1164
1228
55
25
520
209
546
122
436
229
284
39
84
744
439
117
272
262
383
173
68
452
369
49
184
196
160
166
241
84
111
42
1326
940
123
717
1049
123
592
521
405
447
777
159
712
10
856
584
220
188
270
772
500
196
553
595
1060
182
554
306
605
54
86
648
281
474
996
152
777
377
527
91
4
103
269
606
16
304
80
1127
1235
1314
42
148
517
298
132
303
750
35
110
576
960
202
879
433
1423
371
156
1255
22
1553
479
67
314
1682
543
256
17
268
445
441
40
1744
163
426
125
854
46
1253
112
713
524
81
410
439
1479
352
385
672
476
323
847
790
718
691
109
716
887
558
317
110
370
320
40
393
568
442
119
883
19
364
16
1000
649
447
746
191
565
111
240
105
409
424
781
603
76
350
688
1000
373
1263
400
845
29
13
36
696
51
298
145
116
349
390
404
509
143
383
239
403
432
174
1309
729
354
102
471
1468
73
62
173
434
211
192
53
394
413
421
727
539
140
614
1141
456
418
435
215
230
405
248
388
1055
44
35
149
835
793
197
229
163
241
932
1766
1144
914
55
54
269
199
837
42
72
285
1505
321
1151
10
720
150
329
229
427
105
423
58
613
501
796
282
69
624
1026
1192
331
776
1452
805
110
76
215
151
979
315
41
1045
18
553
145
109
450
163
287
30
1150
33
24
99
1265
850
1651
129
205
2
540
840
447
124
38
354
132
134
566
1413
839
101
39
620
600
797
727
244
163
454
587
450
419
35
113
79
760
1451
189
93
920
926
312
260
331
245
300
904
57
103
105
143
932
264
568
161
149
25
704
360
403
49
246
602
1037
1560
749
665
169
581
246
262
87
789
320
84
546
808
893
387
457
34
69
69
82
585
1385
1247
78
513
968
411
48
1048
1055
610
1321
428
700
971
226
486
705
416
51
822
64
266
2531
402
279
585
170
465
48
111
340
141
186
225
390
264
186
661
130
21
46
19
717
93
394
425
301
836
491
288
297
415
53
32
594
328
43
365
108
25
449
480
76
132
730
477
385
262
394
141
1352
742
997
505
25
1182
815
1141
371
1014
97
69
578
156
258
1849
215
210
73
153
334
100
848
133
1544
221
50
259
71
1052
505
176
451
935
640
235
242
421
538
795
121
1644
219
361
622
598
60
102
138
260
342
690
508
167
842
53
52
422
302
96
251
68
704
735
499
6
549
450
286
1270
1975
207
84
301
256
781
281
122
446
11
697
1146
729
141
86
469
296
416
138
56
730
537
563
621
61
234
876
1081
246
203
1203
324
225
131
239
525
39
21
353
652
421
145
37
418
1006
1858
519
139
39
171
190
334
162
715
58
156
653
154
356
53
266
396
288
1133
1231
351
99
831
874
72
711
480
1575
113
75
492
551
598
467
167
558
999
583
208
180
313
24
617
22
787
990
764
393
56
75
67
955
170
329
147
257
1526
79
621
9
837
64
88
17
971
87
418
1114
768
442
594
132
944
553
825
217
80
426
193
101
151
16
704
409
473
543
901
320
1300
503
684
1177
1422
327
235
151
408
149
680
292
176
144
195
799
35
392
277
635
150
245
907
16
451
554
366
913
899
335
187
1185
1683
27
738
297
490
700
778
1254
596
44
822
1277
311
660
697
44
760
168
582
389
303
462
1196
69
1596
393
170
632
1354
948
506
35
1055
338
645
601
542
300
1387
711
75
1283
11
74
353
243
596
68
1233
68
908
311
1240
694
457
1405
584
49
535
672
201
62
241
526
582
308
634
685
1346
1238
428
545
50
63
318
377
396
373
75
29
352
778
377
618
273
1016
239
152
493
2
191
89
220
417
406
261
387
687
510
202
397
380
888
298
1366
743
1606
1020
52
111
283
420
20
208
119
303
446
947
212
132
16
388
683
293
49
243
63
137
51
71
394
81
110
475
190
379
126
1487
110
405
301
1086
269
1087
788
477
498
316
624
139
732
720
142
145
759
1287
805
749
365
16
1380
647
150
36
55
52
125
1169
363
1386
130
824
92
59
169
781
169
632
191
207
1036
580
615
1270
959
465
557
59
625
1506
266
179
222
424
621
135
163
309
744
182
555
157
697
630
543
204
146
121
586
62
287
179
62
132
1138
50
1195
448
132
606
490
595
724
191
463
194
2
1445
207
1143
270
369
180
570
71
530
538
1526
429
131
451
157
186
729
556
252
54
336
128
1740
157
15
114
623
1181
34
151
1259
738
415
183
435
21
394
4
188
197
333
303
92
107
110
29
575
1678
405
206
474
151
265
244
57
1005
89
921
114
705
98
182
218
571
146
1189
71
562
36
335
1072
299
283
2661
1163
207
323
52
24
227
2243
1
443
591
318
82
292
727
1255
539
708
481
530
656
367
367
939
799
855
50
647
274
1713
117
450
819
83
40
549
293
391
296
740
82
901
147
678
359
128
750
33
209
960
61
626
638
49
147
1490
321
752
110
283
101
530
589
325
170
1165
296
310
1041
24
863
748
477
225
235
138
35
99
187
168
476
414
733
656
145
123
94
216
567
46
503
504
1532
142
105
443
852
169
412
124
1112
640
629
315
1203
1442
1970
2413
