real_Parameters :  gammq 	 failrate:  1	 Fm:  1056.0358	 且最后的Fart/Frt:  0.8765097140000001		   Time :  146.0076

23
39
153
157
316
499
546
604
821
601
388
793
962
1023
1415
1232
122
1342
1658
1840
110
497
2007
1760
2127
2567
1351
1189
847
195
123
836
87
2644
2352
873
614
1025
1465
49
174
911
508
2423
1584
1376
753
201
254
2119
582
826
1753
402
1292
334
2223
1378
720
139
371
471
61
208
875
1160
2242
186
2348
58
1214
148
370
6
1894
2713
1029
2316
31
492
172
585
1370
364
2535
2270
497
503
478
770
226
3838
1847
1600
2293
741
749
839
216
1641
775
131
969
2716
1247
308
363
1421
1268
182
512
991
1512
266
1194
3100
340
349
413
1692
1406
1239
2462
833
138
2119
3721
545
1472
1667
1171
839
8
41
837
559
1648
6225
96
37
1236
703
410
615
501
10
802
1606
640
1041
1341
1181
205
123
1473
4848
446
3
3077
188
1019
381
190
375
874
570
722
3
256
1643
981
1233
59
1567
268
1196
127
813
83
443
1385
89
1942
276
220
411
779
1316
1916
3315
786
209
940
2335
317
1125
1209
1584
387
156
474
1906
54
955
659
1232
13
2926
3
1366
1365
1149
3838
111
74
164
1110
946
1389
50
784
887
82
425
781
735
7
260
674
197
292
182
2456
687
867
1476
425
1263
423
32
199
2550
2998
567
342
1921
5
5350
163
820
1664
860
110
415
31
1445
2318
497
679
2145
176
112
1713
961
1177
1281
4429
679
1258
1732
468
1067
1356
236
2683
153
25
2826
453
294
766
518
636
1034
5591
1050
103
1789
606
1640
385
276
136
2
80
1444
881
1537
14
3600
1603
1034
1992
2455
896
49
106
4331
3601
1882
214
351
585
339
7
1707
2237
1754
587
638
1238
60
48
971
456
81
141
3461
2736
153
111
773
1137
1378
445
2910
1230
1000
461
2668
613
991
109
1997
214
49
282
767
264
437
1704
1107
2164
1183
529
1281
283
2246
69
716
149
2716
136
552
1690
708
883
734
936
63
1301
63
1168
1102
1789
752
114
35
2834
102
719
1454
2280
51
180
1926
854
622
802
2489
3023
2018
475
932
1094
2202
2327
1276
1509
324
151
1483
427
1081
431
309
1060
235
1148
487
514
250
895
832
2329
71
128
904
968
301
233
581
682
232
244
270
173
1819
655
263
656
725
1128
1645
748
221
992
1165
1822
808
1962
1045
51
1074
1117
1432
274
1288
942
837
8
265
75
1841
399
1483
144
2627
771
525
252
898
3150
980
2
2020
165
87
309
2562
1954
388
223
173
24
939
562
2433
99
225
3428
248
25
534
1788
107
1423
2661
73
170
771
2191
14
1321
1916
128
29
473
254
1116
1317
624
793
101
56
2010
1413
78
345
505
127
1796
1870
2850
3002
83
646
1163
782
4067
20
273
714
1312
2661
660
948
3464
11
161
145
100
770
193
180
1632
436
676
297
4963
2879
437
539
894
162
3367
1335
968
2331
937
1534
704
134
2840
1137
846
1064
1528
1226
5149
883
346
409
494
44
447
852
2109
53
450
416
292
3206
2961
336
39
918
578
422
295
753
1319
2026
939
519
841
2501
110
3556
4686
164
352
1133
958
327
176
420
3055
419
218
138
154
88
1707
1131
132
710
348
571
2863
1311
2652
1638
220
3522
172
146
830
302
582
1170
74
912
212
514
2040
198
688
91
298
1070
2747
3017
541
1068
607
795
568
711
487
221
2714
3507
59
99
2622
1756
844
126
1523
2528
1064
232
477
1000
1136
64
1023
2376
330
5704
414
176
1400
158
516
242
1008
3714
1871
2379
1986
501
853
286
69
258
2333
778
436
603
728
33
317
1599
899
241
780
625
283
468
1776
835
129
641
517
88
1474
656
24
363
1538
252
3143
176
67
1023
719
1943
991
416
846
192
730
1823
22
827
126
19
4925
1863
806
364
115
424
1426
3036
2251
349
1260
4822
2089
480
1514
951
1041
81
632
2126
1594
194
1538
228
127
71
884
2428
742
2840
3287
689
865
59
541
1761
453
294
245
464
313
1894
117
153
26
350
1764
1798
1102
1703
1315
7
1819
69
330
2299
3540
5188
9
69
524
1959
269
771
325
418
442
1796
1213
183
2697
400
1
1183
908
1116
465
630
825
826
473
1321
1874
59
2595
1121
510
1101
3399
290
203
1707
2090
1043
33
982
334
850
1200
1154
3959
938
1787
1262
1090
2419
4650
153
1963
47
1488
339
86
311
105
547
68
34
926
496
88
346
1339
1259
9
221
1511
230
50
2411
1009
1629
1209
2018
567
340
833
121
709
2816
629
903
235
161
1834
874
1813
312
364
1686
1760
138
264
417
441
1859
2053
353
299
424
1572
316
322
227
1661
4053
813
261
711
1743
1317
687
150
1240
127
599
2687
737
1700
3366
275
1733
103
5539
2276
737
618
354
1246
2546
214
652
648
782
516
216
1132
221
2759
103
217
3529
2477
1249
150
393
1305
1568
117
687
396
136
859
2140
383
125
360
286
270
79
2045
179
689
2456
1947
1022
2404
720
1204
3726
58
36
227
1510
2388
2180
5
955
3360
1701
79
1714
776
1165
590
458
349
4134
61
3429
1629
5166
980
832
71
2064
433
5728
810
555
1107
11
343
3
3129
721
40
68
793
1132
385
2966
1398
2653
909
762
859
500
358
2098
228
1576
1014
262
2586
1031
2842
306
260
2910
3908
1753
588
2266
1956
50
105
1406
2225
159
363
449
2416
1581
198
404
2041
181
202
5436
1012
273
4337
187
977
1976
556
229
810
12
536
776
261
1461
275
2873
2110
320
365
1372
46
2533
1437
514
547
2117
1570
396
229
329
23
303
1039
2100
1809
1490
198
987
3241
1371
2018
6
539
4402
538
7
1511
165
1239
253
3695
2703
1503
1343
2218
975
892
2
614
950
45
315
666
1963
3824
596
360
72
320
726
472
2675
1550
2714
331
1741
1789
30
779
1324
3414
1400
450
2412
878
776
623
1
3209
1152
2376
2358
1601
495
758
375
225
222
2160
2201
153
220
447
2542
769
154
784
602
2120
203
982
559
1443
47
139
3534
686
2223
873
335
893
640
208
1998
1
1735
717
684
428
1572
1259
399
294
1829
1380
2318
1173
702
1070
134
1684
726
815
466
1611
1401
694
873
1077
1425
311
568
907
1069
667
3373
992
344
314
2646
1225
2868
1135
964
3033
1725
305
1195
286
261
532
1809
977
905
68
239
1760
414
281
7672
1276
153
455
335
3452
509
290
472
305
38
391
1077
262
416
572
65
858
981
2130
209
163
398
220
58
1161
1001
974
2559
954
2856
624
238
1420
277
660
114
397
255
148
228
1472
556
52
71
834
164
756
1849
3077
4294
1251
4641
14
1446
1135
1846
4352
1501
407
215
1241
350
182
70
1604
1046
1964
409
854
242
1535
1104
923
1579
57
19
158
642
1215
1469
5139
460
871
2925
339
832
2510
399
517
2242
709
839
7522
1081
864
205
754
1823
64
399
676
1949
1021
60
103
940
1180
2267
38
1141
1256
447
59
99
499
613
724
918
460
25
27
4299
489
1421
387
344
1657
1195
276
547
888
57
2137
321
56
848
1561
2293
18
119
1902
272
980
97
332
194
620
84
2392
1462
2032
809
295
754
2237
1118
364
1247
1453
1068
238
738
1949
5510
451
353
2158
1387
1164
1349
2949
1755
365
1053
627
2307
1181
1318
1276
1637
356
235
1118
387
2517
30
762
148
252
1226
2594
209
1343
1072
181
985
2408
1057
822
14
2594
308
1398
462
683
932
631
383
536
1141
673
2620
579
977
293
1956
1
602
641
201
2722
5
830
801
153
1704
21
1981
3737
894
30
93
286
1136
1179
4099
622
1301
2252
731
729
1004
150
255
469
2276
526
541
628
1620
48
84
397
1437
2330
1197
1909
53
628
939
975
623
4175
792
70
238
843
2026
68
87
1192
444
1833
608
457
319
137
1144
1279
2809
357
3193
1024
1275
1827
2613
386
3852
559
1411
203
503
122
147
1975
3060
1670
31
1177
1670
2255
2126
1071
1527
122
2141
1435
2673
332
127
1592
96
408
735
1090
371
31
598
65
2516
936
721
3368
92
987
5308
691
3078
516
2106
3693
1135
494
682
916
868
126
828
1388
812
97
428
247
53
2357
119
2343
1809
1526
340
2548
3544
485
158
1215
3162
594
257
194
1207
981
8
37
258
923
533
3
538
107
38
2928
32
657
2220
350
232
786
1561
3328
792
1291
284
360
508
1425
2067
82
1745
375
5111
321
100
1783
207
49
256
954
1052
1222
234
32
54
187
540
383
300
2685
13
344
477
174
680
1957
873
6
474
3957
4236
1450
1947
1270
66
439
1199
640
1181
841
459
1898
320
606
141
486
3574
1860
187
847
673
1121
1364
1495
894
422
458
235
466
3647
987
531
347
9
330
31
2466
928
1771
1487
826
604
67
1722
166
2375
578
1799
437
2461
1812
26
1581
202
1492
83
1164
690
78
429
31
2179
187
4080
411
982
554
1715
316
2414
1544
1575
192
718
588
121
999
179
1022
437
1190
19
1461
1368
1549
1816
434
411
1904
63
89
621
1960
406
754
735
418
361
385
610
425
486
1477
1354
5136
1471
257
560
925
162
1184
373
696
1040
375
52
947
428
310
469
911
100
707
2011
234
831
688
4774
1650
1712
1903
3048
765
2067
128
28
1528
561
1149
1249
1722
1278
408
979
160
2240
757
870
458
721
333
583
464
266
1224
3660
1219
104
715
2656
1170
2078
2958
477
80
540
662
623
153
457
245
547
1724
635
1013
206
1176
303
1060
1474
1594
325
1517
419
602
123
126
726
1291
351
2927
285
802
966
749
661
580
402
85
612
352
695
856
970
651
245
85
16
1877
673
381
83
1156
1291
544
3313
886
176
118
131
1436
100
1921
860
1896
328
767
429
101
1480
1763
429
451
1157
817
1633
284
1025
3129
1023
1821
360
672
156
249
625
1649
217
2450
995
388
2326
2616
314
1062
48
84
1183
753
691
666
269
6382
365
1196
832
579
599
829
678
1472
28
63
237
847
436
1804
251
974
1049
168
1969
1485
2442
175
816
67
175
2420
3080
599
2250
1018
1372
80
51
858
1349
1359
954
491
1507
367
147
1808
703
518
584
2
658
175
801
1952
2580
45
2762
421
4
550
915
896
114
117
1167
1
792
5002
2799
502
2262
3095
106
831
2008
1367
434
1797
2114
1385
697
1562
300
832
1190
1185
545
3346
128
2149
784
3303
2495
3389
2845
1054
768
2124
167
998
837
436
146
222
724
640
545
892
1347
789
1240
122
255
3340
478
309
981
618
96
1297
434
1218
1912
503
839
223
89
315
1106
69
1913
109
291
2801
131
218
4171
2691
4058
2928
236
364
3276
407
735
1214
108
242
560
1299
2409
610
618
1896
124
720
261
2038
2658
392
388
82
2
703
1252
214
1094
632
1865
493
676
138
673
278
1605
438
1662
1280
1138
382
524
69
870
1858
869
3202
327
3934
553
63
1375
160
1510
1015
56
1198
1028
1377
1368
1070
2677
1435
1186
102
387
888
633
322
1183
1884
9
3076
1754
216
258
268
304
76
170
82
2521
3529
1669
1202
3
1104
1291
1456
600
468
937
3750
343
4274
403
1227
1743
401
2440
325
663
395
136
1087
765
2033
683
1949
150
1250
675
277
1788
851
124
1742
553
1284
1014
500
850
1062
883
1765
1248
132
757
80
313
632
1687
3323
233
954
200
237
504
1199
364
1007
431
2113
1041
157
1815
5488
1045
144
878
226
276
1099
494
1528
3528
2418
1154
1968
279
1828
4588
2425
1452
1101
1657
1995
786
1730
1594
440
6090
1062
39
483
64
2428
430
2088
1807
455
486
1602
4755
588
704
242
1800
1065
120
126
587
384
1042
2
587
925
3753
464
4263
640
629
1364
465
501
1248
152
3589
1309
268
1021
910
481
35
2407
260
131
4773
186
1148
8
46
1545
617
339
2734
38
160
1701
1875
76
100
2096
906
76
562
122
2052
1556
2065
165
1588
359
1376
3198
553
165
461
685
1103
497
936
1363
367
768
896
160
367
1166
2143
1168
267
1281
804
2331
33
986
1711
942
269
980
1294
1189
2588
174
105
2160
4133
1838
662
3235
877
2451
477
453
311
221
399
1152
38
567
2470
1220
836
2475
1722
460
190
793
98
1704
1564
1535
1177
924
383
1056
415
956
449
152
72
2552
401
3248
1479
732
1090
1493
210
1101
2
1545
13
197
282
1783
662
1399
809
1574
1135
1533
836
203
64
422
1252
551
500
370
1365
520
1146
167
2029
2563
229
1112
428
626
854
1278
4464
388
1384
54
498
2
569
182
1103
1263
1149
1350
927
123
1071
810
684
4120
374
18
378
475
291
161
663
393
5904
583
86
1537
551
1667
1287
26
2000
259
209
1923
232
2042
648
706
1123
3304
1261
1051
486
1220
140
459
434
275
1362
582
1750
478
392
63
555
1897
2661
194
2372
1169
3187
1696
1888
2005
1886
2721
1349
538
427
334
275
419
483
2282
773
1417
970
781
282
1796
1582
566
180
293
753
209
4
544
1295
878
43
388
136
19
898
2317
407
2096
955
1204
920
1041
643
567
4965
421
1309
2434
72
2079
1232
425
67
2209
845
1255
494
284
1155
756
2714
449
798
636
473
700
732
436
110
1473
34
171
301
475
404
1274
381
1382
451
224
156
1074
908
66
2624
1478
1486
1298
2053
1648
876
74
236
2
772
1362
841
93
811
239
852
430
361
315
296
988
2268
153
2298
216
500
2616
2796
2151
2273
809
175
179
197
1525
255
750
2488
681
13
870
1865
740
459
433
689
1388
1283
2643
4
562
192
1848
2611
3280
313
459
497
505
1762
61
2273
844
904
418
1730
3323
391
1226
907
488
2511
592
308
56
240
43
936
435
2097
797
376
1543
421
303
1351
1761
1264
1225
712
690
1294
770
457
1724
245
1272
2987
242
1496
47
771
1606
173
3541
254
2145
812
352
419
15
1782
1171
1652
112
105
699
181
581
19
845
1903
259
95
1063
1851
858
364
1542
3176
993
1330
408
792
61
1678
663
125
440
643
1733
742
1383
3919
647
298
53
37
224
1726
5993
80
678
1679
2159
4303
5692
1663
49
250
562
342
697
992
482
596
103
967
201
2607
506
1848
481
82
50
21
369
2228
165
3117
135
599
1407
474
93
2211
1066
1104
829
2667
1812
1842
1438
3655
115
379
240
850
932
1612
1179
693
74
594
91
527
438
538
461
242
1342
1708
1855
478
352
1626
157
42
1143
399
41
1681
881
1465
153
637
428
3178
2577
958
1191
1932
302
736
661
596
776
63
4060
13
330
1529
629
2328
580
1568
574
1063
433
621
936
189
635
620
2574
745
3091
781
1687
998
69
764
1189
64
3243
1006
1046
816
995
322
1709
934
611
83
523
622
1014
3111
1040
37
382
457
1321
110
111
879
2283
781
163
1720
202
133
144
73
1467
1130
423
525
1419
140
1225
545
3985
1692
1195
1409
576
152
44
960
1695
471
900
1025
161
1994
1618
544
1233
1358
256
906
3023
1006
575
69
193
934
1412
582
862
56
157
114
3019
350
130
1432
244
1046
507
1497
507
24
409
2011
175
3510
1285
130
72
956
1842
134
1788
243
866
670
774
2616
2698
1568
32
1209
1703
2425
1646
458
2455
551
133
285
1189
1469
2017
1424
295
1690
765
365
106
418
5494
1642
1210
1040
2401
469
2622
3630
16
71
123
2531
130
1862
148
663
208
1265
2345
192
715
616
503
128
876
1317
736
671
1813
1163
1593
28
2245
344
2100
2879
369
1449
2295
604
380
2330
2931
1994
926
113
1014
552
121
587
908
1522
1975
1426
742
671
307
836
1473
408
121
333
120
2312
422
2197
4504
1488
1729
283
852
1197
2222
2001
635
2237
207
189
113
491
993
839
1516
1318
1906
492
1199
127
834
566
816
1818
1136
572
725
1941
1518
1370
969
660
14
561
1363
1085
93
1230
477
66
679
1041
1293
290
611
408
1160
2919
375
75
295
628
675
529
753
633
1569
726
1487
1436
306
851
575
306
1893
833
383
2508
1384
122
3009
4590
2657
213
1147
232
1930
1756
2519
257
1811
1248
2448
996
435
429
2523
1889
74
696
129
111
430
330
1805
63
1803
1267
888
1353
2286
3400
1035
23
1396
989
713
745
1343
1084
175
3459
537
137
1285
1206
633
352
1804
42
2100
1347
391
662
18
1707
58
480
330
7
336
513
450
477
179
82
195
335
1764
536
304
1069
373
401
706
1018
71
1002
824
4474
255
85
1452
758
1494
701
4239
558
1350
47
182
312
3429
4028
1013
1598
2902
182
1964
267
1140
1050
2670
1395
46
61
166
1602
290
1691
140
1094
2013
3267
1180
122
1779
344
812
461
342
115
552
702
1257
3801
1363
1075
570
1352
195
909
2411
2509
567
479
1115
1169
1160
1476
2389
1351
2119
979
1088
3249
124
1079
3146
71
285
581
1551
3534
1905
8
429
186
547
579
648
508
1454
3699
1076
2379
251
243
168
167
437
1899
256
164
1371
124
138
294
239
451
17
849
949
429
2047
301
348
832
2115
2606
366
1204
272
1258
1472
11
427
3344
1477
406
134
3673
28
2534
1428
152
295
3125
311
1416
1694
63
333
432
109
4361
429
613
300
762
387
2441
561
435
860
952
375
269
3067
865
466
2316
2785
1746
1206
54
485
252
281
1147
547
1301
1290
3239
538
790
686
1651
668
2694
2859
885
349
143
1318
669
123
76
2003
397
1085
462
353
1273
1587
3872
431
1684
1672
415
2839
311
2267
1593
3127
1151
976
443
994
2624
243
7
234
1011
374
807
511
1856
2042
1215
189
2673
243
154
256
2578
242
2215
663
1446
9
556
226
247
347
378
411
1554
1619
786
2907
506
164
1639
393
1006
192
69
1460
944
2303
401
1415
223
3289
469
23
518
207
1454
1026
588
1418
1126
1933
1529
1294
829
308
745
355
775
488
1478
340
1907
2016
454
364
1432
174
1661
556
396
1462
1271
341
548
1290
229
203
308
749
298
765
2678
591
4579
883
1044
314
2005
2349
1503
1749
611
398
1397
367
374
1447
456
152
1020
170
2973
1262
185
2448
5
410
246
1567
448
1535
1755
581
298
129
1882
534
117
275
891
334
577
628
112
2880
2364
178
2313
1033
137
2039
1185
1591
7
865
338
3938
7
1879
1317
261
717
1181
482
1456
681
471
579
1560
917
71
1994
662
1400
556
1093
2104
432
2012
116
141
1126
231
85
90
1064
1060
133
170
2852
194
391
1148
925
281
1885
410
1678
1110
90
1297
481
1562
808
216
87
490
365
1071
1446
1965
1689
338
5058
405
1491
594
1015
2721
432
3146
598
2233
15
942
177
910
855
1079
4
244
231
1206
991
924
2320
2793
796
501
565
686
113
2139
2805
94
1373
10
1003
708
147
291
512
179
95
343
134
210
274
249
1119
2599
108
1322
5514
4
37
3716
317
889
863
340
1409
1076
1166
3200
762
1957
490
717
1447
1126
925
1918
543
407
1481
690
924
195
585
3224
745
1681
2512
1098
4129
664
1126
183
2339
221
81
472
1009
672
709
474
3632
244
630
593
103
2010
42
363
7
37
541
956
815
1233
255
657
829
1356
1117
590
104
593
2550
14
1047
1693
21
158
1310
2407
2499
308
905
2
103
14
2800
1354
3409
1039
1827
554
460
472
867
302
204
1153
282
274
1773
1898
883
239
791
1478
133
398
2742
1786
502
418
1404
17
1013
3728
116
442
309
261
1431
2204
2361
90
871
287
400
169
1844
1176
4539
3677
1146
782
1195
713
2124
25
274
194
804
3
242
185
2722
1698
593
1559
1902
1200
302
2496
18
2179
1150
1538
4255
50
633
781
2433
619
1739
1781
665
734
2835
1344
777
731
226
367
79
401
3511
368
915
185
277
2314
608
448
561
649
713
1129
1278
1026
483
355
517
645
37
1640
7
815
904
1045
1631
316
17
1495
1640
2425
779
63
883
3092
733
878
1426
146
952
498
1538
205
217
1825
679
1052
2173
1231
1177
537
640
1688
568
270
727
1046
4304
778
1969
1064
607
86
2838
1284
498
1056
773
2201
226
323
1155
2045
2815
402
2502
498
4187
3466
836
173
180
2064
987
1192
1876
386
557
1240
3275
143
1266
869
25
642
810
681
274
1760
535
361
414
1698
37
1318
1559
2784
6
1077
1454
380
95
721
1031
824
1527
541
602
2811
1155
772
7
635
1141
1525
1279
1149
606
1407
1305
133
470
191
335
759
943
583
1008
1733
160
178
1097
300
888
108
248
3087
823
3483
4066
192
491
563
712
311
1501
1495
2033
4327
125
572
1616
256
429
2055
120
2
2281
23
296
438
125
3836
784
467
5350
516
1141
10
1647
986
613
2309
133
365
29
571
3050
729
295
567
1093
187
645
630
3739
198
2562
760
495
1320
3964
272
1193
302
1643
620
1245
747
433
853
500
441
56
4063
48
581
158
2715
611
202
87
938
733
1499
219
1204
1004
708
364
423
866
664
1157
769
833
438
296
146
431
1902
243
4037
63
2771
735
1761
2000
265
2899
628
462
46
512
1216
993
1354
531
141
769
339
944
325
734
693
1219
295
730
156
875
776
543
371
968
427
233
43
26
1209
474
568
1667
68
1333
515
305
837
2539
2704
558
132
281
427
718
2045
1876
1151
538
458
195
571
756
2179
3268
676
293
1567
122
1395
128
622
1080
87
1550
1082
1276
969
1511
234
1655
1206
411
536
323
310
2
2171
447
150
704
558
706
1365
385
3434
164
128
553
570
71
2525
243
88
842
161
420
225
189
1115
276
953
405
294
521
487
29
78
838
370
129
236
1022
304
1424
1278
2426
28
1093
324
1810
748
1787
311
313
1396
275
321
168
9
89
1886
701
929
278
4249
175
610
102
111
781
4015
1144
414
2642
1489
994
211
466
691
867
363
213
459
2206
1043
991
1511
1301
158
824
207
186
3444
395
459
111
934
1157
3135
634
146
418
2885
1223
2122
1038
696
337
276
412
1605
546
3902
665
5
1248
694
1861
1482
2287
554
1096
793
1922
1381
1791
2783
631
141
1377
822
654
273
4080
877
133
427
210
302
564
297
3118
1043
1534
258
2
322
871
972
295
2393
590
734
826
840
1735
817
2515
1691
3754
1314
2430
189
170
2553
537
163
387
939
2743
2978
1409
260
318
533
216
52
749
1124
37
16
1338
12
340
2380
1322
974
429
11
1312
1948
498
42
6028
6262
528
1195
1286
372
333
1043
430
39
399
1427
802
1274
611
954
859
510
895
2074
109
4066
2225
323
255
741
394
975
296
382
1854
2876
55
1738
2153
90
1189
272
1347
382
1248
1368
287
1742
1671
1574
1577
31
487
125
232
270
3102
1258
753
722
775
482
59
488
1070
76
664
1229
485
476
826
456
1870
739
741
283
899
187
1480
770
3422
275
1370
1452
2
829
4176
1665
1368
1246
308
1519
1313
1144
803
1503
285
568
2334
283
1577
3699
36
2459
1465
3494
929
962
647
598
517
1281
30
2166
724
3222
170
333
3521
640
649
1482
198
163
272
2940
672
677
177
1371
115
894
3096
2541
192
1635
554
445
63
1125
2282
740
2044
357
546
786
449
2050
142
1019
2116
948
364
678
1389
2248
118
3710
1351
4657
378
287
1823
2367
2085
1075
3268
2136
11
1608
1998
3335
143
1107
77
927
973
152
172
752
311
2023
1191
214
114
19
2070
2362
1435
596
851
246
684
499
1077
601
918
710
372
3080
696
2694
3035
665
3147
2
573
1269
1205
2617
324
2165
6907
296
151
3826
131
1414
2777
1444
21
94
555
763
1890
283
535
1445
4621
19
44
248
179
80
1592
780
1471
2732
6
1170
1401
789
486
1661
1645
1977
1006
107
1205
1158
236
3028
2403
83
798
2089
164
632
167
140
83
356
455
4015
236
324
397
1300
2708
237
713
2303
582
504
1864
1432
230
2679
507
1035
323
359
716
349
1542
2062
1530
175
795
4411
2942
236
110
2022
85
3662
1980
22
1764
811
3482
478
1150
465
396
556
452
2426
816
321
1409
271
331
343
2606
1538
5798
321
1210
2303
781
879
650
1452
5098
1902
285
31
1568
1700
23
401
246
204
36
2085
91
1721
4227
789
41
1502
362
990
382
354
786
2
1086
529
1153
112
161
72
228
733
2661
852
752
116
2625
2921
642
1873
1161
172
755
3322
366
1436
672
494
35
842
397
1407
3807
496
1698
1692
70
549
133
266
2418
3274
1454
787
216
1521
1852
302
1055
443
291
121
264
60
424
132
1213
1807
250
377
2244
695
1573
773
298
77
1227
826
946
2188
1238
1843
799
904
503
784
155
1350
2594
463
223
274
171
2481
933
324
2753
722
100
105
2389
508
1362
1638
220
1832
2373
1224
2092
67
3453
899
1670
543
52
443
2726
430
4091
1303
66
2242
4389
115
531
5708
2250
2
2351
206
338
674
520
507
55
308
6
459
4347
1469
2122
1175
124
4103
376
768
131
1101
1742
114
352
1596
1003
1036
1716
764
372
1119
4182
634
245
816
1613
750
567
94
246
2869
1398
680
428
2855
1373
1263
81
1882
738
458
963
1307
1377
157
239
2271
133
37
82
3376
2336
388
1425
3473
1848
1572
1743
367
943
3325
352
637
2056
365
1310
297
584
3932
927
460
1037
2440
464
2301
1137
931
1953
1098
886
1389
3762
2090
1192
370
2404
428
1672
1973
5567
192
122
57
724
275
2497
771
1997
431
206
145
656
420
164
36
435
1851
104
1142
184
2162
171
1745
1101
1112
511
1699
1907
520
284
168
252
1288
387
449
505
524
1947
821
53
378
113
434
1478
775
959
211
848
793
680
308
426
580
2011
1419
366
159
268
1333
47
1934
199
119
1790
4455
116
225
63
244
1385
79
232
1842
177
3278
1233
524
2035
2859
18
1213
2964
299
1555
197
459
349
3072
827
129
933
167
1707
1593
2703
803
69
90
3802
490
844
2395
802
1084
1723
2551
182
1175
303
2813
304
245
2317
5
994
203
1107
1133
1109
603
177
1573
584
1716
2758
2229
487
2241
374
1947
267
400
2125
685
1906
818
468
1047
288
262
634
3261
1964
1902
1113
369
2894
1704
379
1930
2641
8
332
2309
634
1527
277
2323
1631
540
715
757
2950
702
865
2119
3062
2004
1313
239
1256
959
960
338
1034
548
570
267
538
51
597
623
726
2851
3485
1848
2133
2307
2357
2769
