real_Parameters :  bessj0 	 failrate:  1	 Fm:  447.0116	 且最后的Fart/Frt:  0.6137469268		   Time :  18.6698

160
192
227
39
305
411
65
447
526
338
532
244
290
178
110
603
644
421
491
614
385
129
501
149
179
530
93
643
64
557
423
525
912
527
294
322
601
1236
119
183
462
1068
801
469
93
452
104
791
59
914
99
249
331
70
321
89
295
475
676
1191
1397
685
50
174
461
88
943
313
149
599
539
3
503
347
666
368
62
107
533
152
390
182
882
844
513
466
859
420
176
425
56
388
201
451
407
297
72
266
959
891
25
728
470
533
49
567
586
169
1544
230
838
970
80
412
67
1257
448
847
43
247
671
950
251
247
1600
74
3
610
652
80
177
1218
286
480
378
273
482
744
416
133
553
372
217
341
341
616
189
33
413
48
388
1073
350
409
161
1035
458
406
165
21
447
255
498
778
266
622
741
545
744
274
51
384
22
1192
232
3
417
319
1263
493
609
138
1102
366
1095
320
305
877
87
566
452
529
779
781
1081
634
728
457
107
1078
429
64
627
776
497
526
3
43
36
1125
646
335
109
326
622
177
676
326
484
199
193
733
478
435
904
295
532
15
383
92
581
508
494
375
682
391
616
282
83
265
520
380
244
639
406
207
1
402
141
192
762
244
226
380
289
448
127
471
708
1103
59
280
213
847
249
446
491
748
345
414
335
902
40
399
82
251
403
425
232
352
265
14
565
1011
47
498
755
82
836
556
111
271
269
228
204
64
740
1567
77
482
346
485
265
691
242
736
294
346
252
270
1001
46
529
907
202
119
629
553
864
482
1177
508
318
746
641
606
591
332
458
82
334
730
53
154
223
1487
287
188
555
463
112
232
1511
267
52
571
597
597
467
664
1362
364
258
479
393
283
117
66
302
144
103
85
125
592
164
986
1110
1066
704
640
440
445
198
260
72
333
30
1309
780
70
92
160
331
276
373
406
378
74
574
729
688
83
770
62
286
1020
324
253
894
552
663
1124
631
1187
477
604
674
473
560
734
500
755
214
140
570
542
73
333
414
130
308
286
44
88
433
786
128
414
98
1125
186
35
119
424
408
53
700
303
54
199
394
498
62
14
768
626
20
345
334
638
99
303
478
1488
168
265
962
414
518
722
582
695
1005
532
637
257
683
663
25
986
517
544
818
1336
525
546
667
137
199
373
29
460
1048
344
213
415
300
73
183
743
728
330
364
827
333
472
277
254
736
181
326
400
118
433
330
835
623
119
56
734
148
163
347
455
264
1561
77
564
950
49
252
7
158
321
407
404
31
473
38
694
41
212
161
635
135
533
265
163
663
141
1465
159
150
772
723
269
123
232
24
99
326
402
406
274
823
571
320
73
174
574
336
170
594
478
463
331
37
220
172
656
1994
586
1830
640
272
178
717
387
595
760
884
269
38
563
160
44
151
1177
232
282
270
222
803
321
393
759
771
41
217
190
114
201
681
44
103
555
1082
132
62
415
18
859
959
172
40
5
554
181
440
81
152
1088
67
665
86
577
306
582
78
795
378
442
48
34
400
540
286
155
17
423
470
43
1098
737
292
293
153
1633
388
506
673
535
1372
540
1280
360
234
515
391
294
56
259
216
440
1287
743
463
118
142
383
491
468
158
458
333
352
620
360
345
353
110
674
123
580
328
474
631
285
277
853
688
638
322
522
1045
578
735
1066
595
644
727
77
215
689
71
862
437
478
325
92
199
871
1513
1247
701
167
347
294
640
30
151
328
392
219
410
476
363
552
500
101
274
874
67
1094
494
665
3
938
762
236
198
643
633
90
335
38
73
179
143
331
622
10
495
489
75
13
352
282
216
951
671
378
471
595
103
9
396
999
712
27
1444
445
85
641
474
273
314
683
1092
324
835
85
743
19
358
210
304
420
415
898
571
156
114
714
768
310
368
485
75
446
1037
641
536
234
974
234
91
49
367
447
378
1189
422
61
145
58
193
17
841
692
1007
675
39
466
70
542
108
81
397
202
1213
1034
1
621
562
873
171
639
334
155
630
687
527
629
502
183
1026
436
116
554
361
744
111
463
311
87
862
42
178
227
411
1013
972
877
166
122
77
62
623
890
782
285
22
361
27
674
490
846
933
182
730
83
577
327
529
818
877
460
359
301
883
52
942
538
537
76
1226
225
1088
69
1175
536
788
544
36
134
141
121
635
678
782
185
1436
337
1179
124
255
652
376
50
329
64
724
312
226
2040
955
283
547
834
454
416
568
296
403
367
518
403
729
265
831
321
72
200
108
47
968
1471
113
18
819
327
152
474
185
536
125
144
644
726
766
1156
248
253
665
939
578
1112
69
1353
522
443
451
281
721
178
633
938
252
653
913
333
542
132
716
245
531
179
866
272
259
544
800
70
240
507
136
436
739
372
450
1048
34
445
243
346
80
504
25
782
209
895
446
73
136
144
1
620
214
195
626
763
279
634
253
1258
8
143
205
402
324
104
1037
444
1234
611
580
493
644
186
331
392
616
249
369
110
319
46
787
276
867
1
207
1077
994
1178
326
71
490
432
434
66
449
23
113
1437
492
274
78
120
278
1297
664
442
121
520
275
1356
108
180
1573
1138
652
176
3
566
401
410
51
883
553
562
1241
862
513
845
734
1067
1257
478
447
312
441
553
421
689
295
427
426
284
419
960
212
495
129
640
539
249
505
25
286
496
213
46
242
744
166
48
586
26
736
468
373
436
981
230
179
378
441
102
88
452
342
448
378
111
44
289
315
704
576
14
1155
158
481
67
762
48
504
90
224
75
149
307
630
561
454
345
85
192
228
515
605
508
1586
448
560
498
1090
105
148
494
31
35
548
239
102
595
137
414
362
322
208
242
13
69
364
573
44
634
78
180
169
329
75
1130
1126
66
522
809
396
496
287
585
646
94
485
37
47
621
172
709
473
3
924
32
836
522
400
566
343
416
427
396
1139
284
296
67
384
271
938
96
326
343
778
1201
605
15
633
573
581
718
811
80
605
871
398
9
213
650
731
685
465
39
292
261
42
470
1643
154
476
661
133
160
685
551
634
142
229
193
399
506
596
463
184
709
461
58
8
263
643
278
369
248
221
219
167
429
192
242
31
401
12
567
492
149
570
306
189
315
826
28
1249
201
121
132
289
214
173
187
787
500
611
180
240
824
165
222
149
316
473
1033
1013
409
129
171
351
20
305
139
269
576
489
223
305
1022
1170
437
558
278
1199
395
380
368
142
249
262
292
532
515
766
770
23
343
432
2019
1194
281
1132
245
976
250
650
302
1095
272
427
558
1
628
541
251
370
888
212
360
412
121
699
109
479
185
268
117
698
732
280
679
349
424
402
480
170
263
935
187
945
283
654
400
207
59
3
277
438
47
172
99
693
157
445
453
351
161
609
500
342
720
115
1037
321
362
360
1843
192
1060
243
514
284
844
82
246
707
576
401
249
957
380
84
602
184
758
624
781
305
397
770
527
1040
180
296
252
482
473
140
121
378
257
412
1091
379
1233
184
138
691
725
449
350
1088
263
330
630
790
243
392
372
65
191
48
110
569
494
217
660
338
643
356
1069
1419
34
571
289
116
390
157
1523
424
274
178
392
546
69
778
120
110
567
360
189
620
70
467
234
1173
17
9
256
331
692
24
210
183
9
786
746
610
136
501
128
35
273
735
493
548
412
1564
325
270
687
1453
622
76
676
412
690
1298
689
80
56
669
176
303
405
417
537
528
1243
190
792
299
456
292
749
758
899
811
645
562
554
79
377
721
655
517
1062
186
314
418
453
109
123
657
990
295
72
156
986
798
395
810
831
34
18
157
846
3
370
445
653
143
317
497
762
1424
786
320
497
219
257
579
624
592
297
38
746
507
1067
162
97
958
561
129
222
94
927
216
574
406
1143
19
318
800
1038
516
57
585
765
223
599
137
623
117
922
195
389
574
372
50
143
70
330
575
614
696
348
688
164
588
563
407
158
373
357
797
140
77
749
417
254
101
478
233
632
404
377
1602
127
459
439
1050
859
319
85
349
434
595
416
137
358
505
294
355
542
34
354
652
56
478
101
345
474
759
901
418
299
14
82
156
86
1722
97
918
242
930
469
415
414
72
278
102
1388
20
335
397
1170
276
344
384
477
693
468
461
811
813
660
260
341
243
526
164
271
181
317
96
252
666
678
216
265
494
501
523
96
605
523
218
425
166
344
391
632
153
301
33
344
886
382
633
359
1335
506
333
443
203
420
478
622
137
67
333
4
100
291
62
1433
340
486
329
22
165
542
148
158
354
445
158
632
293
408
1304
257
522
545
351
1263
902
365
1284
309
318
596
570
267
418
217
535
343
607
470
665
1200
531
88
336
223
722
304
835
169
278
569
266
132
284
1107
213
339
741
804
496
645
455
960
1021
221
386
523
253
580
440
571
135
602
1776
856
57
326
435
334
325
398
871
167
321
405
1461
412
257
103
241
691
378
355
455
624
305
594
641
639
224
137
451
357
332
571
6
564
773
645
217
671
247
519
335
445
373
46
515
385
411
200
714
829
1169
82
589
111
559
1003
578
859
856
10
348
340
59
34
180
405
326
49
432
213
65
194
112
407
528
625
450
392
430
508
104
1315
467
267
256
5
705
652
419
617
711
26
329
408
97
1366
104
607
17
30
890
66
440
114
374
431
395
343
513
263
478
53
159
400
420
168
381
46
523
695
242
1222
369
368
758
298
446
509
34
201
233
641
135
21
46
553
7
1302
197
737
326
63
504
938
398
153
643
781
734
10
20
988
60
140
316
458
687
135
922
135
296
622
67
982
836
218
29
34
179
56
636
689
187
874
860
650
214
634
196
11
704
757
490
60
941
15
488
637
443
593
412
484
236
306
87
363
202
843
52
73
604
175
32
350
290
205
408
95
190
497
139
337
347
563
240
15
587
394
632
1146
156
313
1153
596
349
77
514
407
28
174
238
452
356
401
191
217
279
264
771
224
450
320
747
665
159
102
289
394
506
487
70
70
177
129
138
270
442
26
289
546
709
226
302
617
492
285
293
333
1016
533
592
348
845
1346
62
670
147
478
126
3
32
87
364
540
187
101
318
219
967
688
249
860
93
663
430
106
636
1549
659
443
450
69
1378
37
330
617
368
572
383
82
779
777
534
769
71
229
589
564
1116
1186
1402
113
234
256
909
654
794
36
270
531
219
555
717
83
339
20
927
51
172
471
1098
277
249
172
275
438
325
435
374
573
727
456
567
376
434
187
391
565
75
297
852
278
281
54
887
466
42
813
657
328
898
828
1376
397
247
491
448
1228
741
492
541
447
56
276
115
789
1003
437
202
198
286
75
95
829
17
823
63
681
102
521
234
633
62
579
571
328
778
414
1029
742
540
1470
306
690
23
888
775
555
547
456
631
814
188
582
800
186
189
11
307
279
9
508
753
241
233
1067
410
562
594
631
100
451
980
570
116
527
593
288
51
65
494
86
445
819
45
259
689
83
465
680
403
56
486
198
221
364
678
154
1041
463
149
883
1485
29
892
792
491
173
1011
900
152
99
345
465
503
930
983
638
1397
703
608
425
738
1057
123
231
1010
19
584
632
584
907
121
194
348
461
578
126
1016
674
174
67
543
141
810
205
258
401
292
1020
1115
341
1645
696
503
488
67
409
114
110
386
508
340
113
829
575
213
235
112
95
112
191
992
301
227
428
127
361
177
617
211
21
324
360
186
827
982
37
243
295
915
214
430
109
25
541
439
258
239
410
399
135
490
470
1658
686
281
455
1113
455
319
917
116
1079
886
283
199
233
103
295
514
851
416
703
754
207
514
1123
239
736
521
884
244
478
588
142
455
147
343
131
273
495
604
240
651
812
460
364
707
997
388
344
21
545
386
102
566
410
280
326
722
867
843
327
121
180
808
546
713
121
303
515
107
88
41
178
340
1409
506
148
384
283
422
463
295
947
569
804
650
628
601
473
237
467
320
234
374
694
535
1342
391
421
982
779
644
597
260
810
132
430
85
105
858
646
294
62
252
412
174
201
297
353
561
724
1144
229
71
404
41
10
909
574
250
771
125
459
436
1795
39
30
438
182
651
495
154
1134
406
72
601
59
410
1354
877
446
668
48
675
125
414
51
346
621
400
381
181
540
1199
516
930
333
137
838
1279
432
460
446
554
333
961
251
468
80
1169
478
716
156
509
504
507
635
250
249
589
922
701
319
276
474
954
400
165
185
1283
814
141
874
330
221
797
839
454
527
416
179
769
206
284
15
365
400
3053
359
232
258
592
662
328
434
89
1022
469
65
156
17
632
403
959
498
192
906
35
894
1036
1149
922
478
23
491
226
357
364
135
178
230
191
183
475
414
736
805
508
108
241
575
206
15
22
424
1048
214
1234
1078
88
274
555
542
370
959
725
76
247
422
614
1320
764
482
87
711
704
273
1052
265
243
169
401
565
179
109
186
618
510
466
81
98
400
555
1160
392
23
549
261
423
665
463
1029
243
143
127
432
402
525
287
1070
343
480
1353
130
95
666
40
31
650
305
15
592
271
267
55
289
724
98
377
520
262
830
342
182
596
7
339
591
196
230
343
523
601
354
173
541
177
481
242
190
749
814
270
721
360
210
683
309
414
159
17
366
189
89
636
269
268
194
461
591
317
196
102
227
382
275
643
187
517
200
1443
281
1093
313
212
643
496
370
464
19
236
1090
1
645
38
599
761
1002
688
262
477
31
297
688
30
1153
146
85
198
399
194
585
699
387
1153
369
284
344
80
478
391
400
550
246
177
571
622
525
299
111
623
474
149
285
832
67
192
383
490
266
435
115
703
685
48
867
757
268
521
219
228
63
529
472
21
658
65
405
489
448
651
645
574
177
80
403
166
496
324
509
538
777
91
915
65
122
403
715
952
429
673
468
893
123
365
115
1195
894
225
481
350
247
893
213
1310
391
749
350
42
640
377
331
812
64
151
1346
724
736
591
292
57
869
946
875
608
642
49
430
39
624
117
256
861
215
1363
711
720
101
585
405
491
118
183
1289
661
470
199
409
139
555
400
527
315
439
1204
824
348
137
129
520
581
597
195
533
922
51
277
343
1090
567
207
877
1031
458
710
84
545
534
324
108
353
155
168
469
514
216
243
333
45
510
548
1447
250
76
246
493
104
375
123
631
1135
528
66
1517
464
949
181
90
56
540
410
796
689
385
922
983
373
101
1345
470
652
324
635
379
43
697
81
338
418
137
419
609
438
324
362
570
574
361
274
280
213
657
982
419
1050
908
1
52
388
1289
625
111
191
674
858
147
1234
209
157
367
215
569
396
390
949
421
522
227
567
515
302
260
908
284
397
468
1030
1197
225
813
10
463
78
91
740
593
7
107
707
658
327
15
799
256
478
933
653
517
266
508
669
640
252
47
130
714
1072
206
459
164
97
219
114
58
623
401
445
11
482
36
309
576
113
719
434
730
308
284
310
393
287
318
411
85
78
1079
37
733
4
471
495
20
419
507
430
639
245
647
256
870
801
231
109
123
123
48
14
440
426
511
298
241
406
532
687
867
220
1235
437
285
320
452
385
957
74
64
374
114
315
756
377
551
666
34
1722
872
540
318
70
284
306
711
308
302
1489
1247
717
463
532
459
375
352
148
209
594
197
858
329
753
674
187
302
457
303
307
1412
674
94
764
602
852
66
464
473
371
180
239
3
698
181
621
188
160
653
375
1015
435
96
283
432
7
659
568
737
56
831
411
73
792
406
272
515
528
162
679
498
551
1330
788
692
366
988
628
253
25
642
452
414
392
768
318
35
645
951
164
215
158
438
27
102
372
170
167
420
331
264
481
369
320
563
317
39
279
270
394
590
36
121
401
735
511
445
956
336
35
513
122
404
177
1329
297
663
919
232
932
762
580
59
189
1074
393
613
226
199
150
55
189
837
529
153
1308
508
472
103
537
444
572
149
204
987
463
316
187
524
705
516
717
979
968
158
709
601
508
395
738
812
53
621
691
27
427
89
385
925
510
640
543
488
799
388
248
448
211
283
388
192
82
583
254
8
407
425
895
243
190
86
413
81
73
792
248
133
654
345
881
245
81
424
255
211
343
1036
390
624
248
298
121
852
417
958
959
523
392
366
628
429
936
534
164
539
322
1086
601
413
295
85
645
507
249
583
876
163
397
8
248
173
463
652
1262
380
387
149
798
535
160
223
153
1008
215
393
113
468
342
1109
785
280
535
42
161
888
40
321
523
143
548
279
195
717
896
462
48
592
257
238
38
846
117
1308
60
121
682
175
329
210
240
505
553
351
612
202
79
148
498
868
659
63
500
802
61
887
270
465
168
14
669
732
306
491
516
188
3
436
88
109
790
1975
1185
133
469
450
240
1191
316
1769
669
307
350
160
316
929
487
65
9
76
253
472
762
331
319
63
734
32
156
73
51
280
181
96
134
433
717
624
220
717
450
61
350
499
469
637
516
415
172
169
438
468
450
600
194
417
26
903
75
78
245
52
270
456
595
513
866
865
176
406
1048
1455
375
385
16
460
255
279
199
508
334
128
458
577
19
68
690
178
360
445
284
109
411
439
400
415
955
1220
855
549
7
492
880
109
1116
359
140
826
277
235
738
800
488
442
919
310
41
797
348
1254
604
78
6
409
547
566
1148
566
1226
196
416
237
950
651
597
539
248
1116
100
92
411
257
205
706
915
329
181
410
333
78
135
237
486
296
7
655
373
64
274
953
622
575
477
815
194
525
235
561
393
527
256
372
90
161
402
3
207
363
706
134
944
719
64
592
625
178
443
293
206
17
225
15
606
169
121
983
467
197
358
422
523
298
788
519
251
485
918
358
99
574
37
817
287
32
323
95
589
63
1096
583
819
527
206
576
311
911
525
475
92
39
834
353
869
588
886
612
33
150
1411
1405
158
539
40
96
1130
249
1288
615
73
422
630
213
177
438
19
1008
60
132
913
449
1219
45
543
515
426
841
196
405
54
498
394
417
98
116
441
802
866
96
308
93
756
711
358
624
490
748
35
82
453
317
546
537
540
229
60
228
322
695
107
390
493
136
263
400
14
789
88
757
208
348
656
416
408
731
427
447
36
344
243
87
1380
175
742
492
555
871
112
230
473
265
1173
631
531
982
445
369
147
1260
696
952
141
211
647
224
141
15
320
229
208
412
46
454
822
498
739
940
176
133
1218
718
11
332
203
40
658
233
593
169
147
379
202
82
300
1214
675
988
58
476
422
218
353
778
1395
6
351
264
1803
579
252
393
113
505
888
1661
955
59
206
201
483
587
96
510
303
606
420
612
406
23
454
687
252
355
123
110
661
154
260
912
297
453
1412
136
260
174
43
1257
127
67
279
403
521
837
550
312
625
648
1271
514
436
33
81
389
83
97
1206
292
295
289
237
160
434
881
1446
831
155
114
80
497
148
315
616
550
848
831
805
315
631
606
902
173
106
90
717
393
241
370
449
869
296
179
588
221
71
292
630
602
1137
129
521
683
461
884
756
808
283
251
323
835
690
86
404
94
137
880
31
734
125
164
87
570
314
348
85
658
553
350
48
254
308
29
455
359
152
182
487
363
439
55
330
601
115
258
974
329
339
549
575
105
158
283
1086
46
700
467
579
1016
41
1152
455
31
241
771
794
905
1
73
368
632
889
398
159
110
500
1100
270
537
240
257
1040
549
557
85
489
450
328
574
245
985
9
376
700
288
93
1118
168
59
1079
212
321
236
769
47
341
486
128
31
392
219
446
392
331
446
51
269
390
268
518
550
778
67
485
719
21
249
784
604
808
438
557
443
76
21
509
159
793
633
312
536
217
992
600
218
246
107
156
1129
194
114
399
468
1
504
145
397
139
34
28
570
336
432
168
488
423
94
946
155
122
331
140
506
367
185
116
253
294
475
137
443
339
341
1040
300
778
400
129
677
61
220
180
535
1610
279
163
785
454
749
1348
334
1006
641
340
1485
347
731
477
84
381
271
674
924
761
352
697
339
714
1501
270
383
729
227
330
474
427
487
735
775
223
558
405
266
158
1041
415
323
553
467
290
184
113
319
806
275
207
591
150
230
427
443
190
612
761
857
12
128
45
575
27
512
525
217
602
387
199
609
851
1131
1172
289
282
454
521
501
297
414
123
956
659
128
256
98
142
645
581
343
520
533
479
827
1
113
359
781
253
189
895
547
197
700
733
320
809
196
95
111
60
437
489
394
143
222
150
400
398
784
594
72
837
1096
226
293
75
1816
575
565
245
275
665
257
459
1449
722
937
678
19
483
89
533
922
92
400
158
403
860
16
156
662
96
744
705
509
357
289
659
764
414
447
910
11
242
182
200
124
1121
445
146
356
342
317
697
191
35
792
157
690
638
840
287
35
181
1308
741
593
339
525
690
418
98
529
1093
441
1498
53
89
400
193
328
405
109
1058
284
495
156
705
209
502
545
286
263
331
198
891
1015
183
868
8
994
527
610
1073
57
265
134
533
874
193
453
436
91
631
25
556
210
440
816
158
434
550
467
473
453
654
317
19
424
177
882
788
45
479
153
673
281
391
70
113
182
377
385
717
644
567
334
269
787
451
475
731
177
73
389
244
40
40
217
340
290
167
543
21
868
44
158
299
117
493
399
301
24
561
929
240
692
499
267
718
549
32
462
359
314
1430
310
134
448
413
112
10
251
502
201
18
230
92
328
903
17
953
538
461
168
377
410
88
427
139
302
75
57
629
448
884
775
662
815
626
734
42
701
206
110
55
216
389
736
272
60
204
163
135
280
152
15
350
431
498
251
976
55
418
594
476
205
510
489
17
311
424
923
144
96
71
388
207
120
384
414
821
113
172
494
797
524
41
251
565
150
859
646
14
588
723
1086
127
605
894
18
239
770
287
506
178
117
937
411
651
1313
506
455
161
381
463
3
271
349
845
138
393
485
791
757
345
959
538
285
506
208
812
27
260
1101
90
121
93
348
194
520
153
58
210
5
1294
372
550
365
128
273
60
703
790
712
140
13
330
494
771
73
108
177
522
801
447
89
91
260
230
612
488
337
59
492
67
707
77
1047
357
651
476
849
331
328
15
379
217
615
334
289
251
137
253
689
781
1067
598
1453
716
205
789
986
385
406
255
300
982
255
222
326
444
26
185
42
157
674
530
758
153
546
148
179
87
71
22
865
35
735
741
205
1168
855
308
1226
400
77
248
607
320
166
138
238
176
642
231
267
800
392
3
879
565
499
703
480
567
545
153
737
171
750
294
940
57
136
542
639
170
304
757
353
53
737
3
33
475
729
677
1062
336
956
671
265
778
1066
805
71
173
871
760
403
190
387
801
1253
249
813
366
663
455
581
541
186
228
633
284
845
132
500
185
285
266
12
1397
787
753
415
252
253
490
164
506
616
249
1396
104
322
453
458
81
401
136
387
352
42
340
1587
290
1089
853
198
90
1433
421
676
194
646
347
717
871
568
269
69
51
344
753
777
251
500
42
521
1575
251
815
565
971
263
10
1155
636
699
251
537
505
260
301
558
300
564
230
942
69
360
668
630
456
1063
21
613
565
535
520
465
44
339
311
466
109
815
156
844
505
332
254
134
673
658
446
772
83
210
409
767
140
208
284
665
264
417
272
677
1403
424
411
241
676
363
223
681
258
819
542
10
72
193
289
87
1145
487
420
514
250
544
709
597
219
309
6
29
428
328
627
652
403
206
60
266
1051
297
365
1082
532
752
657
763
1312
