real_Parameters :  cel 	 failrate:  1	 Fm:  1593.5722	 且最后的Fart/Frt:  0.5290659704		   Time :  372.925

300
289
447
555
846
693
387
1006
609
712
1422
810
1632
264
1442
1026
170
214
376
67
973
1425
265
1181
1228
178
1734
172
2271
1255
125
1855
813
1541
1830
292
133
1719
1329
1166
2237
91
2037
1114
2618
2742
215
250
1050
1501
261
750
1358
288
1886
1244
2023
4469
3335
1008
979
629
138
4060
3275
332
2401
3190
976
1258
395
1250
172
1460
115
67
1815
224
194
1129
767
1421
2025
1154
874
1654
535
1091
101
1164
3354
505
157
1632
1264
187
1941
2260
2045
2762
2401
2277
3754
798
1003
1670
149
1911
26
559
3
1356
1091
761
870
1160
141
3918
1728
69
328
1107
1403
2430
304
1155
139
371
339
4806
1047
3327
1268
7441
120
3335
959
4110
330
7254
175
645
3267
886
1126
65
430
17
899
2040
1533
2550
1116
92
1353
1128
2782
2479
455
822
703
574
235
760
1111
297
2467
3033
7
3891
1062
2195
1095
1136
638
478
1248
1282
1138
3610
1646
2532
222
836
2199
294
4537
298
2699
684
1045
2074
1258
602
142
2237
3090
219
748
598
2636
9417
561
7469
751
1494
1753
1514
51
2706
81
402
2185
736
4976
1417
4881
972
2781
931
2656
1928
732
3311
3725
279
5072
204
203
1300
888
1625
7672
1996
304
115
1216
773
1437
2410
3901
1349
2347
494
5116
1357
3165
172
2935
541
578
4008
6298
3647
3148
3486
1815
551
1
391
2536
6310
2265
1746
1923
1429
679
895
911
6503
234
516
324
207
1248
3917
478
3855
13
52
592
2536
2118
4807
737
3109
118
645
1430
2124
1942
2588
2831
145
678
1323
390
101
3972
1615
383
239
4037
2565
191
1296
175
42
2396
1306
79
883
2395
1128
1329
109
909
2255
2314
2426
855
594
3338
147
1650
135
3016
735
140
367
2443
818
3357
1824
741
229
532
318
2467
5657
970
1928
228
2203
3067
635
483
775
33
1489
2960
233
998
67
1917
236
880
1191
149
1331
953
566
1723
2140
401
281
567
1675
1778
1453
1145
1197
794
1391
1924
91
2285
3662
2602
332
259
3416
479
1539
1127
108
2852
2663
283
237
342
3467
3533
2771
1448
2932
2521
526
1745
336
1431
1567
142
3528
1216
283
1463
1322
216
388
341
396
1727
4392
405
873
700
566
368
1731
363
3539
6968
1625
261
1508
103
2463
2048
944
1372
1805
91
2747
599
3274
419
607
2305
664
196
3111
417
1037
783
1339
141
577
144
1218
1193
2378
2278
349
385
827
1068
1527
2234
525
101
455
383
5583
952
425
466
2806
3181
188
911
57
2044
1087
354
413
2111
815
3708
797
3048
1426
920
1546
1561
658
775
1062
475
996
874
799
2112
1359
263
1669
866
542
1850
1317
703
1196
1179
426
299
865
1078
1581
923
1601
857
762
938
152
850
582
5659
1513
4115
518
1029
1036
1479
372
807
4094
1313
326
1246
3338
150
1193
86
1169
1083
1804
1512
2656
4122
114
1114
2030
1782
3
75
975
3508
1321
289
1145
3137
2607
1747
1497
151
1262
703
84
118
4088
922
987
2528
2211
3337
1242
1936
1206
537
19
165
8186
4069
946
2408
1061
121
1739
518
2218
1286
1670
1399
3587
1777
3194
397
350
2012
597
599
291
2722
1575
1971
1514
69
222
3330
671
951
596
2293
938
2476
3229
2514
4068
2283
84
1760
3654
504
523
3300
161
1244
2668
1523
757
1998
2245
1365
1283
1752
1674
2016
2221
3276
656
3256
1825
1102
796
1511
732
183
2693
3841
211
924
7134
2815
259
421
68
245
656
1319
7758
2618
1271
562
4644
1538
211
2286
479
608
80
191
5839
3141
558
2120
354
856
602
417
60
1991
1567
3076
3753
1031
1932
724
692
472
3341
1662
2342
42
732
1368
6361
420
65
836
2159
2474
352
677
87
2107
2767
6274
471
1630
164
118
3344
2510
985
293
3912
3514
924
348
562
478
6428
2068
1536
3210
116
289
1646
1602
1018
3705
46
868
426
1660
1004
1785
624
1774
451
1168
249
384
3868
946
995
1337
1294
2127
821
2458
601
296
1839
3964
1984
265
4122
565
426
468
728
822
2938
1360
923
873
586
3227
2182
160
708
419
168
2445
2810
765
3057
353
383
841
1493
1575
1077
2325
718
398
698
1412
433
1194
157
1209
1173
3665
1760
1610
124
1112
3530
1653
2239
1189
83
179
843
1311
859
2397
1465
1050
245
661
2372
645
5113
1566
857
3069
1367
132
752
278
98
921
5806
905
59
4075
1633
618
529
463
122
993
1144
497
3227
1704
3258
2946
858
448
290
687
4733
326
958
751
130
1037
4335
649
2172
3893
159
763
842
2051
48
4633
1765
173
665
664
189
186
1264
632
2117
1183
880
134
3764
1961
1406
759
2059
7076
1145
1843
2274
126
828
2767
2848
1097
228
44
5792
1580
581
1728
2815
1667
600
3438
1114
1563
2177
567
1201
3091
2786
2772
440
725
2083
3479
1156
3735
603
744
1815
497
212
1264
62
160
212
178
569
79
1043
700
1474
327
1441
5036
6193
1145
385
1938
790
662
2289
719
1329
885
906
2580
2770
3502
2578
3448
1507
704
754
611
1496
2070
719
1012
2074
612
342
3709
1289
749
1196
533
1531
713
985
1
7178
229
2940
1224
269
494
2149
1827
774
471
768
2944
534
5211
3755
1176
1414
1746
810
309
2782
1830
160
929
11635
841
532
545
2540
177
1390
6468
7043
199
2593
1034
717
4239
133
1573
3442
1699
51
1026
1981
750
2527
706
3724
449
778
1151
617
4440
318
1469
208
780
1195
1200
1301
490
180
4484
1078
1095
550
1211
2197
3663
701
634
2114
586
778
184
1092
872
347
608
2222
404
2125
447
2198
2973
325
807
1101
5032
1461
446
558
5771
269
1530
2657
1094
273
991
594
400
4677
1045
1455
5299
1250
555
883
813
2051
172
2135
3519
1197
3087
1422
1412
413
2026
745
286
123
3663
98
2546
4459
1348
1182
1014
1453
704
1881
2713
1599
75
365
385
729
25
1673
48
317
161
494
2266
3071
297
325
2892
687
539
1256
1455
1623
3795
1260
611
514
941
4799
266
1709
100
1849
2560
1739
236
1272
1442
645
289
43
2506
547
1691
1427
1800
7817
393
151
999
3813
1449
1967
453
471
2033
357
142
3967
1130
1871
1346
586
1331
3258
1080
459
6562
4963
533
31
178
346
966
159
1872
770
6039
2349
598
1187
210
1814
2060
100
93
5223
161
402
1725
141
5031
7
139
326
1032
1602
76
1391
156
892
4167
1429
2311
1445
1795
2619
1049
1349
894
277
2192
331
362
1397
1497
5409
1305
2338
2849
2000
943
2923
33
3005
143
145
310
391
3761
356
304
536
247
1046
829
2974
3322
2467
4724
962
1055
1875
5965
2651
4541
1157
288
169
176
415
745
490
1955
2668
1230
3405
2805
835
961
1078
235
1655
680
2394
1634
726
1112
34
30
3595
1190
754
294
1942
144
2762
271
414
2605
2953
548
2873
771
952
1000
2821
747
87
583
2505
698
901
991
2568
1878
3352
1359
1896
713
4138
3053
2035
816
2983
3330
3811
1886
1939
92
1085
502
2359
940
754
601
611
70
578
6199
1006
1016
438
210
3528
1525
6763
859
1336
886
928
2910
126
1837
4040
2902
709
2706
433
3548
2786
285
1706
726
2647
2316
379
1204
609
742
210
3105
437
3859
445
1177
1486
6536
600
131
1434
1503
3111
158
125
113
1276
3712
688
333
84
740
296
256
1848
698
1180
3402
538
675
1207
2203
1183
358
865
587
8442
299
75
180
2329
1487
1774
312
369
2269
760
1326
1309
661
263
268
2569
3870
2766
87
1276
4661
396
389
2106
1244
734
983
315
3615
675
995
3596
936
252
853
38
47
132
4587
2781
161
1986
1511
262
72
858
153
918
1755
2001
2441
518
2804
1010
1418
130
387
1119
8880
1724
708
2646
7836
5039
2181
7191
590
583
2556
6709
314
78
1516
1864
381
1363
2840
836
1204
3882
292
375
2077
1547
581
910
2302
2356
1602
3764
1247
2212
1830
3324
390
5056
3167
35
708
445
1684
1735
1338
2524
4089
741
1021
3248
286
421
309
4735
2477
2610
34
1732
1380
167
4106
1208
2990
1793
177
4820
595
6635
797
1869
2087
5064
47
545
6047
106
253
1885
275
940
1271
4051
1533
4510
7231
3041
1147
5664
290
263
5518
1725
6350
522
354
114
242
3619
1267
4633
30
782
198
1096
4357
935
56
324
100
734
167
1487
997
929
131
436
710
1043
743
752
2387
3954
708
696
4273
2866
1732
445
2217
1082
2803
1833
1196
1280
3437
1728
1286
1234
66
81
2911
463
4823
1599
2492
2726
1460
630
2657
1348
120
1618
2976
552
2723
2567
1556
1997
52
707
356
618
2095
1328
885
1092
3641
131
1014
232
110
1201
1085
270
1785
645
445
2065
583
1040
507
458
1877
1197
3446
1459
1264
5143
743
608
5230
269
349
508
334
439
686
2561
3681
2912
1066
537
1110
598
1671
1580
323
1381
1597
877
2012
58
1863
1810
8291
1021
980
960
4347
1754
339
945
362
211
4192
5567
541
73
224
1467
481
171
1670
948
2157
575
1402
843
1677
284
7079
2562
1477
4555
1617
394
1434
3402
950
1216
1308
878
3061
259
2555
2403
127
495
573
392
773
362
1396
3127
24
2074
742
666
193
549
2109
3174
2949
2397
1962
3216
518
206
97
4867
1042
1623
1177
283
800
1252
1042
1514
5250
144
2179
1471
197
287
528
97
5403
1799
2040
484
1955
3109
180
960
3944
1350
1928
414
1787
512
703
352
379
1220
240
2054
3523
266
2231
217
4993
144
1331
326
785
1123
410
952
620
704
318
2175
6213
637
2341
186
1127
2454
140
760
122
3644
1493
987
1068
918
1024
172
4352
715
497
494
848
64
837
1528
1910
3655
1438
1206
720
1207
1511
4607
417
1692
1039
188
182
234
2910
1793
4219
1394
292
709
1626
969
709
301
1255
3953
989
2179
4354
85
207
1848
941
2932
1200
1327
5237
17
2442
1841
580
419
92
319
1107
1133
1576
2040
241
1190
2566
845
1814
3439
2385
2483
669
1546
1200
290
126
75
2342
3336
3393
601
1822
1400
133
89
2040
448
1397
775
1205
1125
833
1646
1412
925
613
8519
462
5618
4941
721
1036
2423
1658
1952
2687
874
1980
379
263
2583
199
1595
279
1053
1733
2379
270
236
1765
365
4043
1175
338
810
3100
592
4890
1068
4164
1676
2748
466
643
2500
1443
887
632
1546
686
1496
380
186
1810
144
2966
516
3187
2932
4677
4722
616
171
1852
1192
1551
2277
1014
548
594
686
1509
736
474
4823
3252
2409
2372
7396
1966
369
747
2432
3431
5403
617
361
82
153
2320
364
2990
4303
2953
2332
1430
3006
2307
124
248
943
5276
1603
3296
392
98
2062
111
936
4014
3625
5835
255
2902
3130
509
4638
3759
1877
1187
1404
420
516
440
2241
8046
234
2418
5830
1183
921
374
2214
1598
1636
1900
1690
102
369
3254
2219
1472
80
761
2782
1217
435
2617
96
3874
164
597
8029
5122
924
1669
503
1022
727
343
1358
777
2040
399
1281
1453
1670
885
653
443
1098
650
3240
1397
1053
1096
154
4522
1195
637
890
4211
142
580
3321
376
106
1223
2086
3837
1652
575
3016
271
2777
340
394
1265
245
593
424
725
2516
487
1264
219
2459
728
2001
574
1192
2619
1733
774
745
2644
1890
883
624
3076
1263
2469
1948
985
2089
962
1999
1104
801
838
183
754
1762
4972
2210
3911
697
417
472
2047
668
413
1443
2994
1434
2729
256
2095
698
574
4
1446
2803
1020
1464
542
380
701
554
604
154
1434
3079
332
1987
1567
2175
2774
5005
135
6077
1909
891
3038
1582
3569
2500
2523
643
1854
940
4985
48
2493
4403
1767
951
938
376
1793
83
1465
522
477
1094
126
3069
2869
2069
336
493
3786
944
1858
442
192
17
282
1681
2788
1698
5202
944
425
1710
3073
1418
231
4120
1013
156
953
3725
1840
2852
698
2156
641
1008
51
4354
2645
1354
427
619
3362
3773
3241
1086
486
1282
342
3099
232
225
638
1341
207
4475
174
4804
3868
2144
5668
3457
166
2550
621
1628
978
725
4432
1699
3394
1804
527
3167
5204
3020
255
2014
753
1430
5040
298
3260
245
2478
2306
660
1459
1880
619
858
6078
1716
1149
188
1952
647
252
56
1172
3429
908
423
1034
197
594
2957
2407
4068
569
981
5751
1698
835
703
171
1812
1288
230
1200
3587
3278
216
3492
704
4329
431
903
550
1808
56
209
216
2621
3851
2139
178
5393
1396
997
501
1522
2263
506
3309
1248
953
85
1326
831
849
960
71
235
1874
2077
316
957
281
767
1638
826
2993
2190
388
327
1419
1251
407
852
533
2419
17
2048
2106
2454
138
3436
14
880
8906
100
170
843
1135
1077
824
2455
152
1955
378
2655
2895
279
1870
1631
1981
679
557
684
271
1737
448
896
714
115
3283
1087
191
4966
1472
1849
290
905
495
356
215
131
1354
1384
685
3046
1824
246
1963
756
933
978
805
2099
974
8084
249
441
2113
380
179
1609
774
3233
475
1510
1132
1210
1163
641
663
853
577
3597
372
1272
5777
422
940
739
6379
3770
1098
599
1357
2316
676
7
569
1161
889
390
2212
373
1138
389
1361
172
4782
2229
904
6158
386
864
1644
5385
1020
148
1223
3246
1628
183
1090
363
3991
4063
4493
6482
845
3981
5089
283
146
1845
117
563
7486
2075
3287
1374
646
334
107
1031
4407
1598
745
1655
3728
2289
1866
261
725
1943
599
1587
970
219
2277
518
3947
1539
562
2725
1222
2313
1708
3573
3194
4562
1367
843
3139
5533
1251
3147
2435
118
1974
2665
1939
781
155
5348
676
1800
6754
45
269
1046
1969
2719
1934
498
77
857
1921
1652
1347
727
96
979
4581
1020
441
658
2932
1712
1913
5356
66
805
2459
853
400
696
599
67
146
3409
211
1147
777
2493
525
1588
99
894
1083
592
551
927
951
422
2427
2396
929
1882
122
3277
6530
762
1965
5334
1198
5542
1180
346
150
269
2104
1803
535
217
485
1872
3136
4054
382
1869
3942
3853
456
367
654
228
231
1471
591
1883
28
1514
2343
333
130
68
4744
2879
3943
178
324
2155
1271
106
1883
182
4385
232
4196
483
2640
1400
3965
3606
918
1020
811
565
963
3169
525
2099
362
1657
60
1859
264
1175
1465
660
2435
10229
2446
1827
3482
1025
2118
1030
624
482
686
341
1917
3600
2892
5216
3668
3005
872
887
603
120
32
811
3217
615
5050
567
661
1590
90
1190
1180
3715
283
2694
1243
306
648
3290
1773
378
1032
2161
299
1391
1052
3
810
2768
1291
460
960
1036
1035
1424
2544
1033
2976
844
3629
2470
809
337
59
85
317
1916
446
851
3101
322
206
3000
2358
57
3472
190
269
6358
565
996
3793
541
613
236
4957
1327
194
185
886
4647
4040
1950
1826
3207
1031
328
907
3154
799
461
3102
8355
2917
1567
672
112
2749
2914
881
1116
1475
42
923
1575
2554
1486
2137
1037
2112
283
3556
1041
3973
324
4452
1167
2865
175
2369
1005
1704
1143
442
98
568
1344
302
1526
638
1852
256
109
2249
996
1126
1062
2116
2045
3427
962
2209
381
178
602
884
2967
2195
573
531
693
687
1212
295
2003
4491
716
1778
103
136
2564
364
2797
371
5458
2639
2269
2935
1872
1159
627
1659
182
1536
887
2182
306
290
271
2664
399
1674
1124
2303
2092
882
164
1215
571
2
1809
1659
2810
763
138
3665
1022
2454
3666
1544
756
40
2089
1193
1227
443
550
2482
278
987
3503
3646
5256
2674
1194
707
637
103
296
241
2142
30
4962
127
543
5066
1507
1177
1526
176
544
1227
6281
382
4787
1398
1308
950
382
2348
1352
470
2224
4455
123
1124
3394
295
491
103
2426
6309
812
272
1424
101
2497
252
1535
293
3447
198
3053
486
1690
3130
921
3848
295
378
601
677
3137
1683
614
6941
39
2298
105
903
932
3865
1888
695
2443
1734
2999
154
461
2383
2995
829
568
1098
1072
2176
1048
172
1690
2061
380
2130
714
1381
278
4444
241
3225
3891
2048
1701
72
2318
209
111
1175
3620
2822
426
1951
1345
168
7389
501
118
2489
289
1052
837
1398
1442
2585
1199
935
1522
847
763
284
2349
361
480
126
712
775
2300
1630
1429
4054
782
2248
544
53
1053
1029
137
1217
412
5389
286
2524
3378
5681
3660
780
4
1241
532
1863
492
112
522
2096
893
328
3535
1746
89
111
2056
911
4861
439
1353
30
3881
4708
2974
1758
358
2821
1408
3645
4113
733
76
3671
4617
11
397
1269
339
2357
558
660
515
57
1287
3339
2
45
548
266
1226
3962
480
2277
1433
494
112
2442
785
1670
1693
2667
256
3558
1460
133
1226
1087
2943
2635
1096
319
375
1111
459
4084
5863
921
69
1658
519
62
1973
1880
796
85
1222
869
1350
478
1181
642
412
9421
1016
1544
1443
705
3724
2983
344
2272
987
841
1489
643
6435
1113
1928
3117
1827
10623
1132
559
847
904
1787
1232
1763
161
1554
1860
171
1109
461
451
1332
7228
714
2001
2671
88
3191
2545
487
899
3587
132
137
3384
1041
3952
4
709
537
541
4887
583
1432
2897
1315
6444
77
1406
2469
572
1049
3730
5014
90
553
504
2677
989
891
4350
753
1351
1333
592
377
3334
599
819
2133
7
545
1157
1140
656
1370
1015
2673
1251
1704
3939
3441
637
505
591
1705
1369
1810
1420
308
207
574
1471
2787
714
737
2615
1557
2250
154
889
1164
1997
2415
848
375
808
246
1421
3329
681
519
241
2817
3181
1692
128
2140
1927
1793
1393
507
566
1181
2622
355
668
137
1150
1057
1756
174
4282
663
1257
351
1645
1037
998
1794
6103
2153
2431
3178
305
2467
340
847
643
3036
362
3775
174
729
1688
3765
5475
522
2894
7399
1019
1886
1957
247
329
256
201
2009
2356
105
2437
2178
313
358
3390
317
1490
1147
401
2672
612
1618
133
4214
1822
676
69
1073
1346
1939
343
1681
176
5
1414
2405
2440
641
2385
732
1267
1198
1632
2063
2538
500
1063
1586
1026
4163
2288
464
2672
4963
1747
903
511
4509
42
387
3548
121
231
185
4408
551
1972
762
592
257
4314
1897
1530
412
2293
273
2357
499
1147
1010
441
344
169
1085
492
3127
753
2140
2173
3666
3553
1819
1286
156
462
990
99
785
740
305
505
497
1407
1572
2565
2903
3127
3035
1699
134
4267
741
1043
5941
2223
754
636
815
3258
1698
4745
1097
453
645
7002
1443
1298
48
2746
8118
2957
715
530
2138
2432
1061
1662
7636
1507
285
967
880
1055
797
5014
968
261
3118
2184
2408
3388
76
1670
608
6422
3089
171
48
799
1408
581
94
448
34
2090
966
578
2847
85
215
3061
3667
3276
1578
1962
1403
226
1915
134
1018
503
522
5349
377
4791
766
484
1862
108
2466
1001
405
853
1978
2320
4106
477
4054
2575
366
3247
1162
1306
665
1367
196
2634
1503
1328
1840
4469
4069
1423
488
6607
1163
1836
2055
580
2907
5008
1927
190
3043
1
609
4543
1989
2379
471
512
136
2905
2453
1442
311
483
1576
118
2852
6545
2957
1040
209
357
3629
2437
2280
5304
3111
342
2511
5119
821
2141
2334
4992
431
447
460
531
2174
679
1185
1931
177
1717
1613
1634
938
1168
1129
1819
1439
553
3977
76
557
1098
3843
2281
29
6052
1350
3238
1641
6842
1505
1609
151
4020
177
985
5003
59
871
4005
52
721
3687
984
763
233
380
11
286
1075
708
28
2665
2042
2025
2543
1062
876
2586
2715
29
1131
1372
749
225
2107
288
428
734
171
302
2800
539
945
1792
2421
1919
470
4590
347
119
175
630
1424
1933
135
2665
3264
331
1823
393
1605
1242
2774
1668
921
2422
820
401
1103
761
3615
7345
127
2543
3609
5626
1578
3507
1539
698
2056
2482
936
3705
1486
1080
1214
180
3812
515
2509
104
1132
1215
1903
674
1049
873
4381
837
1894
409
2686
2055
954
1505
775
2128
2157
413
3202
2793
1371
2519
280
173
1517
4144
1250
1760
583
6680
50
1376
4475
1204
468
277
2926
1067
502
777
2817
1284
2490
2214
18
164
3636
625
80
1469
1275
1693
307
1317
1093
10656
1808
6743
1510
2115
5901
188
1379
3438
374
2411
1776
5218
412
904
292
572
6491
1415
478
758
275
1055
109
827
837
1848
298
2271
311
102
248
3956
750
2324
618
1954
3697
4432
55
1710
723
77
1300
112
422
1228
2070
3488
1029
1084
960
455
184
377
356
435
1218
875
5230
850
2614
506
469
736
274
3761
547
2829
241
336
337
6493
393
638
3310
278
46
2593
893
1991
196
1391
4053
1550
1125
5348
1121
1569
2746
205
603
1228
1549
269
1413
239
3182
8378
1368
2584
3090
1078
221
757
803
625
50
141
493
1903
251
115
1170
335
1301
1639
1074
892
608
1882
815
1660
3912
363
3967
2897
3692
1114
337
870
1623
4514
3904
288
4603
392
533
5093
1693
1119
1839
136
5927
150
253
4081
1394
1844
273
2141
157
1129
1689
238
3080
265
1099
2666
338
2325
1731
55
3349
1355
908
385
481
2744
169
548
432
1122
182
2736
3341
1086
435
2431
950
1111
2562
3922
559
663
2046
2688
1103
128
3748
3670
628
85
821
2771
259
765
4125
437
4679
1850
1665
247
2167
864
496
2166
217
3851
1741
1668
629
651
127
929
512
948
1849
1177
2071
3501
659
315
596
1722
4739
51
529
303
951
556
2547
1495
1018
310
780
2805
299
869
1623
806
536
5949
1182
10
3183
2894
1936
660
722
237
502
1102
527
1711
364
121
455
4500
848
1946
257
5309
1755
2728
1017
2133
287
988
731
1576
1415
64
2497
1576
1141
384
683
1907
1581
723
5072
692
329
352
1798
1656
300
791
1639
1207
123
167
1891
415
1116
191
3821
1452
2815
484
2072
1985
2959
85
1073
1191
1441
230
3929
161
1104
1011
843
52
6394
937
4209
1735
1013
138
922
1305
3497
890
3763
5293
1715
2713
1339
1142
2289
1146
1255
1441
1197
212
1556
1689
2997
2989
1957
4064
1251
350
1532
834
5363
721
1634
36
265
1722
428
506
1420
306
1412
2757
480
438
579
415
1461
636
473
8010
4427
3540
2125
542
1991
2989
576
1132
3434
1918
3538
4391
3877
463
1421
3319
1884
593
3650
3224
644
515
4142
3672
160
1856
2237
2147
1695
1249
221
594
2026
564
1326
6394
2318
222
2362
1437
563
5030
1532
1341
1399
981
168
1082
1454
105
640
143
189
2598
236
315
455
4129
636
1438
1135
1031
271
7496
428
2637
605
303
438
4439
2048
1607
2397
596
442
1554
1133
1340
4490
1853
1440
2743
784
4275
3132
3084
1357
1062
4780
1373
1185
4786
1909
378
989
2159
2647
730
3185
2892
5682
3006
2294
2675
96
923
155
1573
2203
1357
528
1477
701
296
702
993
179
261
515
396
874
1800
1131
6205
1440
2149
493
3106
106
396
4809
4586
2009
2741
315
211
2615
1059
3373
1572
756
3667
190
2860
122
330
403
575
949
1370
1281
459
395
1175
785
863
1530
1806
848
2599
1220
2830
1008
1185
588
874
831
951
1540
901
444
552
1069
2334
5185
2843
1858
2620
271
268
161
80
1790
194
2429
363
498
220
975
4016
1488
1324
160
1584
814
398
255
1528
1770
215
439
3521
1308
2924
172
1047
372
4459
252
1680
2663
2592
424
312
166
2542
320
2703
950
1238
1534
1782
3993
3491
1975
303
25
1592
350
473
1126
3513
79
1436
1204
556
688
2745
912
266
323
1850
783
306
1742
963
190
2205
9047
4797
370
746
635
2155
4051
647
2742
2950
2261
877
1658
2756
2361
1798
4940
2658
1336
1130
2969
897
838
4325
1097
114
1210
2442
501
2393
1334
2211
2942
1305
7173
188
1052
2019
938
437
302
320
2315
2330
1591
6526
152
77
2246
1196
287
629
361
1006
5380
354
1306
346
1100
96
482
920
161
584
2637
608
332
1293
682
877
249
1272
300
1611
2036
3964
769
1328
2699
1724
5660
833
1063
707
3270
153
185
3570
1766
641
479
775
6945
569
1191
1371
2149
466
467
31
325
1010
1717
3702
616
1183
630
108
987
716
1347
479
2680
1803
1495
684
670
2060
1120
1610
564
2740
514
251
4702
5526
850
374
1953
589
4984
1609
885
2134
2118
3899
1975
272
814
110
138
2122
2049
6290
1920
1583
5974
249
2695
425
1036
689
593
342
1846
3868
4444
333
865
2521
348
1743
1352
1923
4605
1467
353
2465
5070
2048
1106
2228
2388
1431
360
878
27
688
540
57
869
324
593
368
48
3660
788
1385
804
684
2635
3537
1833
155
1872
382
5753
271
214
1605
3055
566
1026
3232
2554
3553
1097
785
8508
1332
137
1446
714
403
855
941
325
3198
124
480
4577
216
142
165
304
8983
1238
1872
197
1411
1371
487
3313
3210
311
2100
361
701
452
853
1720
1189
375
3175
2497
2699
475
419
389
288
1251
1382
5321
948
2816
22
1966
1396
724
978
440
13
316
4153
292
195
2614
753
1483
490
168
375
796
248
1132
6626
991
3323
42
2395
1004
1923
2347
79
4219
1417
846
7567
5671
3053
86
339
950
2572
74
79
42
800
2905
379
1961
1370
1273
580
174
2355
1692
620
4995
474
1365
1351
1930
338
1471
326
444
36
59
233
12884
2301
143
1489
415
1452
1448
1999
3720
559
296
1595
818
851
3402
516
2044
333
3361
1215
1527
859
1817
2581
1484
1657
998
918
54
1733
994
3106
135
1647
5527
738
1364
224
1501
1854
2938
3744
44
717
1803
85
4522
950
1355
212
3977
1612
1182
1886
188
597
5035
937
649
72
1660
3472
718
827
1059
4158
2927
1183
3027
4038
716
1706
1154
844
537
2274
2134
168
715
1707
4238
110
1156
1456
1451
25
200
1101
26
4833
860
1439
240
1293
4595
838
2052
677
1281
273
852
964
692
2433
9532
1823
2151
1158
1665
781
790
1210
1180
2313
960
468
3099
3838
1616
392
998
251
4215
5218
528
1646
617
110
1578
1276
1851
92
1085
739
1345
569
266
4985
351
3963
1932
1098
957
754
244
203
17
3295
2511
5777
100
316
67
1214
1506
338
194
1164
2589
1352
1865
147
2164
909
735
818
1019
2577
1219
985
790
1760
1199
274
650
608
397
4218
2417
1017
1098
1459
143
776
2000
5451
238
1088
32
507
2884
175
2045
280
1303
1674
416
124
274
793
731
1149
1245
47
2532
1095
285
2126
962
859
1426
2266
1560
473
577
491
1730
2258
5062
78
4914
305
218
114
1057
4388
408
351
4124
2873
1584
1216
64
1338
1568
1133
253
2573
1505
1884
2497
2058
2487
2777
472
1359
2189
738
667
680
971
2413
2501
354
2546
221
3150
315
338
1578
2400
749
4063
2893
143
165
1169
7610
1930
527
806
1420
992
953
1311
2715
239
2297
1147
3595
670
966
2071
146
222
384
2888
562
751
1761
2547
1154
8052
1648
2727
1595
3436
5445
136
494
3588
2393
1916
398
610
777
3071
836
1048
5513
1900
423
1186
1805
522
429
836
543
1935
278
328
874
3129
376
22
91
832
384
587
244
1990
1434
1170
913
1554
4726
629
939
107
4315
290
1117
143
126
810
7621
6030
265
4628
931
466
539
554
4881
2987
3596
6736
7131
9315
11872
