2D 	 failrate:  0.001623 	 Fm:  632.7972	 且最后的Fart/Frt:  1.0270298556	 Time :  7.0512

91
54
162
372
226
508
720
728
351
349
730
140
690
387
1557
118
82
237
1196
430
262
743
1330
370
205
1606
224
487
154
184
157
84
701
489
2098
1302
1284
714
384
391
927
258
878
521
110
893
2297
315
1386
409
2591
1220
97
1610
1270
1057
653
639
2278
164
344
699
508
1165
58
330
185
321
243
313
3353
1276
1003
199
518
394
91
46
1153
1418
573
1532
318
198
500
68
211
216
559
451
458
1029
78
953
659
249
355
701
693
2231
1333
1085
690
164
202
2006
235
419
1091
1364
699
1133
202
516
62
329
201
194
124
706
184
135
690
143
87
1480
967
674
831
411
1217
91
106
167
651
29
704
2260
527
816
144
310
1092
815
132
1721
169
420
664
53
110
127
357
1866
237
104
404
672
415
406
732
1213
100
83
49
531
4
18
1144
318
35
753
7
1519
317
779
332
110
808
769
874
10
779
32
878
118
320
296
339
649
53
1005
1473
210
38
262
99
1749
1030
1629
707
1410
859
19
7
1421
1332
866
395
1440
1055
316
1085
446
530
1275
872
117
35
122
925
953
826
278
583
88
840
970
86
400
1989
1385
602
178
84
426
572
191
497
189
21
357
168
80
569
106
305
450
397
304
2233
452
223
64
637
1790
889
259
574
593
925
452
1121
661
373
897
716
153
1391
600
195
230
818
624
985
426
1603
214
289
162
166
1592
282
476
1354
1115
63
893
261
231
439
1138
917
570
544
377
281
1153
700
223
634
317
9
95
522
179
60
842
995
344
455
269
73
724
1385
156
1277
671
722
1665
293
69
331
3690
35
867
588
470
228
1122
207
6
3106
1683
486
239
3082
930
1168
244
1313
2862
264
1303
3
111
782
134
1233
241
340
763
573
1236
161
356
853
1991
116
1323
4861
1076
178
424
457
178
72
975
366
68
767
364
118
733
1042
125
409
315
324
1
74
1219
426
452
662
466
682
312
610
248
352
149
728
283
182
4
151
360
930
263
82
452
87
390
788
189
95
247
1682
668
287
610
340
1466
437
580
731
1601
1410
417
183
2630
337
442
273
202
211
425
803
30
382
64
239
152
1130
77
765
395
952
2718
629
628
262
1472
71
70
830
1015
399
1516
141
1600
1213
1523
41
311
541
591
245
156
239
1279
1032
266
371
1141
117
315
146
773
1151
190
477
332
212
109
328
206
785
1640
88
10
7
1573
105
238
20
8
428
2085
159
1607
198
386
2547
576
433
3858
409
352
150
62
354
231
42
59
183
85
463
532
145
79
748
965
3188
776
1787
272
567
216
185
646
1679
24
174
122
172
55
444
635
145
1969
57
129
163
690
1508
102
680
826
281
290
534
2020
32
504
219
1720
560
264
135
264
775
1389
964
182
465
1132
132
1090
665
218
242
308
160
125
343
1539
241
105
143
474
19
277
3421
394
885
609
1348
1367
404
825
94
61
27
272
1222
389
504
399
514
872
435
730
78
100
3127
428
460
975
2634
4885
1626
80
1253
1126
923
997
293
77
893
935
925
798
1270
174
269
1498
488
1306
202
1047
3201
1560
1343
320
1332
599
685
107
346
717
615
280
265
366
596
648
102
1293
563
721
859
701
174
614
122
555
172
1415
279
1126
1081
596
257
31
291
565
325
86
1354
991
432
894
641
313
64
2836
210
407
118
1568
31
709
633
526
215
261
295
37
103
1318
1484
1385
827
401
388
411
41
1721
133
382
224
502
140
579
315
265
10
763
420
192
113
393
83
677
2
1832
320
1682
177
722
52
780
172
398
374
1591
463
237
342
298
663
161
872
10
59
55
137
616
1
106
1174
247
1740
477
657
1628
1497
604
684
553
602
1314
20
11
101
235
774
486
2137
951
338
194
66
417
371
911
72
71
981
742
2243
296
127
684
935
793
1696
690
256
483
1826
529
1966
69
343
85
135
743
381
1334
104
381
193
935
819
1319
343
367
1363
1497
521
453
412
892
105
337
1692
336
46
911
505
8
1480
498
2442
2572
135
326
23
134
2872
783
345
378
1242
1406
461
549
35
383
1022
114
465
161
1056
480
155
1185
306
924
235
964
641
111
1529
985
2808
2258
651
123
771
133
41
746
734
137
738
722
769
664
1343
85
197
222
614
306
678
1186
16
130
550
1670
286
1236
948
1821
490
433
31
715
68
425
805
1571
439
291
327
456
412
133
371
158
367
2271
1538
881
766
203
1739
348
273
222
12
477
609
1029
320
305
89
191
1194
2130
50
507
798
135
191
1359
576
1030
924
641
531
494
473
154
24
20
86
1402
134
229
339
22
342
327
26
1051
640
189
571
474
545
477
1265
17
1618
115
450
200
147
495
360
266
1113
326
136
1158
1112
1216
1593
553
11
1179
342
102
1963
2110
2010
32
2161
549
385
181
208
1027
1463
718
1195
622
583
283
205
380
1027
615
224
224
466
215
384
718
1037
866
608
70
363
391
427
109
588
1386
501
163
1248
1837
530
395
77
370
988
277
33
462
454
385
1525
623
1505
965
1062
417
250
1794
252
627
542
463
239
2554
897
149
1441
407
144
83
570
21
380
1120
1183
690
1439
964
662
412
50
224
620
1250
280
894
177
499
637
355
486
131
668
879
227
321
968
853
463
222
1031
862
333
1392
1455
433
1840
155
356
856
1623
585
102
344
210
1394
2007
21
87
658
171
906
1163
1004
1030
93
1748
54
1165
734
314
1887
516
197
194
194
1263
623
9
1307
502
1203
1810
2750
30
622
932
27
1033
261
321
98
916
423
276
169
136
196
916
338
631
51
435
311
143
179
565
52
251
1111
1643
1564
74
23
187
516
273
1073
106
29
1613
97
390
1500
896
536
226
1141
1249
437
137
1325
702
357
20
613
71
547
888
2822
64
1596
316
305
14
82
62
98
19
104
779
466
13
109
4
463
501
389
499
754
16
34
483
110
78
1034
286
1981
679
137
243
14
1165
2702
224
1229
454
1578
482
53
757
887
956
218
208
140
406
1150
527
74
1076
256
69
60
680
99
1038
909
82
1163
1922
450
561
375
563
169
1061
1100
1769
2826
351
203
788
921
1241
612
1441
232
138
196
255
520
509
57
225
19
282
748
470
1015
644
157
1779
374
94
418
186
493
262
211
520
561
30
430
803
201
224
629
629
692
666
621
305
12
550
782
215
312
1125
542
435
336
546
95
158
853
222
541
1110
135
834
6
240
357
1246
595
750
391
42
302
625
579
74
224
1864
1827
166
181
67
42
43
503
32
23
135
30
88
56
614
645
1751
68
3
368
321
296
969
116
861
213
353
221
827
3301
144
1279
1253
709
105
2395
636
1015
1195
1498
1029
927
733
515
403
920
22
748
170
612
65
1111
924
90
401
559
629
348
1301
921
1027
575
925
1865
403
1120
2411
315
1000
1076
1191
2948
540
382
41
135
1471
13
581
739
2271
770
752
152
968
1415
183
138
107
185
836
745
69
1392
1003
99
35
529
221
233
69
16
352
45
10
726
764
2708
1082
44
5
2466
489
111
353
122
42
2186
22
586
72
748
183
350
659
718
461
1912
494
899
268
316
700
2727
165
829
138
1058
1094
84
105
559
2
778
83
83
288
157
382
383
690
128
2439
592
426
2058
28
943
1003
80
254
134
823
303
1143
159
357
305
133
1434
693
97
768
68
614
264
116
429
28
301
133
276
2204
149
385
386
414
219
110
1964
1115
467
53
66
101
961
892
261
2031
22
821
2192
513
623
108
42
1585
164
760
447
1073
1345
1898
151
91
149
396
501
33
2
138
26
78
322
481
1063
137
1683
209
780
405
438
736
119
213
76
816
1498
453
636
1721
159
1660
347
641
41
596
500
1042
932
768
1592
118
138
466
104
223
492
138
1528
4483
1197
817
245
2483
469
154
347
149
263
804
1332
211
225
657
172
1036
1286
589
810
1507
319
425
136
1923
520
79
1770
1147
539
540
386
316
1892
1131
61
466
742
1971
1562
326
284
276
302
418
1094
1118
366
515
805
647
93
543
213
762
177
738
359
274
815
3519
290
219
206
612
110
908
404
581
143
115
783
629
149
73
2448
69
1010
263
16
411
1300
460
481
468
1085
441
328
1138
1250
476
7
100
173
25
821
913
22
135
453
626
218
214
212
608
1627
31
12
2317
1108
679
246
8
73
720
148
128
518
315
2771
168
100
233
26
124
928
1503
1496
1625
1783
159
492
529
898
512
244
1595
541
1229
1783
579
352
170
112
2249
600
896
408
1377
61
363
693
316
1790
110
706
504
401
298
343
605
270
352
115
135
144
790
565
539
187
931
421
2349
669
112
199
106
318
49
1626
584
42
1407
120
55
74
835
1224
58
48
749
268
481
452
299
113
122
506
846
179
623
200
104
1959
444
1792
174
1703
503
448
30
551
317
1762
461
394
843
80
347
283
2007
69
349
32
2312
70
440
216
470
73
946
1131
1352
1487
2
818
106
860
248
217
1360
438
1223
218
182
448
235
387
1049
1096
1815
229
351
524
1532
898
1953
455
42
1432
102
186
520
697
433
371
452
735
8
83
729
281
38
779
186
784
45
130
187
79
232
2150
258
559
304
206
1964
37
195
249
501
69
288
623
275
364
659
1165
693
1264
233
507
1364
578
57
1072
1884
96
1
332
80
482
331
29
203
1309
609
506
84
311
103
106
3716
17
1307
190
907
4
1091
738
626
153
143
116
707
1993
17
185
764
1131
98
1065
1130
1084
108
725
349
906
1987
656
194
276
29
61
639
261
107
1284
124
611
36
244
1423
368
466
404
564
110
967
126
14
2170
674
65
409
3045
131
1032
1260
1466
520
443
399
149
27
66
184
852
991
789
52
301
1907
182
80
981
644
629
724
217
348
67
1346
1139
68
207
808
1185
299
292
781
37
863
487
793
213
1336
910
223
785
441
200
680
58
1101
751
133
812
3068
55
1274
1180
1113
50
667
92
115
14
585
186
209
639
1051
970
1253
543
145
855
1099
10
684
437
374
350
645
387
573
1046
655
621
838
34
323
34
1330
453
863
170
2265
258
1831
71
94
14
517
283
473
1057
1946
385
366
346
326
805
232
25
104
515
145
339
868
444
128
271
42
237
236
183
1007
507
67
589
381
358
677
438
481
38
66
309
250
19
245
141
1880
363
363
70
865
677
800
1148
401
598
541
1979
646
150
743
495
471
363
242
180
285
1130
351
748
639
919
106
472
19
471
111
165
1949
1214
249
311
33
744
581
1476
570
1189
134
94
674
503
2004
745
165
371
358
188
90
357
1697
2577
377
270
1120
159
1082
1671
1069
158
155
1870
585
1287
1530
1386
83
1575
278
737
562
1287
837
956
9
549
616
133
150
45
649
1040
50
70
474
420
34
623
1252
147
1350
707
463
918
782
1768
175
473
46
8
381
1167
15
24
740
761
189
846
653
323
146
315
407
142
195
47
26
839
1051
418
14
1815
55
216
929
787
641
2348
2992
155
556
51
178
1649
748
498
650
1035
983
2232
1592
23
565
764
445
68
1017
212
194
429
31
249
166
422
442
331
677
1611
1175
397
1015
225
764
175
873
616
1050
96
659
438
388
574
334
2267
723
193
34
1271
1322
282
358
207
79
143
279
62
221
328
67
998
189
316
7
339
193
270
247
1672
418
153
40
650
3
79
426
177
291
2908
211
623
180
284
581
509
225
83
214
30
921
1439
549
653
45
218
807
1441
116
272
722
1415
1188
893
1504
1786
319
92
816
2064
1353
2246
305
1129
355
1254
554
720
334
265
1619
331
157
549
9
191
103
891
614
329
587
1650
126
221
2097
668
434
114
827
1267
305
48
16
68
220
357
141
241
939
883
299
322
416
1041
21
18
301
1616
35
823
124
71
1468
326
106
659
391
304
585
208
323
2394
41
868
1155
39
1202
50
845
1410
264
749
268
192
1152
1334
1421
135
342
931
839
364
713
34
1018
1338
79
747
317
111
2185
80
68
485
46
332
119
470
56
1957
262
570
1493
51
138
73
548
681
1139
939
552
291
182
53
640
2055
529
91
2075
214
641
2844
95
398
158
197
1121
936
847
1911
938
771
20
1033
1507
604
37
134
58
701
447
109
303
415
7
146
163
675
661
618
644
685
234
1198
526
115
2648
143
2540
3086
869
75
100
2379
100
2010
73
81
987
603
247
469
258
98
149
743
1284
524
335
331
25
839
557
206
27
158
1636
56
1355
555
439
117
62
41
1640
930
485
956
680
352
1223
2222
1111
722
627
34
877
23
149
1475
1352
36
635
1277
1212
841
880
493
333
175
2280
2872
1402
448
122
398
1289
69
1204
3214
261
648
633
190
1016
592
46
803
381
1076
334
1646
193
981
372
369
479
419
873
1410
687
84
1437
645
1014
631
497
411
244
547
1791
7
154
629
312
2990
863
607
626
388
782
321
177
1290
987
755
602
74
909
86
212
220
532
256
47
2493
55
753
220
89
87
26
2548
172
30
24
897
172
940
12
311
192
342
1333
1648
428
976
166
36
550
105
386
1095
50
306
726
284
613
710
348
58
1244
30
746
193
437
436
407
242
405
626
967
641
694
402
198
427
693
1065
86
548
1268
671
2410
77
916
47
206
592
1092
2070
6
425
2213
23
134
457
1824
206
1518
2
32
397
1269
633
75
560
168
254
110
199
169
72
1205
454
213
570
425
1027
811
105
1668
1496
1163
134
319
673
306
649
236
339
1047
300
1188
5
934
26
281
289
577
115
1077
748
350
716
98
165
974
231
61
70
68
388
307
80
1393
452
1304
152
89
1392
921
518
847
300
452
449
556
354
1118
507
26
282
211
2727
119
266
988
277
592
237
1128
385
379
790
497
311
136
2
429
14
235
767
1276
717
735
604
235
1830
15
122
2870
620
182
1
58
137
785
348
826
763
8
264
660
473
583
1614
231
268
828
763
9
867
222
310
7
871
1047
1235
501
206
114
114
514
137
47
781
1542
186
181
326
1441
194
59
567
115
268
52
822
838
762
196
50
497
1229
1087
299
136
65
497
112
466
734
722
999
1
661
1039
114
449
485
1748
1280
1320
657
136
291
909
797
636
152
1879
316
88
9
1001
39
93
322
456
1281
534
1172
37
520
585
546
469
8
174
1183
1306
1440
2395
1145
1762
1715
468
875
744
475
182
41
83
557
357
523
462
348
35
1611
785
1282
1306
285
2107
318
1759
2519
349
1229
327
607
127
498
572
1040
775
341
40
2338
174
344
94
748
634
298
1251
2295
1288
1722
689
1284
540
293
1732
51
1022
389
36
621
521
59
1057
1961
682
81
475
506
2030
2132
1303
345
592
667
536
419
680
773
986
458
209
3598
869
293
1792
162
770
635
89
26
907
261
198
358
161
312
432
635
582
916
97
102
1125
2517
1613
176
731
671
624
1807
1817
707
23
503
47
490
127
173
106
67
583
450
396
2632
117
367
2109
490
300
14
603
270
1191
78
838
676
548
657
643
852
359
300
452
77
700
114
447
274
140
296
336
273
1382
155
288
120
1407
431
698
218
52
14
1242
3094
306
1855
151
568
593
211
14
305
357
27
302
30
121
559
1
821
458
1338
937
34
1037
910
145
152
1090
2571
545
1032
1783
442
1256
2003
782
503
229
304
1197
1060
443
316
525
586
1408
1298
438
36
926
12
1029
30
1562
1940
1870
2452
1075
592
446
55
12
557
1819
251
426
631
1064
397
406
510
532
309
61
126
357
621
558
11
530
297
218
1121
377
303
803
94
8
651
544
374
213
387
32
336
425
2
146
455
289
1082
120
62
52
1677
1953
486
229
1227
300
695
25
1146
1248
408
535
92
157
19
261
66
586
300
268
761
113
1824
110
189
1090
995
666
437
3
757
1219
375
700
97
1166
366
770
826
2548
424
239
524
2295
285
206
37
98
59
274
1279
894
49
1238
2679
93
229
1138
201
1813
1442
683
73
189
706
428
1111
646
16
344
192
813
1516
1880
701
261
569
691
192
578
93
133
1553
1315
357
354
1698
52
274
1047
130
1198
659
852
2
528
605
653
1619
3798
422
1246
741
783
74
956
321
660
194
108
1468
32
207
99
855
134
1507
983
94
737
1498
391
2083
1064
7
455
571
1188
435
887
336
540
970
1874
136
156
143
25
262
92
14
46
3698
868
392
128
226
3601
271
797
543
443
607
78
4
215
83
322
2989
389
102
662
203
125
699
321
42
271
273
1680
358
136
290
2275
950
872
494
99
157
721
543
466
233
725
1594
305
1560
14
351
532
202
907
325
410
121
610
2083
402
571
108
245
900
19
2133
1206
595
681
464
2034
65
380
515
416
429
648
1264
2155
386
43
565
30
33
104
1378
212
787
1551
899
233
103
1154
535
657
15
169
1174
841
333
276
1614
176
2456
241
221
271
582
5
638
249
254
2508
234
166
235
316
1322
1292
307
134
1047
357
436
93
503
211
956
256
1834
17
1246
1370
187
346
3
2476
326
206
91
105
158
439
511
217
856
1628
370
101
9
1252
71
791
39
351
728
196
426
166
764
621
244
232
225
748
288
203
715
1129
469
2908
1449
255
1092
892
85
10
1246
140
24
119
431
73
1394
494
2886
570
150
556
140
84
8
887
68
235
1389
259
2871
1721
348
996
614
357
594
990
483
141
400
867
44
745
323
339
468
719
193
585
1015
747
66
3123
216
1751
1230
92
763
256
1370
42
1299
85
266
717
35
118
237
192
729
1183
957
580
906
1527
467
1188
19
504
978
1321
477
79
608
1275
251
1167
2731
148
82
350
268
20
174
305
769
1067
977
486
34
167
261
106
227
290
2137
510
367
136
19
13
177
101
304
681
387
680
327
33
477
221
793
367
1519
13
1766
371
1925
130
543
1310
3377
370
720
567
80
134
274
606
146
529
1178
1506
37
261
1903
899
825
888
45
524
1834
131
187
65
1748
711
632
102
1131
658
549
527
95
159
513
974
94
297
913
263
3280
390
122
846
151
1416
1083
322
232
177
1576
366
1345
938
228
408
328
393
922
162
37
320
233
395
21
1903
1136
101
133
349
311
314
266
282
23
2074
349
420
398
474
255
1136
537
86
515
205
69
953
353
2036
1
163
1562
656
300
120
629
576
3
81
1131
545
391
557
135
474
623
242
1040
460
21
590
696
425
1073
650
132
2211
1553
340
204
337
218
1162
463
23
1124
41
831
493
305
104
216
302
145
209
234
788
840
425
904
1302
1160
232
236
829
540
1666
156
447
41
56
781
1598
293
1261
322
609
1007
287
519
982
477
149
623
461
189
3
1214
187
1588
260
598
1519
140
186
801
385
976
371
288
1331
1191
770
109
207
982
2078
529
678
273
739
687
261
261
421
21
2510
818
278
52
195
564
15
870
1408
519
415
16
118
2149
641
552
410
1686
450
447
798
770
857
283
200
92
571
225
884
233
57
90
494
797
538
670
165
66
263
296
6
176
1227
585
655
245
800
538
398
435
198
372
1507
60
479
107
31
438
60
406
173
84
442
197
36
1315
195
930
225
443
25
392
428
178
619
625
644
1360
207
1762
498
249
372
398
284
398
166
417
193
138
85
188
70
1256
1651
543
170
171
161
654
600
2239
1108
320
469
816
967
749
1117
317
194
290
84
1989
484
119
1956
104
724
297
825
879
499
1394
1235
354
440
408
1699
35
230
53
550
1075
1696
785
30
369
160
46
77
366
355
759
1069
423
2202
960
7
29
719
278
782
234
136
1294
1549
1746
1981
385
354
81
982
1819
198
353
484
212
378
1951
1146
599
186
874
237
8
246
541
2079
1561
1812
291
449
1830
58
2059
865
1603
483
809
17
316
118
316
396
2246
720
114
499
281
213
652
2216
29
96
829
140
1268
1135
1031
582
310
302
1510
384
669
1184
1097
426
157
133
171
220
833
763
500
2220
95
752
2620
199
100
2897
400
806
692
269
284
1773
129
959
402
408
121
1064
199
386
242
97
262
994
68
412
457
2826
1798
2889
1878
133
357
2187
487
110
492
1728
401
61
487
45
526
275
21
1038
266
295
322
163
1728
1687
1931
560
516
56
2445
85
233
167
126
578
877
184
1444
309
456
281
429
749
237
1010
818
407
833
1789
2622
213
162
818
304
491
763
745
296
948
23
87
1607
594
1413
1326
58
524
1174
2614
681
736
493
616
663
658
59
38
2689
386
1211
95
1159
1857
620
887
891
1159
216
30
570
327
1149
138
213
121
900
310
1043
163
59
534
603
379
805
66
1588
1283
1334
99
243
692
374
25
1820
189
987
1871
487
642
146
719
134
3314
1035
875
1339
226
937
2027
581
378
1184
469
531
9
355
2550
840
2859
650
790
902
26
971
49
1308
1748
457
952
1025
584
242
161
1665
678
10
1502
484
687
521
19
86
935
267
136
736
494
717
1507
154
470
722
490
2133
119
993
731
1011
787
75
33
236
161
681
117
261
14
3949
141
514
914
346
350
255
249
563
145
971
353
22
301
982
217
954
2022
348
406
144
23
231
1051
1085
2987
139
446
692
206
973
23
611
32
401
1243
1122
1047
1303
527
388
421
16
267
17
627
276
733
68
645
602
52
528
456
102
939
413
1863
319
75
9
162
469
929
414
418
650
409
179
2040
248
370
154
763
1686
207
544
311
31
842
333
706
33
131
1312
1365
332
1449
269
349
213
630
99
693
334
1194
62
899
1238
321
2430
901
37
572
36
69
401
541
340
3894
638
382
127
894
1529
1179
1242
121
762
1017
68
672
650
277
620
391
908
675
56
225
903
137
223
276
330
336
249
434
815
148
1046
564
103
98
433
187
431
270
164
442
665
526
562
116
1231
360
906
79
184
70
534
137
37
962
204
132
303
454
580
234
472
11
710
411
613
1237
435
185
689
473
186
1540
52
806
908
285
382
330
1469
135
880
179
347
503
289
945
17
191
112
1135
1559
362
76
14
413
203
376
558
98
424
722
476
217
15
1016
557
558
671
866
120
325
244
307
1490
339
4
2392
333
220
1526
1437
1426
569
149
625
962
2170
222
81
1748
306
766
427
729
1214
567
511
74
107
1919
155
1238
264
575
572
1555
18
293
49
905
718
579
953
55
659
234
5
531
152
1502
227
430
438
616
700
424
469
946
22
1154
464
6
4
2121
136
119
386
468
110
231
570
593
407
338
274
1132
2125
114
879
34
942
817
682
730
127
167
43
324
1989
882
179
361
570
635
19
784
614
146
392
792
143
228
265
689
115
353
287
952
296
567
263
1912
242
140
558
1759
66
141
115
5466
116
611
1565
94
503
425
41
2473
658
242
357
54
296
639
570
254
748
40
197
306
189
123
1307
360
1827
4060
172
1112
32
131
791
769
1086
83
301
841
170
423
43
337
731
752
533
1166
158
408
955
580
615
173
217
365
397
1147
8
79
593
339
235
82
307
616
669
674
627
1473
1064
1419
875
2104
3271
215
1935
215
542
1086
1931
1405
388
246
284
136
37
1413
1845
639
417
1229
38
372
28
1309
613
70
1272
418
1301
155
623
118
129
74
139
570
572
445
155
263
462
684
135
607
1075
596
316
653
932
326
337
158
2323
1599
578
1066
1225
530
420
1778
328
621
479
324
184
1131
408
170
261
165
70
1526
135
136
544
932
288
296
1288
350
11
984
1036
294
1426
211
495
85
83
268
243
901
1427
1008
706
2788
116
240
323
85
1465
180
1171
74
310
1152
118
763
201
1620
941
880
180
558
225
943
33
598
1270
71
605
267
865
1126
92
115
363
263
547
151
740
1396
373
1178
207
1563
4
147
300
27
229
147
291
5923
695
88
139
1203
220
599
748
211
750
1571
1088
522
586
318
3
1012
414
1230
23
1133
305
911
141
367
1576
1554
502
632
202
1235
445
998
36
18
55
386
720
805
1637
1116
1888
6
857
189
276
613
482
384
777
546
913
155
88
186
543
1397
547
1171
612
66
76
892
2541
39
426
378
1437
227
96
1206
639
2141
127
896
1078
96
237
238
312
1884
1795
1834
249
1422
426
2063
356
1353
95
404
314
22
427
887
836
110
544
864
927
5
12
338
645
1487
1040
619
256
887
3328
79
525
891
321
348
93
323
495
521
1013
638
179
338
309
1133
673
319
136
758
812
317
787
1163
223
1057
20
561
8
80
76
388
837
449
697
142
111
47
308
2561
51
957
523
3407
301
269
119
559
218
1415
365
550
1547
464
507
362
112
525
266
853
564
89
1
2546
1030
2
152
149
1147
98
251
1042
217
125
413
100
1568
1327
708
552
1857
1884
150
189
1006
286
203
781
11
1197
3210
1264
339
14
494
131
37
1509
1017
215
788
322
1081
185
1
28
171
123
317
138
463
952
163
940
163
2139
420
1494
1368
1672
3078
