2D 	 failrate:  8.3E-4 	 Fm:  1094.4372	 且最后的Fart/Frt:  0.9083828760000001	 Time :  20.801

76
121
212
252
158
799
943
1045
747
322
943
653
108
170
247
517
1411
3
650
1504
886
1835
350
712
57
54
1225
242
1665
2307
2544
1141
322
803
253
1008
569
1296
2172
713
901
1301
658
138
1705
1048
2141
2691
326
1055
256
136
285
142
455
1910
502
172
685
166
391
117
1498
922
662
126
142
180
823
445
369
2116
549
223
1562
1496
49
694
1557
599
1714
4385
1251
805
68
1326
1376
669
1447
320
2920
1443
321
1339
616
1562
1142
3457
635
12
193
1149
4603
560
788
833
226
1054
71
147
267
8
3033
106
280
175
369
1485
214
653
1088
288
229
224
92
378
1159
362
1917
275
1310
1179
192
3423
325
535
4488
109
1818
246
548
2093
725
254
11
144
239
243
2189
2987
1925
2010
131
1080
699
184
1012
382
1286
1586
30
1831
348
632
16
160
588
2109
76
2762
5170
2007
525
347
3597
1562
2391
36
591
790
620
1884
1579
1198
349
131
1017
469
30
1525
42
1210
1348
907
243
1602
102
1436
1905
445
751
358
1696
2162
575
659
59
357
3825
125
1270
1276
419
6142
27
3917
625
355
951
8
192
517
2181
1852
714
3893
299
19
484
2661
1311
70
291
1367
1232
869
1890
3421
77
2118
91
2088
241
2814
98
1676
436
767
2
1394
547
2362
261
1416
600
662
1280
642
291
524
456
924
1112
337
45
505
578
289
779
1709
571
902
11
3124
1478
2168
584
1720
1558
58
608
961
1139
70
4678
280
1160
75
46
654
846
1675
491
3385
827
2058
432
2057
228
547
3695
1394
2305
192
1195
538
183
990
4017
250
1698
713
726
542
685
166
935
1308
228
20
841
423
252
315
164
1802
110
579
1821
2111
1313
137
1261
1617
1312
253
160
1054
193
468
2314
435
4391
600
4755
1213
251
911
439
3629
340
12
268
816
1017
3121
735
1350
507
2040
3233
2
1511
1230
586
121
191
491
1922
482
659
427
4303
1777
195
837
956
1014
342
2743
70
1336
3029
9
803
1273
7
595
1811
722
218
176
1933
181
111
352
1112
1057
616
415
916
284
634
2043
1056
95
264
412
2339
1128
957
1076
718
2053
223
1546
1600
123
1675
568
210
1973
1262
1818
957
463
883
119
1047
882
1154
1563
88
1055
10
1343
1911
594
429
101
348
2274
2224
252
962
1546
2647
383
925
1622
3102
923
1711
585
2070
2850
2864
1199
36
2098
320
451
914
137
1007
1591
3679
265
1171
1561
1830
173
252
1230
1892
225
355
212
1068
2145
1252
225
515
13
886
1725
181
2246
2373
98
463
2010
5542
364
168
1419
1479
492
1264
66
372
505
3847
1370
2533
572
3838
790
2852
916
769
74
667
443
1791
1375
1979
260
4280
812
129
2164
1004
2533
15
5026
2484
397
1404
430
641
1738
2194
570
617
255
4911
752
900
2769
970
2931
79
732
4209
243
539
2
2701
463
1311
508
24
1328
120
457
311
147
939
490
609
389
958
664
2200
205
1243
995
1086
1311
681
1293
24
1383
560
533
169
757
158
2907
548
1335
488
1653
23
2
783
2951
1583
480
2864
187
24
747
1499
1555
3287
2211
347
740
18
87
425
394
179
1797
408
708
804
87
5166
777
726
1799
496
1033
2972
1892
27
1054
197
126
326
351
762
558
110
1907
423
2133
239
1672
728
678
433
1416
198
560
1390
790
365
2289
316
920
1566
1252
2996
1242
2139
1337
641
1063
264
649
548
290
476
81
324
572
189
1491
76
389
1830
134
3562
1533
2580
171
3514
3271
728
957
130
1135
1222
256
878
5213
854
1125
1954
1384
1236
787
2136
3821
1264
1019
1088
1977
484
792
1908
463
715
894
1130
3853
719
3584
619
906
299
1143
717
57
657
3459
435
4008
1528
557
10
459
3173
4547
141
81
579
379
740
1003
2355
63
743
663
3622
307
922
88
1136
1556
264
2870
1940
1052
1853
277
3058
3323
311
998
440
613
493
2054
276
3024
2504
833
945
921
2700
2019
738
828
99
1194
371
351
694
5379
119
229
2163
2773
796
223
26
2345
403
92
5517
705
3213
1740
336
2044
1405
557
639
102
1958
1990
657
965
510
943
201
76
1224
2986
801
128
944
63
1200
765
798
1709
2852
1192
1779
949
216
378
1113
21
1014
2355
3404
942
120
1515
385
2427
874
1229
105
158
645
53
511
351
1776
1679
821
3028
950
174
1335
85
1003
96
366
2110
844
1839
544
1603
1105
1684
1198
1809
980
842
716
2109
360
1074
1308
50
532
86
1427
598
1204
883
960
3302
140
1229
1055
2883
1762
2634
210
2605
757
3735
909
126
527
1046
1800
354
333
573
625
12
53
2019
556
2155
185
1044
3542
578
361
529
2483
2988
1665
1522
188
2158
2038
1560
459
55
91
312
1135
2913
2863
412
1781
3073
125
173
115
491
1656
379
1078
2132
1918
1693
4446
696
24
809
1584
154
202
1924
518
656
1280
362
1312
1354
2193
106
1827
110
2159
337
603
1023
478
1417
946
1063
628
495
256
92
513
828
269
115
661
66
818
3916
2863
875
379
1019
658
313
187
309
289
1619
3174
637
1112
1545
2817
804
2822
734
848
53
275
1342
549
8
185
143
536
3574
125
982
3050
105
2052
2851
1663
4
141
237
405
302
881
229
314
710
711
5536
186
1629
496
2
129
2107
864
918
3697
600
122
627
779
2502
985
961
182
37
153
308
205
1044
94
990
707
608
2868
1653
254
2135
1840
1488
1998
2301
962
403
353
267
123
407
815
136
1499
1148
1892
2826
273
1947
414
1295
175
6
1092
1368
1299
1480
1747
2494
3162
1278
474
137
748
1426
1449
854
861
923
226
1009
3327
303
1782
173
824
4314
247
774
2333
95
276
3524
1340
2515
823
962
862
564
457
758
1072
666
912
934
1635
115
450
708
1198
159
1042
2231
397
2220
3558
119
413
174
701
392
2540
1587
461
2976
467
511
65
576
77
4156
1594
1740
2061
297
2094
773
611
1381
694
40
1194
733
1121
1544
1323
1628
325
735
1284
854
802
742
3525
388
2228
191
230
705
338
1130
2633
1100
1668
445
1481
1931
267
1210
1914
1150
2902
17
1982
128
1282
135
1383
1019
375
58
1298
911
1139
1413
1719
475
183
873
868
31
323
1153
939
583
319
4449
55
912
807
1078
3601
1034
1372
61
898
1499
932
539
654
2715
278
2030
338
1109
432
1613
1531
734
72
758
75
277
1087
408
840
240
94
438
440
754
426
4685
65
503
160
1247
789
826
1568
1933
3028
2481
1132
1891
1826
520
850
111
573
3059
2
296
77
12
343
296
511
287
1052
567
3331
2742
1360
690
171
258
418
4212
359
712
1723
1309
1244
823
828
398
416
474
1803
469
5
194
10
2170
338
1477
555
1823
724
1416
945
3393
1061
305
197
784
2919
21
817
703
3775
271
833
1646
928
100
29
1393
1353
65
561
548
30
3399
1104
812
1604
621
840
362
4579
1385
78
36
1319
158
567
125
245
183
237
30
1505
383
28
1046
1129
1430
224
426
4825
2332
1409
58
932
4297
1328
804
855
236
25
1453
2687
1174
754
2626
217
227
1237
2061
191
298
2182
389
1198
165
539
442
1167
1077
530
9
366
160
461
2241
964
1122
649
126
125
246
1258
1590
1418
634
178
561
1102
708
702
385
143
1005
2445
478
1829
471
3580
681
1371
1051
405
145
1427
546
326
148
321
15
463
220
1598
1907
971
103
1903
487
828
180
468
1210
1388
975
1353
117
229
903
321
749
3
426
1904
23
1046
604
2164
2733
1306
516
1367
230
50
4586
6204
204
1476
3145
2197
2487
719
161
1462
1234
428
1252
2774
883
270
301
83
1187
238
1094
261
341
78
758
1061
807
3230
390
242
149
3176
616
135
953
864
321
16
1181
258
542
1965
214
184
2351
1144
583
108
1621
2032
297
2152
1401
189
109
926
1899
16
752
853
1563
132
405
2841
1124
685
339
3684
1706
330
1225
3085
39
458
598
305
1375
1339
1146
1359
911
820
271
432
136
1546
2080
3572
386
413
1521
1113
564
87
507
244
294
1164
2210
357
1747
311
576
148
4
33
426
3347
190
616
1174
541
1864
716
224
7537
15
84
324
4601
38
618
306
147
106
123
59
462
2420
1348
1893
1038
792
329
4997
2127
2986
2188
2202
552
538
366
1219
958
1630
773
2106
2184
180
1483
818
594
960
428
1236
104
823
1037
1889
828
610
499
1809
2462
597
963
830
4023
387
1781
1027
775
273
846
2
119
501
1738
2699
1142
607
442
927
178
176
253
697
1265
1048
310
1433
721
836
3739
225
1619
370
1076
87
122
875
600
2847
906
791
664
2666
804
1764
453
1124
988
735
150
2455
1412
1616
59
2091
3234
369
242
919
4152
847
929
256
360
2467
1861
124
1399
1551
38
1079
761
2509
77
766
656
1211
2012
2099
503
1234
9
4
82
842
1017
67
499
2689
1136
709
14
281
1139
120
799
229
333
91
1517
818
3494
206
1158
802
250
3244
1319
2029
53
99
143
1061
1042
746
294
1221
639
425
1109
1723
993
176
71
1857
310
1603
1533
195
510
833
1150
44
1054
918
824
467
110
360
177
1066
3089
582
2398
376
560
981
349
2
351
267
765
2332
1392
115
6212
1735
561
2276
2156
2172
716
970
23
4077
104
1128
798
4026
1659
387
1717
201
1032
697
95
1138
172
20
678
1037
137
2471
92
1336
3084
447
3223
607
849
3905
1294
165
1684
1344
530
606
2159
824
1363
1526
1553
3621
5055
2685
182
405
399
541
2626
941
110
83
684
3102
1258
4360
875
3132
1726
3361
345
620
1066
1426
1143
673
1073
321
255
439
189
742
1031
1936
84
209
200
942
136
611
1023
1757
327
919
2802
420
687
584
589
212
1936
4281
5906
1183
1334
1540
78
121
311
3063
1352
215
2720
1916
774
693
211
1905
974
631
1615
1537
501
2599
2552
56
3452
798
1454
23
526
2438
1995
120
1014
438
229
1219
2363
1672
1688
2034
2053
2821
323
80
2178
298
2654
78
472
2226
694
293
35
1221
205
154
906
305
1669
675
134
202
731
844
4585
1365
1869
1876
2261
2343
275
1636
1108
940
161
1413
36
1577
1845
493
1618
831
21
9
3390
2130
3466
338
387
746
840
1805
171
1687
1895
877
1553
314
148
487
564
670
235
255
263
1285
4899
2051
2281
757
147
434
986
236
1366
323
3535
675
1016
825
46
593
405
20
4
430
669
1642
1027
1509
407
284
1494
1547
244
421
369
1032
87
79
993
184
369
149
2312
3502
513
326
684
1897
613
743
1940
1853
283
1187
505
281
2096
1114
2446
437
138
97
1182
3730
390
2207
1135
3141
1959
13
680
809
158
662
923
200
1949
2533
395
2704
824
204
1297
1524
392
688
2053
1591
781
665
41
2162
263
2692
522
445
180
170
414
652
2950
600
3841
3
635
1147
802
646
375
383
898
817
3419
197
185
319
1400
855
562
2104
1364
590
1079
585
430
373
2836
1780
430
20
109
935
148
152
1792
361
1431
22
103
1389
780
3403
1014
353
533
3931
626
589
288
197
145
1703
2215
2595
3336
2
471
103
1394
331
39
1038
629
3038
80
1252
162
378
4070
1531
1662
1281
164
454
3496
116
1113
876
555
308
617
47
2199
2639
99
1056
1668
1497
3196
67
1502
589
2470
976
665
12
1120
2891
852
1266
2527
57
1082
496
1175
424
1333
465
73
796
702
4984
360
443
359
372
108
980
581
559
2086
57
258
1020
446
1984
180
119
576
1289
1316
639
1425
122
2955
1825
1340
654
843
628
230
467
644
2579
690
400
2913
1065
1197
569
149
1201
569
2049
5095
234
1266
4
977
1133
807
201
856
2320
1424
598
2
1370
16
162
1330
206
1605
24
3977
442
69
1864
578
1821
707
440
217
906
2071
818
1132
1119
18
59
147
656
401
1311
2165
2898
11
103
969
692
1513
6036
11
832
1
6
442
3014
268
1554
506
571
775
2517
2309
71
203
331
2350
2575
2591
143
162
1
390
182
2627
1380
1603
493
973
1520
405
2260
1395
983
178
585
1520
56
4349
854
671
882
3226
434
1122
3950
55
1489
853
4916
899
1641
2394
814
672
168
482
403
689
906
363
705
225
830
422
2845
1470
114
5153
949
1662
198
45
2174
175
762
154
2446
743
1245
1237
2
1355
1266
942
1239
1556
1726
831
910
689
787
1925
614
694
3269
1065
59
1429
1693
508
3297
1564
1411
1706
477
412
442
886
328
1965
502
2026
799
142
1390
673
1094
1534
1323
2469
811
9
802
1167
292
1307
38
1952
8
89
110
568
119
92
632
2073
841
458
647
2368
1614
2611
202
1422
412
618
61
528
1456
972
105
181
1402
92
550
1118
765
768
2113
463
2042
493
612
437
30
237
569
270
290
1245
1797
830
1499
1673
858
468
37
1252
101
416
2043
320
3187
873
130
387
359
593
332
2
892
609
239
1425
1697
3514
2111
36
945
199
223
2
260
2806
789
71
310
414
1003
153
376
3427
88
1486
695
4191
130
2111
668
1520
682
1226
151
335
996
2072
536
455
1065
49
649
308
696
2009
3532
755
3819
1233
842
2853
1138
273
1173
200
2518
712
5415
2235
684
414
608
940
8663
848
1719
285
732
4338
5116
2108
972
262
81
2136
649
290
453
708
292
1146
2427
146
635
1267
4498
1083
640
652
11
492
179
88
1356
2548
135
1368
491
3501
2963
325
950
44
1068
989
86
2212
260
2359
2475
3284
983
2423
615
1359
839
517
173
849
885
254
270
913
902
1549
1493
1035
1682
2087
390
134
6217
327
1282
2229
67
697
12
710
381
2825
2659
825
486
310
1845
310
2776
2745
898
346
439
140
119
39
1855
843
1908
546
1322
2926
84
350
597
879
1522
133
369
899
617
248
3526
551
401
1301
965
508
540
106
187
134
1898
730
714
389
354
359
101
81
385
611
31
111
1177
4064
89
1374
1533
948
2293
429
2233
1951
1959
468
541
143
1388
246
1610
903
2181
1020
430
966
2340
1769
1824
467
997
552
141
403
539
3550
619
627
2935
318
4636
1189
679
260
217
7756
4783
2407
3623
182
520
1074
1899
1153
210
568
424
512
605
594
451
951
497
3867
1620
229
1428
520
572
1198
2407
1144
324
725
625
129
1389
895
4162
553
3
1432
3484
129
4799
1941
6443
464
241
2915
1631
3422
901
3515
188
2899
1216
2253
1517
237
980
199
987
711
1790
83
121
2121
87
1880
2678
254
836
143
4115
391
2342
431
23
706
53
935
692
3201
214
191
1054
278
726
4620
1106
1863
572
390
49
486
1521
612
1459
57
828
666
2580
2186
576
79
564
38
64
161
2856
686
1122
816
1275
2171
991
1657
53
823
968
411
2395
148
238
1186
117
652
1665
548
699
50
178
353
1350
978
832
102
691
790
669
29
2579
1650
961
725
2763
1432
4171
204
2735
893
2838
2
665
1714
583
205
2425
825
394
295
876
1771
187
812
462
775
705
138
2152
220
849
1818
181
523
365
658
571
277
296
2148
530
311
1677
249
675
1462
2207
639
741
1255
2141
1284
1302
310
922
87
3232
160
274
918
3119
2877
1296
1012
1426
480
294
2020
2109
907
1011
1697
295
249
2368
264
4204
572
816
1554
2943
2715
670
1025
579
766
1495
129
1649
528
201
3363
1013
2881
971
429
74
155
157
191
2519
495
533
950
4307
956
1
533
821
330
306
126
590
497
643
3298
633
889
802
645
395
1274
1368
924
756
14
1058
899
242
2585
1854
117
995
900
620
1482
471
1084
594
1015
3993
3752
427
3006
1559
1918
839
107
176
167
553
532
1483
19
458
607
353
1825
376
5716
149
1548
2933
843
1520
1349
440
151
5131
300
804
161
1193
3026
255
809
506
2730
1297
1034
1063
62
2104
245
3559
48
111
823
154
2218
241
920
215
1613
1205
1487
763
4548
182
1320
1984
3019
420
75
913
732
826
328
3565
131
512
1142
1053
3253
480
1844
967
2484
402
562
2720
55
85
387
144
1510
2725
1414
162
1780
1400
1554
6
3321
413
962
773
3437
5159
3
1066
1995
283
588
245
444
76
905
578
821
1807
2831
229
713
539
2199
572
236
960
985
164
707
2131
626
846
1047
2
2277
156
702
3090
823
259
604
604
608
148
611
2902
600
1909
259
1008
572
1255
619
3264
1251
348
254
1265
787
1740
100
762
1660
661
23
1081
384
100
1402
458
373
519
893
238
102
83
163
2844
744
769
607
2615
338
728
463
434
1784
806
597
459
1986
3021
1026
2014
3431
2062
197
468
1960
3851
554
296
1337
1024
998
1773
2496
877
1280
581
99
296
430
103
159
109
23
1627
996
1716
269
1508
4
933
608
578
780
298
669
439
193
134
490
1253
2085
377
2093
5071
180
803
1232
1424
1304
2862
1065
909
154
1317
256
656
1422
1071
2630
2618
237
1714
179
291
2170
2882
1006
17
2175
127
489
395
2201
776
5
358
598
333
1896
727
44
264
468
251
4
126
1713
1011
1084
301
62
657
1568
792
126
3076
321
82
116
769
215
1405
244
356
959
3237
1226
153
616
724
1759
1705
178
544
1520
132
806
190
252
1880
1009
1115
1412
363
3391
435
1443
2317
1290
368
632
1372
720
1664
355
1277
1661
10
163
48
1077
1469
175
2135
984
2497
510
146
904
199
215
1791
204
235
177
1649
2
1753
255
2103
1262
485
203
1639
1194
751
1023
913
585
1187
2
1744
180
4880
1884
2181
855
579
100
1538
1452
1998
1064
804
897
436
660
1606
474
1978
1855
784
2454
3504
98
337
140
397
336
223
949
1159
1681
661
69
1425
284
765
2088
387
515
1971
45
3054
1118
859
1981
116
1711
1191
616
339
1117
468
65
1439
16
269
525
608
32
377
1207
929
4514
2008
2372
1204
688
576
9
1053
202
1394
1180
147
311
718
316
1370
846
3105
2800
247
2398
113
1073
1231
1043
1627
1579
524
174
647
574
3212
2
360
524
2073
1315
256
852
2583
288
1801
238
12
531
846
503
315
2903
1769
4194
358
2369
217
3515
536
2714
531
35
554
79
1381
298
1635
1739
1040
3209
2005
157
607
67
1424
1522
228
2
2154
291
353
1474
165
1435
1576
1829
1856
3287
913
1719
722
753
3119
2800
76
1051
773
629
1803
20
550
1127
332
1707
1979
1029
436
798
196
671
1368
3124
916
1960
420
922
156
871
1833
98
2476
100
2557
1647
261
1038
81
1129
5487
2896
911
1278
2118
85
371
3082
25
551
1921
1653
291
300
1351
523
1500
2258
539
354
4213
562
1590
1156
2413
551
1237
620
790
87
1040
1784
853
68
2078
1365
3
344
2
536
968
1271
1886
350
470
3531
315
2633
554
1229
1515
318
373
1482
1014
879
2230
997
1451
1671
1851
1614
1316
1257
905
88
919
1473
546
1343
760
163
802
2014
2042
560
590
1299
31
3656
81
499
860
874
1027
1120
116
162
1467
3012
729
3407
236
662
222
2475
167
1028
774
1186
847
1406
131
520
402
214
4322
1466
1093
1157
772
1951
2307
21
987
429
490
233
1885
508
1153
941
343
377
4152
14
12
822
152
344
305
270
592
595
2621
396
677
466
1987
1611
1443
1020
209
71
1773
3190
2193
292
1875
940
354
603
228
1160
1408
903
4202
1692
1003
2851
995
19
1066
273
120
173
427
910
1545
569
11
169
509
147
1638
238
1297
1471
1787
550
353
350
120
1352
712
807
3628
127
587
15
653
789
75
69
1531
867
232
1213
1625
18
775
165
1046
152
57
1547
597
879
431
1807
274
1556
790
2853
1702
860
1205
878
236
670
1021
1816
314
1696
504
561
879
859
1170
1840
23
2158
304
453
247
3137
1176
427
6166
1072
642
1449
519
2901
566
1301
1322
170
486
701
1378
765
534
167
313
40
309
380
8750
2657
363
518
2295
1013
3072
137
71
2865
2082
224
524
147
2044
748
1661
798
181
934
1659
3243
2023
2889
2682
290
144
448
1118
291
1879
12
794
3351
1637
2698
2589
406
516
961
650
645
324
591
162
5564
189
848
438
885
530
681
468
3251
307
822
640
1214
151
64
371
1042
344
192
825
183
2451
798
457
1070
168
8
57
235
599
4843
330
196
293
3089
411
528
1164
5415
89
578
1824
16
1507
835
211
2026
930
378
1562
1081
1068
702
2765
171
1253
576
2495
1262
190
10
1138
881
425
86
607
127
2719
1762
2442
127
637
792
18
1339
597
152
1210
793
488
1012
2630
15
1413
140
18
1278
481
1432
413
554
878
1376
781
858
211
2619
755
767
250
1576
238
76
1723
143
3216
1438
474
1138
2525
697
992
388
841
765
1392
369
80
566
538
111
785
772
278
898
723
255
745
97
178
1870
1955
319
2649
943
365
2756
435
621
1710
2514
70
2721
106
768
1839
476
1303
2194
154
300
209
777
172
1623
755
69
2473
961
801
1288
1034
650
1299
105
237
2142
695
268
728
2640
2571
741
132
4508
1331
277
825
65
103
1062
354
707
949
389
1344
738
1262
472
1514
484
660
696
2859
519
4127
1592
2184
20
1492
1922
961
586
947
413
1545
136
694
429
1399
759
455
303
901
650
220
134
2591
1870
431
480
4740
79
153
217
298
872
1779
651
1252
1860
926
1889
1035
1310
1235
184
1301
58
549
1843
967
1119
906
538
194
2521
2360
766
1077
1648
1006
1451
174
1123
5522
2324
375
2274
1508
614
1434
5548
2320
45
1627
1638
95
2320
699
613
536
997
2706
335
3396
169
1136
295
568
445
1231
583
633
1459
1191
3423
1589
625
2172
373
201
581
2264
307
733
29
46
1861
1567
1153
925
1089
2340
1013
1123
33
101
2078
435
818
1559
2203
960
291
6
3179
1931
858
1264
1157
100
1099
937
2172
191
439
311
454
490
352
832
5104
727
261
586
2392
358
1649
475
4920
440
2587
330
1383
386
2
396
1607
259
2705
4069
1076
1396
176
284
602
115
320
157
307
2236
1136
1836
667
2
811
412
1079
305
1345
104
1480
1315
473
1074
478
2161
473
280
294
2354
1518
1881
1827
225
111
250
2869
208
411
126
347
784
460
241
1869
542
117
4405
747
147
1008
559
878
237
210
346
365
1490
517
1290
356
268
321
189
1348
878
53
1256
1824
1540
178
777
3747
149
597
1843
360
1443
28
3423
395
954
624
2010
114
963
162
125
1
869
1874
77
896
282
5195
968
1370
247
995
1345
279
2990
234
311
717
6737
1403
595
2927
1649
876
216
538
1445
229
643
109
122
1930
3788
169
1575
1564
3310
706
1032
1234
1204
1204
289
2
532
1014
775
1550
688
1043
774
382
2082
1981
494
946
1147
1159
1504
69
1940
2992
55
1987
31
794
4957
2418
375
214
2
699
2690
3742
421
497
1330
1206
522
32
938
336
254
266
1777
1429
958
1329
794
746
713
2072
1249
1008
615
1914
1139
2971
390
254
630
1296
542
794
201
3209
468
2561
871
622
3017
767
377
481
286
7327
454
169
374
4077
1902
1517
545
2099
507
1996
809
86
300
52
562
1092
294
807
2440
404
391
945
364
89
889
1355
1656
388
1821
30
1355
753
741
1628
621
524
664
400
316
1893
2866
405
289
765
1105
1058
1988
347
535
162
1157
389
881
952
1347
1720
456
508
794
267
394
3754
152
730
2486
3065
420
277
3747
74
865
1841
474
949
42
1292
459
4402
783
971
398
587
168
2325
1158
831
275
130
605
1635
298
1494
3704
607
115
9
5
120
327
1167
167
35
599
784
96
464
810
188
70
2266
453
205
4958
3218
1018
467
1366
1686
1014
420
1262
1338
2680
686
1390
620
918
1320
2923
470
476
1876
892
695
1408
694
242
45
1865
1434
1069
1991
2057
467
10
2
2090
1025
7231
2
393
2212
1325
512
589
525
6080
1238
1032
1216
280
629
5746
259
139
569
1219
822
1276
315
604
71
280
1000
368
182
22
605
459
10
1651
2287
1901
190
1341
219
426
959
2986
3255
1
2066
1560
1478
141
259
2
107
4161
898
355
211
1317
200
817
95
1349
237
426
118
450
62
2176
2903
1567
965
793
1276
3153
1519
4414
434
382
172
1891
804
5503
3513
1446
648
1774
615
759
836
1759
1945
1322
225
152
794
28
92
83
3219
578
1187
3365
1774
1346
1424
149
3474
615
864
402
120
1268
1866
18
1709
1654
2382
158
1080
36
169
245
180
193
805
1772
252
44
280
269
10
154
186
1
1228
125
1961
1883
2068
936
2457
720
757
4139
329
2024
36
395
254
1688
985
3565
3166
2281
981
437
482
186
1540
1429
899
388
326
724
2007
90
142
256
3375
307
244
1456
2856
13
2972
1505
2017
2175
2151
1571
2972
568
1008
2029
387
241
3
3446
955
1396
428
397
444
57
651
1228
3410
77
371
1106
548
290
7382
484
1407
268
85
704
2907
1920
548
1209
1790
152
280
880
1654
1582
2779
878
176
508
235
2241
470
176
590
389
809
343
842
2223
656
999
6089
139
542
727
492
1231
1281
1244
262
2351
243
412
715
1935
636
1830
1327
46
91
1701
228
400
437
577
162
163
2151
214
55
735
50
1424
680
116
1425
3228
456
721
266
430
2979
165
465
506
166
710
1559
140
674
1076
127
569
206
696
2211
541
1624
47
227
479
2291
419
387
852
30
613
51
78
2719
210
222
135
1456
1832
212
2571
1928
360
976
1587
1213
1062
3217
3375
945
252
4451
1515
731
680
860
1170
1246
2729
1293
855
1349
303
81
339
316
5225
5877
14
1360
1742
63
1378
110
451
2566
360
302
1680
1302
102
1022
3529
901
125
2525
142
25
1226
461
534
2
1489
1252
10
295
1
359
192
763
817
529
203
1781
122
2309
398
2363
629
392
4622
4382
1015
711
448
507
207
1196
2215
356
626
1109
541
1978
1948
827
3889
175
2976
1540
1820
585
989
874
977
2175
742
892
952
344
284
555
2311
670
844
355
848
894
2930
399
351
102
412
1629
4441
3441
1621
422
2057
2
1047
510
87
884
243
190
2362
1681
187
2186
1456
1611
196
7242
1228
975
202
2305
191
752
1620
2856
196
1055
1861
1789
2
1347
369
1084
763
486
2657
3
856
2063
1523
119
1537
1674
279
498
411
127
56
3404
614
2010
1065
1422
1507
2548
2346
1607
1700
3291
315
1847
3110
2556
3652
5578
4624
