1D 	 failrate:  3.87E-4 	 Fm:  1482.0858	 且最后的Fart/Frt:  0.5735672046	 Time :  33.4324

407
513
571
389
942
1251
459
1323
216
19
103
1537
543
1840
3
1858
379
2093
1300
1776
2512
1896
2230
943
738
473
1263
587
377
928
2595
3251
695
1806
893
968
1031
1334
494
3540
1302
2916
1973
566
1142
1599
399
404
1614
581
2086
2283
678
581
1720
1420
2060
1981
1164
1183
2088
3404
2655
1080
1395
521
947
1540
1269
1530
2297
1508
2209
2123
1694
1312
1560
1217
1420
944
1417
2480
969
290
463
2298
1554
948
886
3328
3236
1601
3266
1825
2605
1023
1067
847
1209
1009
214
1671
1922
382
2452
187
694
2265
1834
1868
562
586
2216
1288
1494
488
2198
293
882
1046
2378
1180
2
107
2970
1250
64
2933
1845
313
3153
2039
1282
939
2771
2410
574
1467
981
1183
1304
735
276
1754
1391
1047
2685
2099
723
795
2212
659
3383
517
1611
1835
417
2326
1799
71
54
2307
200
4399
1039
2894
1109
989
943
1151
1275
512
3401
95
2554
978
3530
465
689
1135
1127
757
997
1396
3762
2124
364
1570
1052
901
241
1902
434
7
2122
201
1050
801
25
1429
466
29
334
631
120
991
729
968
2479
921
2530
728
427
625
1525
504
83
573
473
1656
262
2483
1682
339
3083
1040
1964
267
206
636
414
523
1258
446
2538
21
24
756
2439
1065
1418
1631
1306
1425
3329
105
368
684
1197
1583
636
207
2715
2132
89
1947
313
171
1716
2291
4449
3590
1646
763
169
2442
3357
1370
2129
474
1740
616
652
2735
354
2500
855
2735
368
1334
1847
1800
2852
1058
1053
3216
1157
1694
1387
406
1176
1137
1680
1549
1854
122
361
1204
1806
672
843
423
916
1480
1926
2624
766
1577
1316
478
1658
4168
200
413
467
671
1896
758
2576
2084
2322
1680
377
534
982
1802
2014
463
3183
527
2061
1342
1574
138
3850
6181
1919
1015
2578
3389
2920
535
3471
380
798
946
910
2942
792
3709
131
883
374
578
1475
2229
1621
690
1242
5158
1110
1045
2062
1438
1390
565
3554
2685
439
557
1619
1246
1654
1121
3098
1194
427
452
816
4000
595
1405
368
968
1489
754
153
2929
818
4487
23
3027
1764
1720
1085
486
34
3809
2073
1562
2321
1325
1547
826
2420
1833
1571
2508
1059
1078
2632
503
1322
187
985
1120
1519
2251
967
514
1025
2616
2004
2870
2077
4868
2659
188
2980
560
2672
1727
2946
1506
2793
2910
504
320
2317
921
604
876
3339
1656
621
4273
3055
614
1443
1848
1279
2374
2476
2177
496
598
1376
22
1293
2521
5268
129
1882
825
2159
1828
971
2906
2712
1183
1665
244
3006
535
1090
3029
294
2328
1710
1393
760
177
1983
1719
1554
639
4600
1936
1694
598
293
141
1641
1113
2571
600
727
1849
3651
1736
2027
799
3312
2974
1137
3322
790
5076
600
82
3406
591
2102
143
2860
2859
992
3368
462
971
3891
796
1306
2532
1007
5301
2358
76
4953
1087
142
4047
131
1079
2389
1415
2637
936
1904
229
1639
2651
2112
135
2606
641
1842
1177
2369
1699
1603
442
2180
2260
3106
90
145
1523
727
1872
1011
864
2600
732
1825
898
1285
1701
2765
454
1998
2892
2373
2631
1709
919
1239
2960
2041
1741
509
1289
776
72
1162
2735
362
2343
3114
958
2327
616
1433
3220
1131
1094
2124
152
74
3568
2388
600
2664
1804
2280
1556
2328
845
1485
1111
164
25
1268
2343
1996
832
2392
1471
596
36
749
1833
103
306
2100
1673
1666
837
1519
29
2807
671
1615
1356
785
660
814
443
2581
863
1392
1868
705
1212
1267
778
481
2126
2369
1911
1303
166
739
3568
419
1193
1888
364
1482
1155
1069
617
993
64
1588
1429
3040
1780
358
2010
366
1344
2054
2589
1428
2369
1446
327
1337
2264
74
1432
27
1428
832
597
1556
1720
23
2024
675
2669
2400
1969
1535
764
1797
197
1406
3230
1537
3150
1713
1544
163
1064
1530
579
798
2573
1216
371
1534
804
380
1305
788
724
1136
1005
1410
783
899
460
729
1891
238
1046
423
2197
3656
3866
396
1537
1091
167
3655
3248
1171
329
553
1120
407
1104
2100
702
6857
2732
1042
5105
1121
255
2002
1647
3428
621
2319
2251
791
2692
3495
1969
931
517
3202
3120
1892
3340
1143
1039
1194
1443
489
2117
2042
1732
4282
2261
1053
1339
2345
436
2694
1136
2067
117
1374
1433
2845
1718
128
2477
1518
1184
1812
1299
447
1941
1427
1341
2955
3168
403
1742
1491
732
1097
817
2496
1385
3935
2655
2416
1745
1166
4389
163
1
32
847
2055
1851
832
451
51
1222
244
2001
937
1614
1348
1764
24
1101
45
230
456
1391
3846
906
147
2310
1263
116
1075
4231
256
1002
423
1911
696
474
229
992
2218
739
254
741
821
1950
959
878
827
1319
555
634
1129
2237
1697
2485
1698
1785
823
1340
1930
117
1102
609
1938
1283
767
840
7
3228
1047
1309
2509
118
214
1320
437
222
1093
2893
1233
1489
2339
9
1943
1621
1983
74
1670
1452
899
1119
566
1875
2022
2082
896
2317
1975
836
4778
3376
142
1533
185
1830
1904
1453
3225
3463
248
715
662
975
3778
3436
976
1300
394
133
235
371
3682
1041
1086
3923
2331
2651
245
1237
1017
7
614
461
316
2901
2148
1575
1773
495
602
1320
1682
781
1669
949
1662
921
1697
1534
769
2155
1968
3312
2808
1869
1129
1890
4769
55
1406
1360
1367
1167
526
976
997
949
4008
2099
1020
724
768
1567
1494
1521
2968
1352
1514
105
2584
3019
1050
799
2190
2832
845
711
2060
2277
569
239
2294
3379
261
2463
1034
915
660
1530
2675
938
988
1896
303
892
1553
612
1832
2768
1491
1986
3402
1605
2317
223
1436
453
2214
2735
2012
1582
623
3372
315
1654
320
5056
1684
1223
247
633
128
3634
363
1139
2093
3024
325
1351
3033
364
774
3017
1845
1687
2483
2928
3884
944
2276
1394
295
892
1804
1748
79
782
431
63
1978
902
1999
1032
1474
1312
168
3389
1621
55
2124
2156
1363
1616
2275
666
464
1720
415
1031
887
2794
1279
2497
787
1474
157
2127
528
986
1997
2439
1518
1484
3650
4147
598
2214
858
812
1572
1878
3911
425
562
1937
1767
2668
91
4202
831
2297
2437
1226
2766
739
2037
3431
3230
180
1953
3102
2085
600
990
28
1950
1442
1595
109
1320
1715
601
2275
868
2053
3495
1109
265
1730
514
440
372
1400
869
2251
970
323
2834
220
492
262
145
1658
3147
1862
3180
2141
1151
535
2156
69
2783
1319
2687
1426
1980
864
1964
921
128
4101
3072
1130
4909
426
328
605
2264
454
2324
639
1118
2148
1544
2544
16
40
199
877
2560
2303
403
1258
1741
1064
1316
1130
1411
599
1260
2916
218
1256
1083
1482
340
1079
1877
272
2889
2686
609
151
1228
1488
1587
1654
2652
503
786
1142
1337
926
261
2532
841
1846
1385
729
386
390
1090
1028
1326
2106
1271
625
606
2392
576
947
1361
904
1739
1131
984
52
796
781
1129
3130
3547
1386
1370
1844
1792
1217
195
245
1699
951
3016
370
1092
86
2177
3151
1401
402
345
2399
307
1201
890
1420
1866
2852
1042
1548
250
540
1304
1643
165
201
2306
1081
445
4819
1038
1052
1733
371
1205
477
879
660
1004
1291
828
1110
2645
15
112
793
2333
3405
1001
694
328
877
1603
1575
922
2299
942
74
1302
1793
2671
2568
120
954
1384
2947
1304
118
3943
3105
1466
329
1673
979
954
1395
1187
1900
1778
1558
2341
1451
2544
991
87
1223
2444
896
610
1180
582
619
1656
397
225
1012
1067
1543
1008
2191
194
874
3942
619
2500
877
1794
76
2511
245
1668
4116
2062
2437
2636
2179
1185
1244
262
2049
4353
1551
54
554
2736
1033
3845
151
113
1882
3215
1474
637
549
1231
1147
319
889
1409
1594
449
2164
1409
714
2199
654
905
1706
1015
2704
479
1568
1383
843
543
1038
764
3435
1418
803
41
2408
752
524
2171
2736
1870
1185
594
3005
2094
183
854
593
1582
2279
2552
1820
1496
93
800
1792
441
2172
1053
3246
1784
1088
749
216
380
435
622
1127
263
455
2359
1136
792
727
4100
734
2592
1146
2026
486
1172
571
2628
560
4265
2013
1643
1181
730
1134
667
1663
2567
2457
2679
2285
3585
730
45
1420
1896
1847
3492
2464
2280
1137
991
871
3404
1583
1195
1717
1443
549
2593
3087
419
1204
173
2338
740
331
1566
10
3780
2317
361
2716
831
2605
708
1593
1736
782
633
2560
322
490
1921
479
2353
1372
1212
833
1032
1208
1126
6
364
1924
299
99
1292
710
70
860
448
2605
1090
2759
740
396
1427
1397
1241
1667
1689
884
2014
773
927
44
3635
1212
2626
680
156
2309
3429
679
249
1507
2193
34
717
1605
1179
997
1431
1399
1695
371
1153
830
2118
1982
2492
271
2610
1246
922
4517
2149
877
1235
142
1564
3531
1771
1057
2328
2027
760
527
1875
1086
2620
211
1609
953
2313
3585
1914
2052
2179
413
3080
1974
1611
1118
2745
2679
2516
916
698
1462
2017
1554
2096
1897
1643
2707
639
417
2363
434
2536
30
1999
1420
2125
2428
1069
1908
1325
1014
3761
391
564
3031
1088
3192
1856
1996
2465
602
1085
858
100
301
1040
2182
2975
723
1588
2110
189
2256
3814
1920
2895
4522
277
1421
403
3236
3063
1337
1612
889
904
1036
931
195
2398
1841
577
928
2258
2807
2438
559
735
706
1778
2402
2834
275
2578
772
1000
1785
1587
3417
1764
891
365
456
1051
2120
468
1712
1148
2426
2154
2033
706
2565
891
3627
998
2731
1020
124
1950
2500
182
3314
2249
1880
1420
1183
1670
297
129
1021
2187
1264
2620
2333
2427
672
299
982
1826
288
3781
4787
1181
1622
2491
509
2583
2338
2502
2561
2727
1741
352
1964
1584
3158
536
603
591
673
3910
36
1842
2052
4109
510
880
1486
958
2062
1846
733
902
1310
861
1790
2793
390
755
699
1741
918
2293
943
316
2052
429
1476
1317
4459
2804
8
545
1262
397
3177
1738
1591
2424
2081
1184
1299
2172
1437
1775
1822
431
97
426
531
2591
1095
212
1476
1745
3022
6053
111
1260
2536
343
863
1984
2281
2454
997
312
3803
3571
647
180
613
1643
800
2286
1752
2167
142
1995
1327
1627
2635
297
565
1872
788
831
1948
579
1411
1741
1524
1603
1232
1706
1082
1663
3504
5
1523
630
161
1174
1694
2122
1897
600
1078
1298
588
28
1329
736
1965
880
1467
3536
2061
534
222
418
603
915
3139
1115
121
467
559
501
882
202
2569
2038
863
6691
1083
2584
3084
1379
305
466
1307
797
1861
2266
1065
2168
978
1156
732
402
2714
1805
34
3159
514
151
1026
1839
130
1179
2786
218
1782
1320
2669
4370
107
2644
501
2050
288
1280
665
3106
347
647
1399
934
632
435
718
1676
1326
17
209
248
1295
2442
2795
999
1456
1760
1079
1314
409
67
171
3788
116
348
830
1889
1084
2177
2189
361
660
1454
1294
4046
1368
5255
1114
2636
2231
1348
279
100
863
825
6122
717
2080
1921
1719
2518
1350
2119
1210
151
2053
733
4074
70
4743
1228
2197
3622
187
3559
467
3757
354
1981
1450
1734
1284
4216
2423
4404
1491
148
1574
894
692
1930
915
73
225
1091
1966
1372
1206
7
477
3084
429
1780
699
2032
5672
1383
462
2922
2264
2650
3547
1676
282
2890
2933
2339
1370
1010
246
799
3635
2053
1290
1873
321
1509
1249
1018
841
2244
727
1380
1898
3389
1418
1354
2862
6
3129
2524
2640
1158
667
1420
2914
1111
1342
1334
860
2065
669
502
393
435
2443
1415
1836
696
1239
3429
2338
2334
743
2876
35
2145
1180
678
1606
594
3145
1222
860
1269
1508
2124
1476
1203
2380
1594
2703
195
921
567
1972
2304
924
1479
2212
1526
1038
1112
2300
1416
3851
409
2907
986
3167
1168
1524
3012
1365
1579
1825
1798
4801
473
1680
368
2361
2360
1465
1373
1420
185
2582
2936
2442
363
2303
623
1331
1675
1460
888
166
1847
220
1655
583
2396
2826
111
180
1786
1233
1240
549
1239
136
102
125
673
1107
1423
1524
1619
378
1318
1676
151
1392
684
902
1544
190
1479
1307
822
578
1204
2681
1963
1528
2909
1342
566
521
1719
199
2057
2179
3747
1087
140
1623
426
925
993
1386
1383
2795
1744
611
118
2542
922
2952
1996
370
2217
1266
1294
2230
2018
2607
2812
1013
2775
593
1659
1947
1226
782
2455
723
17
751
310
1408
184
785
828
1843
1353
1084
2384
1605
3078
2018
4298
507
1079
418
4429
1212
1184
699
1783
141
1204
410
242
100
835
1924
869
2162
159
3118
1947
671
2623
2488
559
1144
1983
2476
1535
1123
2174
2391
386
2311
2057
2346
635
385
617
1583
1100
1085
904
1056
62
470
579
877
2286
3229
1643
688
647
1592
2000
1497
265
799
2517
132
2807
863
1365
3142
634
1757
1246
917
732
4476
2695
234
872
1782
647
1288
3232
24
1770
2658
673
1172
480
230
1153
548
1384
1569
2231
767
2644
3667
6
375
177
189
3386
1078
1894
1863
2194
563
2361
1191
1414
2687
437
4741
408
3204
1176
1509
2856
1310
5484
2130
162
3397
2967
1609
1954
2233
588
1410
1644
1824
2109
1518
992
1365
3146
764
3124
686
842
1788
648
173
1282
2242
1511
2828
1527
3355
1764
897
1901
3064
1582
1590
2522
2189
1686
1154
41
782
1152
4078
2590
902
3220
566
412
399
686
787
1528
1235
3881
533
1300
2511
1246
2459
923
682
1847
3437
690
2314
1722
919
628
576
3479
620
1167
1248
1937
1191
2306
2031
2156
1747
2287
1606
1720
235
2033
2210
2699
2176
2363
893
1799
1801
1197
1406
2908
278
207
1569
1435
1415
977
1245
215
689
1242
1223
62
762
1012
1133
299
1004
597
1530
131
1284
2728
1839
1642
259
2355
999
1404
2094
1341
1444
1112
2743
707
1820
972
1572
902
1946
2401
290
2631
3393
2186
888
461
907
1579
2453
1785
426
861
5
586
1105
993
3281
1835
1288
1064
313
3234
545
444
787
1884
1388
1435
1317
1290
60
2506
2070
1384
179
258
2462
34
1348
1930
204
1463
2728
1167
132
2512
1557
215
2639
193
1342
1127
396
1519
404
401
1604
926
4730
2083
2662
1582
929
1845
1388
3555
211
519
1568
4558
261
867
1913
2284
367
102
5293
637
843
1715
1679
510
917
1681
1100
1199
551
1210
878
2801
1887
44
683
1488
335
395
1598
1166
3493
2695
492
1211
3657
1305
1901
1175
2550
1405
811
2001
166
1185
401
2109
1441
1108
1527
873
1859
3341
229
572
698
677
1986
1965
1571
1526
2710
793
777
2481
708
359
806
1470
960
1974
726
1901
411
221
4213
2390
2298
284
672
1144
313
2014
2734
1517
470
748
1034
1147
987
1921
2037
794
1977
1763
864
613
1860
936
4013
635
861
431
348
3144
591
1249
3232
654
286
740
2275
2520
598
210
1543
406
715
619
1337
678
2616
302
2936
2821
1773
2733
1151
1140
141
677
1743
1851
770
1013
101
2754
1768
2255
795
32
1438
2177
343
354
1675
11
1754
314
655
1931
1336
2159
359
2186
2310
5
2867
337
1063
2341
773
2326
1445
2115
2022
1418
1447
468
470
2584
1729
3790
2598
116
959
3329
1037
111
260
756
452
844
1613
32
5781
2601
354
1697
786
1055
3274
1651
2023
2382
189
507
3345
603
353
1155
1418
91
700
1113
1448
658
376
539
1198
1625
971
2968
3111
1398
1222
745
825
1514
516
1009
2974
2098
1311
2867
182
2114
3168
2444
382
1379
2585
2176
226
1207
1187
139
298
1241
1303
242
154
1229
652
668
613
2300
1062
832
755
1315
770
1877
115
908
24
804
315
4419
1239
980
2490
5940
507
1348
138
985
447
3072
2125
1190
252
461
650
1658
3592
2379
243
2453
3015
2472
145
1740
460
2153
30
96
976
336
4231
38
2293
1203
2725
2247
2103
1323
2793
982
2476
429
1710
918
645
2225
381
4973
952
2347
2890
556
713
848
66
755
1439
1772
1376
2303
3176
2953
3224
1834
394
2368
1601
2584
1872
590
481
124
1085
319
805
5
828
837
975
644
165
300
1040
3269
1536
1392
1959
110
689
3959
1950
1008
155
108
171
1571
669
376
2057
549
3073
667
3122
143
168
378
241
1573
1502
1758
1253
553
5211
1718
2018
2650
1598
2502
3563
1722
1760
935
3957
1893
74
737
1395
702
653
247
555
1066
42
1916
196
2680
2779
351
1542
993
1428
2512
1771
1103
853
94
1103
2998
2563
1367
3823
1462
2819
1647
365
208
3307
1927
1186
1355
1081
2695
124
5014
3760
4838
234
2728
520
1096
341
952
68
117
1178
170
2365
2391
540
723
828
413
422
963
1295
238
361
146
1489
2924
3124
3108
4153
455
202
284
814
404
913
1050
2414
1157
1423
1994
1234
231
2627
168
704
726
125
589
3915
1526
857
1961
1984
1771
164
2704
878
1109
1237
208
1866
2359
176
987
260
2987
4098
1074
832
3118
70
3340
2832
1360
2150
67
1957
37
4001
453
2565
196
3031
1596
2775
606
3055
1067
972
207
3519
1367
1398
810
199
823
2337
999
1540
1789
219
1852
1608
719
887
1739
3030
2562
534
119
354
2061
925
1539
1859
1335
2379
459
691
1178
1923
1196
843
4176
227
1161
2476
1168
663
3762
3412
1979
858
220
1832
414
540
2459
3136
1189
667
718
1060
3799
760
1884
3663
478
1033
818
2756
3790
3788
463
641
1397
734
1968
153
1472
1843
1343
268
2043
762
2118
1368
458
552
1274
167
976
2082
1848
14
1913
653
2555
2260
709
2147
675
1004
489
736
1256
1011
993
394
1010
1883
1481
1086
146
2194
2077
4096
1805
1303
616
323
1722
260
2365
886
1246
616
224
2417
1839
638
1732
2088
451
1614
1984
684
400
335
353
1732
1701
3159
1851
1903
1164
1457
445
6078
469
653
1730
408
438
3346
53
298
662
2117
1422
1704
1666
1423
1831
720
1118
25
414
905
1595
460
1899
4
1386
2232
368
504
1141
918
1599
1107
2844
109
1845
68
365
932
507
3328
85
1701
1532
948
1195
135
1106
4505
1183
668
1443
604
1708
1777
868
1401
460
711
2420
781
3188
1376
2601
580
1235
453
208
3114
585
1551
517
1736
853
1573
1550
587
3402
2370
1002
1926
583
2849
1543
837
1218
4143
2856
1969
2158
1512
2846
530
3372
889
1813
995
1088
1172
1913
1121
182
6206
1281
3219
1380
623
947
189
990
194
1431
1712
763
1667
2807
1150
2405
1653
1281
1588
646
2837
73
2665
1287
353
898
1115
1164
188
2975
1765
425
1116
37
1227
1035
2692
2099
2544
1560
2174
136
2061
2411
1212
2634
1270
2519
1542
1704
1877
736
3134
718
3425
774
441
1757
2817
6
2349
1259
547
3152
1271
725
1334
1562
829
1976
441
3433
3314
1103
1803
1420
275
1054
981
2759
150
1024
5132
1581
386
121
1499
1442
79
1673
2117
553
164
1330
1056
2092
592
1722
3704
413
1387
1753
1116
285
1211
895
2885
2756
3842
1006
254
2445
464
2980
1853
3856
460
2843
2997
1048
347
2745
1034
886
286
1509
257
1534
174
1509
1238
1370
1716
2326
1348
2154
2397
1500
1647
1327
529
830
1089
517
840
921
1908
310
1413
2879
1012
2388
26
2840
3722
2729
292
2270
671
972
239
906
836
845
1564
1284
561
2893
2385
3524
1254
1852
2191
1562
1472
1716
1016
487
372
869
2179
2341
3516
1981
882
2646
701
2339
955
794
2459
5967
239
1144
129
1106
1492
909
1347
3152
3456
192
3794
99
2468
725
1619
1303
3424
1458
913
45
1924
797
38
4072
1225
2483
1618
2889
1728
778
548
1281
2840
396
1252
675
81
2589
191
1560
2927
21
1855
3251
1104
2155
282
811
1233
2052
1048
2735
2907
728
139
204
2461
678
1171
173
574
1530
1709
2285
2646
2330
1113
503
1055
4278
128
979
112
2156
3062
684
1835
827
1477
374
188
6
299
939
707
2829
2024
2980
49
1233
402
83
846
1475
2931
740
4051
4163
1548
1218
4399
1194
2859
3251
152
3297
2951
3080
797
537
1626
2142
912
293
1103
2116
506
2349
727
1354
116
679
2292
341
1874
2883
1872
586
1837
77
611
282
1543
84
1359
606
333
1310
1120
2044
2193
4341
627
956
1569
115
3002
929
2183
273
599
1669
66
1146
1304
271
1292
762
1093
136
316
2338
1104
1670
1842
905
260
1999
3757
3457
839
190
878
407
591
224
102
1109
34
2580
2776
613
2760
616
575
1281
1678
1371
1193
1867
31
498
464
842
1903
1147
1079
1707
4382
2559
2473
872
766
971
1717
4036
1499
3283
913
68
425
56
1343
1201
1545
317
3975
2839
395
543
116
860
3477
3233
2948
675
767
1553
4258
564
1337
2037
936
168
844
1884
2862
1340
1737
646
1715
2029
730
232
344
958
372
279
47
1524
337
817
898
1882
1877
2920
1621
1170
1753
661
724
5234
790
1204
2511
2647
2200
393
2212
6564
1059
2112
1467
2925
1866
284
1173
1997
126
1151
1723
1871
1766
1253
2114
1107
2851
747
1238
1245
752
1266
1429
828
1083
1305
1948
478
1903
2929
3862
246
1888
1612
1481
2382
484
3285
1593
67
352
1524
1602
1758
3368
406
1598
1225
832
1095
2054
2411
1021
1746
597
1681
1020
2699
291
1593
721
2066
2453
700
498
1496
153
2274
1978
569
1601
339
2249
1592
2759
1176
1649
1166
532
3649
750
251
2158
2205
3971
1915
2206
2464
2683
1809
1050
2740
2374
1582
522
1722
213
1082
4060
1920
1101
3271
309
697
1603
5348
700
82
586
3173
1215
2243
1496
2154
2630
1286
265
2034
3941
1011
2906
2225
337
2246
1605
1493
3620
1186
2522
878
1118
2637
1139
833
413
305
506
76
1159
127
2863
726
4171
3111
2691
617
3256
2340
2560
2138
83
2864
69
687
1432
1285
3170
1348
1594
1266
320
2268
752
698
1332
735
1767
1076
364
2600
643
2066
1282
1609
1636
2925
1152
1455
1910
1485
3521
2076
754
442
399
1520
1863
1535
5350
520
823
1197
1950
2098
2353
902
1995
857
886
1503
2261
2072
1086
160
1456
155
3816
943
4019
1480
57
1295
252
181
1276
2407
746
1874
882
2133
1954
2093
632
1914
4198
279
2177
1524
2587
1432
2509
944
2190
115
862
1246
1854
717
3700
224
827
516
1207
1997
1568
1045
2043
1524
2874
211
2109
1199
1566
162
1044
564
1160
2743
680
2015
3407
3381
475
2596
668
14
566
883
266
783
82
667
1349
3131
486
1081
2778
2596
483
1538
1516
1871
2400
2189
2018
1619
2437
802
2833
649
2547
901
2567
1785
306
858
1117
2516
2307
2711
88
817
1642
4403
734
3894
209
1384
1787
1032
11
1683
3226
1535
848
3197
719
659
1258
184
1337
921
2153
2096
1754
1921
1941
1667
327
650
2616
2761
1343
475
616
861
1061
669
1745
2004
2381
887
222
1644
1380
1131
1820
1014
2275
1399
1012
1943
102
1450
798
1162
258
382
1702
2244
2038
1642
662
226
183
2614
4310
1334
2152
1022
651
2062
2702
2124
184
1586
423
1006
258
1070
318
3082
1744
2304
1465
1151
823
385
3261
1224
1809
1446
418
1924
2547
2578
2309
2198
1861
810
1990
363
697
140
800
1973
109
2201
3625
1755
1623
683
542
2027
118
1589
1847
852
806
1625
1005
1995
2283
2656
894
653
884
653
1217
516
2577
1442
1537
1609
697
2180
927
2845
3287
2613
1381
1162
1612
1352
885
348
71
3743
1751
1740
1011
727
244
3025
3653
1800
1274
2766
808
1120
1987
3631
588
726
570
2542
934
2132
825
87
2631
514
43
1006
2011
1828
556
410
308
1536
4237
1234
2062
1168
1366
1286
672
4209
634
472
2787
1464
2241
10
727
1474
273
86
1405
929
550
2853
1417
1060
1765
4020
931
519
1770
2274
587
1002
1897
111
720
1411
3258
919
1362
2543
1222
1427
681
156
1091
4328
4237
1455
2398
234
1602
1088
1265
1211
714
1325
2938
1131
1745
4245
1277
419
2310
62
2806
3604
786
2928
414
492
1617
1797
92
1837
269
762
28
92
526
614
2069
369
907
1502
2966
257
3468
573
65
733
477
157
704
834
3501
1732
115
1965
3514
1871
1584
654
4195
1435
270
399
2711
1608
1833
2278
1747
895
602
504
861
1721
2454
179
1085
731
1268
2520
415
2141
3038
2592
814
1945
2114
243
99
717
4857
1578
2542
72
1371
980
2092
2791
1175
1285
1004
2558
1469
1093
2870
1471
2845
834
3525
980
173
651
2914
263
2776
2189
200
1705
1706
2771
2291
2014
223
308
3349
1052
3736
211
2128
492
1874
1273
1271
1007
2077
489
3811
691
274
2907
746
1696
2865
1027
3195
677
3205
533
854
708
1206
1113
2214
2432
762
312
2143
2294
669
1396
1066
3450
2204
1492
964
2631
59
682
1183
1284
1162
1990
2428
1734
3884
1764
2048
1087
572
1950
426
574
1711
92
1136
2459
289
70
1620
592
911
2245
1292
2357
686
1210
593
1669
3159
3334
3411
517
779
1121
1493
777
1841
1491
2495
1874
681
524
2259
505
1370
2873
2323
2091
724
215
199
3842
655
3843
494
3283
419
658
623
2496
1182
1048
1166
2601
1429
351
620
1244
3736
1586
2001
458
1483
1137
1525
2505
8241
1386
3165
1895
3
3144
2518
1734
3199
2609
26
676
76
526
3600
2142
2795
2258
409
1875
1125
4942
2074
510
3710
1394
1104
174
716
910
354
2135
483
1904
19
1678
2232
2250
160
2243
734
1968
3423
933
9
1727
2869
37
760
882
132
1363
368
2803
2205
5592
157
2017
39
1575
2074
1272
3003
458
908
2318
867
1398
288
797
1258
265
1785
695
410
2307
1328
500
1481
3326
1472
454
159
1003
554
385
717
1157
644
1155
653
553
4213
121
545
101
716
211
1143
162
778
9
120
675
537
2725
1219
953
2123
225
2466
1245
2169
410
480
1467
119
1361
510
1227
899
507
1691
2843
1310
5034
888
1940
774
2162
1179
735
1030
1725
1186
823
1670
2507
1328
2346
1266
732
141
1197
757
1450
2120
2464
621
138
3209
4195
1087
2599
463
2417
407
414
1161
1804
1821
1730
768
1828
1319
117
3258
590
2509
238
2093
467
3329
1385
2111
3370
3820
1866
2691
1267
3569
1960
533
190
1389
2780
1743
1037
513
1707
1199
189
2657
306
1127
1475
24
2543
572
1848
2566
3470
1119
3011
694
119
490
42
3225
859
2040
1402
1914
1819
661
647
774
2470
2722
9
1834
2430
3329
4005
455
83
2094
1079
1554
2500
872
39
2630
2030
123
759
2745
1727
1622
1318
743
1502
1910
1695
2321
145
3286
4008
4144
1484
689
989
2735
3754
4086
125
1697
2333
1956
1429
1423
4485
908
1723
349
1675
3231
949
2024
3457
2742
876
1656
1442
1975
495
1168
2494
1357
1300
2037
2429
1243
2816
129
652
191
266
1247
1246
1827
1768
308
528
1681
674
2373
3150
1304
566
629
2064
468
410
3544
3448
3286
8
362
1412
844
295
2305
3212
1006
1928
270
672
917
2288
2743
1239
439
1629
910
1461
1529
1543
1735
2398
1182
2047
3228
2843
2634
536
1628
2045
525
1586
2055
4670
389
2031
3260
1677
1158
1249
647
200
3098
421
1793
1387
3365
220
781
1130
2280
1573
1890
2003
1905
1030
1680
3931
403
2097
1803
250
964
377
2568
760
1400
118
988
1331
940
1489
466
2958
1393
4257
2532
1331
1976
1294
1823
800
2582
1790
3727
1677
2006
623
2229
3025
1612
2615
635
450
1989
2083
1018
1994
3453
643
1420
2612
434
1803
1455
1599
1932
3569
279
594
1781
1004
936
1460
857
1641
435
2811
200
63
2002
34
819
1789
2538
3621
3184
5664
3729
