4D 	 failrate:  6.9E-4 	 Fm:  811.3944	 且最后的Fart/Frt:  0.559862136	 Time :  17.3192

79
52
224
15
482
5
44
146
266
539
227
116
549
740
1010
167
920
976
212
871
1013
359
339
826
344
1315
451
143
84
1167
865
59
83
210
805
1618
55
558
90
1338
1156
41
806
1482
767
1570
30
625
385
43
1065
73
1016
83
904
70
1028
964
834
76
496
933
491
794
475
268
131
1735
1127
452
469
243
1051
151
36
596
834
648
1950
2310
399
306
317
345
3067
1422
431
50
1408
573
74
382
16
1142
385
1321
1219
126
2679
156
143
190
1790
1080
1382
1635
490
1337
22
769
888
168
547
279
1845
225
1552
5
151
944
525
540
1148
355
226
1904
2101
428
12
4251
836
378
451
2538
177
2039
805
226
1267
189
330
132
130
1265
650
476
2154
314
1507
699
515
557
208
50
1540
382
1070
568
349
178
415
1290
1213
414
1370
962
472
1658
1352
255
670
2222
891
1105
1036
679
129
96
680
267
238
102
366
1649
419
77
316
202
550
2307
503
834
254
1855
743
331
842
1355
1053
1305
352
594
450
67
560
786
1044
1118
188
1325
1058
44
1065
682
587
522
927
869
29
1061
1950
170
863
2112
314
1646
1481
699
539
144
840
8
10
64
1045
232
2507
601
852
306
752
748
1324
386
813
227
34
98
879
575
872
796
154
508
72
110
694
843
821
1748
439
1041
477
952
308
91
5011
969
109
816
2908
1482
1188
170
674
1293
5
1028
2243
572
583
159
322
597
2673
413
56
1394
81
471
558
145
241
172
400
563
801
176
272
3
2701
1526
516
386
730
642
469
807
681
91
414
1686
878
308
1047
31
14
637
795
1055
42
36
3149
676
1289
705
578
135
2216
243
545
556
581
1044
602
721
113
1220
1504
2940
284
796
3
232
881
124
2535
2163
987
712
1849
991
377
444
555
166
357
46
1400
946
258
1020
301
237
1418
621
229
488
293
999
1021
187
593
727
545
1199
817
248
1172
3309
57
511
481
51
221
975
89
8
1688
3195
35
4538
447
1490
2217
695
4635
2011
251
20
661
1163
358
2107
336
1010
2314
75
2496
844
107
423
846
1025
92
38
176
451
1266
994
1009
1315
412
92
611
777
1109
630
533
523
148
609
198
222
859
23
842
448
504
320
1152
244
1429
94
1361
396
215
1491
458
1324
651
1917
852
777
635
1657
1403
185
839
501
1890
3642
1648
435
179
463
1078
947
1501
25
1011
272
14
1559
2850
118
319
800
438
281
834
1911
608
977
1095
2068
415
483
105
136
337
103
148
77
152
4
596
678
99
849
1059
48
775
610
62
1185
575
499
1347
950
9
801
151
189
860
678
648
854
493
397
267
939
11
295
761
837
304
454
920
979
532
111
319
627
502
1708
78
2613
1138
174
1327
419
540
378
462
120
462
475
99
3230
685
1050
311
1734
1044
133
819
714
4091
141
1026
120
1899
481
2015
161
96
3403
865
70
309
862
3376
523
1177
162
105
633
383
104
2240
4
405
83
644
91
332
1712
755
192
164
607
1221
1167
1747
1817
698
97
174
681
1548
3046
1366
1651
1699
401
2395
201
401
1321
3879
184
59
27
334
1048
1238
498
1333
1065
170
599
1109
459
964
1088
1724
2971
34
453
60
741
405
59
433
83
379
180
191
333
1868
247
166
616
1069
179
1695
2207
576
444
2414
1391
1190
139
516
1015
499
466
13
103
295
657
1311
839
161
1401
214
1013
587
1770
110
376
302
262
243
2041
35
269
2105
103
244
117
271
411
26
131
1022
7
618
1107
778
124
113
827
163
247
331
251
318
2548
749
2006
690
347
871
1069
474
1515
759
425
477
138
447
1887
129
239
915
680
740
3
313
325
1776
197
136
297
2267
269
606
765
129
185
230
182
64
415
63
4117
198
99
429
155
2270
134
929
401
79
559
10
34
632
170
240
1186
1552
71
594
1493
357
95
1599
3784
19
723
38
1992
226
568
1547
2448
1444
281
318
1779
161
1541
280
1019
291
1226
3162
86
173
1004
162
91
879
358
672
186
3039
2579
2377
120
1419
1091
271
187
449
838
1058
309
578
1323
119
276
2832
564
3184
1290
609
245
620
105
1681
2230
3436
2046
299
181
124
687
236
3604
986
461
1063
908
125
326
198
88
243
438
1205
272
551
2336
554
1260
587
98
1356
1564
320
873
1238
165
1439
753
708
668
23
1135
1002
1078
70
287
154
1390
95
1877
1182
841
1397
155
412
1113
280
1806
561
844
224
104
92
359
366
236
1875
253
811
733
9
80
1251
114
29
535
905
459
724
474
65
526
384
298
426
517
1884
2416
1201
866
113
2687
834
3543
867
1318
493
1261
1670
441
1445
588
682
75
119
2005
368
869
648
16
28
1298
2196
307
679
151
1153
618
40
398
1641
1103
2565
67
112
542
605
129
96
105
2893
26
1002
9
1675
352
2409
763
336
1445
154
1085
661
816
230
355
51
1300
479
933
2211
3566
2624
3848
677
709
601
2767
340
103
745
1173
1250
304
2110
1479
485
97
2464
769
2686
776
4400
237
688
388
218
747
210
1547
351
571
109
109
1346
618
3330
1847
60
4563
252
23
1092
459
831
265
202
2138
2236
620
873
82
707
316
9
62
2466
1430
869
284
1031
524
213
241
481
1022
666
244
2396
54
525
1851
669
1157
695
364
2262
893
527
329
2268
309
782
1448
339
944
1687
1287
1713
2298
426
569
989
1128
280
1163
140
155
154
58
219
131
333
755
439
1041
103
153
50
160
218
3274
120
2096
701
1258
661
98
128
347
1134
184
573
147
2270
810
574
1478
735
248
363
1313
1000
1784
336
51
394
1257
2050
1012
486
791
216
771
1299
1410
246
141
246
167
201
361
219
1263
189
497
912
598
321
1745
421
642
203
19
308
226
582
342
137
1529
828
1900
2255
85
238
443
1547
349
463
81
841
685
927
384
1209
4722
679
7
325
8
1951
328
108
736
199
147
116
314
1168
432
28
309
249
204
1059
1157
324
565
8
855
1310
86
236
663
398
1520
14
530
1865
1390
2806
385
326
48
427
501
349
196
966
428
180
65
10
756
1105
815
4
68
422
907
179
2166
39
1076
239
303
1645
1158
247
162
291
30
400
812
201
289
1361
1927
124
127
3
91
20
666
1117
1060
96
404
185
387
68
92
1161
1488
443
603
117
377
1364
560
1617
1202
2194
446
4174
358
1260
714
1278
343
121
1188
490
292
1296
550
1129
117
476
824
860
36
272
31
452
1018
337
2191
170
1143
2472
899
185
805
1300
266
3303
754
126
272
167
44
309
490
1064
62
688
93
201
206
812
252
1670
322
406
484
180
1777
335
182
595
986
242
378
5054
258
45
1068
1482
460
124
1253
673
42
2158
569
542
32
1311
1419
829
40
1469
2907
1078
121
2405
283
1819
1290
2201
1169
162
2834
3371
340
1686
418
82
469
1209
139
2518
2438
397
11
80
887
193
150
877
67
2116
316
1916
191
141
3827
236
654
533
1000
824
214
1144
154
214
241
728
818
14
1211
1409
257
520
1473
1098
121
763
1130
1113
2098
668
491
523
1096
465
154
890
548
972
1767
213
346
78
1479
3666
140
361
759
145
397
218
2399
1881
3072
4965
115
1408
1266
89
324
23
6
1203
1133
606
693
1243
584
952
39
636
89
359
293
619
967
503
29
88
758
49
2352
270
536
1153
332
40
1620
11
513
72
164
594
2495
1363
114
421
1388
1321
833
1263
593
2335
1600
1029
1332
566
428
1791
42
428
43
933
190
879
2358
1448
1070
148
344
2272
1746
2041
172
538
456
201
3600
865
245
121
2369
1860
1453
357
26
563
2884
828
1517
320
222
985
1904
459
77
540
220
43
575
1867
625
681
801
1145
785
292
64
1304
386
2076
66
553
434
138
724
88
1604
850
718
138
546
1651
162
919
763
345
179
780
889
570
82
121
217
959
212
237
209
1371
411
106
3665
532
1214
175
406
773
425
422
507
824
622
388
368
1774
650
20
67
582
238
871
178
59
223
758
9
715
313
398
283
263
1326
755
116
1636
407
903
970
1456
1396
81
1546
1451
1005
138
1724
951
944
389
131
1651
1799
465
483
125
423
1087
118
1345
905
709
49
494
271
1027
26
178
766
2013
367
750
272
2058
404
612
360
154
324
1020
1924
744
680
1107
910
41
2371
77
538
723
243
128
185
121
1260
1276
544
972
895
182
708
234
237
205
505
2128
459
279
2802
662
2799
271
1282
863
352
947
3566
50
147
968
370
14
234
227
708
526
2477
205
639
11
1091
316
274
1866
2176
152
530
114
466
1843
222
1409
221
63
1448
2013
716
143
54
415
55
966
400
555
1616
109
419
184
792
1156
213
1459
1215
1070
122
2996
513
60
526
500
2086
2401
97
199
394
248
528
983
534
289
265
281
265
744
275
1723
1303
235
3
901
790
266
153
860
1606
856
272
1810
910
1062
826
58
1134
199
220
265
527
727
159
329
4212
1512
3067
72
1421
159
989
1771
395
265
285
18
2578
47
2250
585
538
1150
655
103
833
1253
1210
149
3
2
448
379
122
906
10
1168
549
150
2447
3629
1170
790
1313
4802
4698
4
52
356
683
787
140
875
163
280
1356
742
1343
292
218
1101
130
854
208
990
780
372
1041
364
241
376
226
427
365
155
2579
640
1339
701
968
693
2284
1458
162
207
635
164
114
143
943
417
2773
99
390
964
301
442
220
960
1682
1304
611
792
1459
108
1042
2981
1773
1231
919
842
102
106
695
821
165
2013
1380
196
466
536
150
1035
372
926
48
2489
846
54
453
421
788
280
565
79
572
646
351
437
135
1577
455
1490
125
21
2254
551
175
834
64
203
880
404
1290
28
2197
1594
93
3015
270
414
864
2599
947
114
84
320
57
6
972
675
713
39
2217
307
912
1143
140
242
919
910
958
566
214
341
416
1017
1198
152
794
2394
254
57
313
517
132
509
156
146
1437
1084
1785
45
543
522
1828
986
160
877
587
540
2437
13
3158
505
653
221
197
117
230
41
206
954
71
1188
1199
2381
1906
613
625
130
648
467
1545
583
825
899
1049
11
2496
1184
546
1451
278
895
1264
158
2520
1850
512
1285
309
28
106
199
286
886
1288
238
1012
970
288
84
1706
334
451
5
204
16
809
1051
247
228
440
842
402
502
1272
2109
1207
726
478
219
115
377
507
3063
482
1257
440
300
1796
16
128
266
421
909
185
702
589
704
110
112
757
2558
612
48
1907
462
954
547
58
1838
229
1910
556
184
724
70
808
2990
12
974
62
372
614
489
1861
1560
371
137
58
1243
228
2690
1229
158
783
377
514
1730
387
399
271
15
609
536
531
144
528
2365
2206
519
533
2815
1384
2211
1441
160
598
1274
519
369
885
239
61
228
1225
360
519
10
1479
2369
221
1724
701
1416
87
679
165
1026
643
91
164
419
2067
625
427
2379
395
24
148
919
471
425
206
2164
66
121
1057
1467
1266
458
874
746
265
1213
723
249
172
822
1093
1161
493
366
2180
1806
56
3471
952
56
197
67
879
277
532
620
933
283
1123
5
416
2498
213
1691
402
1134
1676
1337
1082
938
1665
978
791
1087
35
749
357
1175
16
481
1741
701
308
1711
75
1022
83
892
444
847
352
314
555
234
287
1693
426
382
1523
282
350
711
117
214
7
387
233
55
76
1694
103
1385
1513
435
864
466
941
368
796
1719
2390
307
1288
611
89
52
624
243
442
16
1024
113
1343
541
231
1105
806
88
122
216
672
527
1235
215
613
1879
82
453
245
396
1164
790
324
215
2128
2034
1413
1596
319
1580
1163
423
1895
22
3
1745
696
492
57
774
775
79
2699
641
1271
1099
360
228
1404
145
2179
58
382
1192
555
393
154
622
622
885
539
1839
1313
881
845
705
90
1070
214
142
1635
341
613
287
305
372
4282
409
1296
136
167
954
1392
2314
703
491
1375
1670
67
194
638
939
1615
1182
957
25
534
2449
977
1541
209
232
368
200
577
1521
201
4020
44
286
368
1038
347
955
953
805
902
918
1451
1480
3995
620
1698
714
231
621
31
758
9
784
436
841
1092
660
934
244
1358
2028
2087
279
6
1320
825
92
1175
633
69
1044
661
347
241
2935
1099
1818
1481
1468
974
539
1082
516
2152
148
94
619
902
432
534
1397
1584
464
42
945
104
554
653
717
605
500
447
2276
911
245
699
966
546
754
788
201
1504
1008
1080
2577
11
516
70
1618
97
81
342
841
1118
502
223
1913
1795
160
87
55
174
2052
1067
307
763
957
2356
1164
377
142
349
201
660
435
102
171
1419
1148
3413
684
239
50
673
612
118
1133
33
798
795
830
602
135
3112
818
39
1014
1219
209
420
949
142
33
178
65
598
14
1795
220
480
349
270
311
420
62
2228
441
296
2558
278
30
844
1434
954
1837
89
1975
707
1962
1049
645
213
1857
20
483
1592
1361
47
1151
556
77
1032
1352
794
1395
775
42
1401
109
1623
287
2731
1053
490
2208
1774
182
22
3734
1496
111
908
271
426
115
100
1104
1639
159
3346
172
393
54
276
894
921
810
170
1541
1576
403
212
712
8
62
548
127
289
928
2728
1264
147
2716
1112
976
7367
1471
1354
496
500
2913
1048
264
1793
1481
334
2821
505
9
1083
1536
382
185
78
174
1617
1691
344
1081
2793
1975
989
181
399
116
2305
118
53
159
140
353
544
855
3123
872
1507
520
861
39
1897
1091
2297
52
1591
63
2014
1427
1515
365
768
503
235
927
456
122
442
535
10
470
1693
260
1011
2363
933
826
1420
1469
158
616
508
1390
1729
1967
719
310
754
638
1997
411
1061
171
623
514
542
457
1028
2770
462
841
162
356
410
27
327
1008
2083
1172
276
74
667
108
314
1395
333
268
544
2150
1394
1824
515
3432
1000
2529
1911
1354
317
688
200
854
597
386
466
133
249
2126
166
1447
1416
315
1095
798
44
384
90
110
243
1527
417
456
720
960
197
399
2177
1797
135
2579
478
227
1316
2
232
239
1613
461
360
360
1418
3584
706
552
1675
53
4918
271
132
434
989
2536
2307
532
763
142
19
1404
363
531
414
4861
652
2962
490
90
35
164
259
794
1547
1788
643
73
269
1909
276
32
27
937
493
3306
509
1084
1469
629
388
315
610
47
1013
1197
97
300
3105
1540
8
2342
26
2182
88
208
102
450
54
10
523
200
1603
132
116
70
775
890
756
2481
31
112
34
1076
2722
349
492
239
188
416
729
1332
13
241
268
1495
391
984
1049
1599
49
948
50
863
1057
230
2165
986
389
1045
629
2762
171
830
2619
997
689
211
103
1763
754
673
244
542
824
846
54
871
1965
533
1231
764
283
181
2
135
741
516
1300
1829
422
506
12
1375
892
824
200
219
504
34
285
39
718
53
947
1597
641
234
13
810
41
380
2119
416
3114
86
1531
1488
9
2037
760
1251
1928
402
483
560
307
231
917
158
160
85
1208
21
338
34
74
2439
1598
844
996
261
2209
287
982
3650
113
628
616
142
632
1394
1316
121
1644
594
525
1951
457
247
1031
57
933
720
2029
1005
1183
1416
1110
356
366
304
541
3352
473
125
351
542
552
227
3488
28
886
2125
1518
423
2939
1944
572
1667
303
149
339
640
311
602
238
383
8
381
1538
1047
127
1176
1296
47
798
2510
2561
1100
750
235
1322
678
497
161
258
114
787
1294
939
259
903
222
3516
509
270
359
1063
723
566
1764
1035
458
284
12
299
3011
236
263
336
183
213
548
521
681
2290
1273
772
1745
1506
741
1699
270
209
1004
308
152
127
823
860
1006
1433
10
95
467
143
158
961
1263
1195
621
445
448
472
171
755
865
1249
546
155
240
41
80
977
1537
784
496
778
903
140
568
2498
2039
806
680
276
34
2193
488
1347
258
683
1222
1657
717
18
1291
247
2526
987
1160
983
606
658
49
102
1392
280
67
61
1355
3324
451
22
1320
288
999
100
872
417
638
625
739
1019
1030
113
1190
49
517
713
1287
97
913
62
951
186
213
84
182
1116
1071
361
450
87
1237
273
715
959
164
1840
567
65
2201
161
515
1264
1235
2003
266
665
1146
77
1677
230
148
79
6
82
932
2033
399
19
280
781
179
140
328
1344
113
1221
405
669
683
1037
1990
478
233
579
269
1610
88
1038
802
1062
1576
542
1013
975
1011
1407
398
46
2
107
7
315
991
375
496
687
701
60
525
4012
288
634
2
937
1184
773
522
961
330
4199
33
974
2462
177
57
714
159
221
846
1613
393
538
671
623
1155
1916
219
557
56
441
1210
220
1195
1805
693
53
546
267
1703
641
616
741
928
160
123
24
3104
2597
1443
407
312
3599
89
184
3595
206
613
502
1155
1257
35
2558
1603
9
778
17
348
938
642
1730
333
279
1948
215
18
177
1287
344
182
891
664
298
1149
468
29
200
98
1318
578
319
1557
1134
575
217
593
1186
3556
934
378
24
403
946
520
509
1728
1776
4855
368
1937
127
798
833
244
1015
98
674
108
3725
658
192
277
757
748
188
3023
555
215
427
1570
392
1139
573
523
468
1000
2293
883
930
1792
163
546
583
611
144
450
1906
1795
1138
91
2088
2680
8
1234
952
892
1266
2971
552
549
1047
2439
926
118
404
941
390
286
1376
39
445
1497
585
159
1389
51
1615
307
58
50
413
649
983
213
235
159
2123
766
458
1295
871
1163
146
1199
422
239
209
193
159
1295
2533
127
258
846
996
873
611
375
1182
73
543
1018
1499
441
101
122
3494
3330
686
499
1961
939
1048
438
376
875
428
455
636
130
78
138
142
319
1089
152
566
1855
188
1106
930
1659
2195
261
391
198
639
368
154
4
748
30
167
149
2655
423
1211
111
1964
227
384
1331
104
9
240
572
1604
1179
598
629
458
116
1057
409
133
256
1912
2878
126
787
328
54
65
1158
157
2949
4140
687
1249
1225
4387
222
438
1076
239
962
226
358
244
1088
1300
2014
654
106
194
1612
1949
487
191
2802
122
1192
1634
684
104
311
1786
582
594
2690
3500
2090
119
724
516
665
147
29
637
536
625
266
446
1283
1004
1470
442
1
351
556
9
562
38
49
4
3487
797
921
640
414
594
917
321
556
711
511
1086
245
19
437
272
302
194
1123
79
1661
668
451
219
1105
407
21
869
1138
1495
302
424
445
578
4163
1792
1921
237
2221
422
1468
1768
1786
2262
1088
2267
14
111
2020
609
788
512
507
3990
154
511
51
619
750
1511
68
1387
489
182
567
1765
715
1516
1489
40
928
562
116
376
2553
592
1389
72
316
1713
866
72
508
859
3751
395
1635
194
101
166
612
146
703
381
1009
233
1129
481
1799
200
2883
857
816
177
1279
36
142
192
341
357
640
353
206
1345
215
747
1
1872
3482
1006
417
229
318
1776
68
377
208
89
473
778
202
752
530
2105
5
335
1712
1050
22
850
45
1018
853
558
28
310
15
2194
960
552
45
810
1386
1922
66
2515
2506
1192
136
299
536
328
329
1266
367
427
3981
749
255
570
124
1065
199
87
48
43
2107
1229
1058
1125
87
516
603
397
739
1365
11
268
195
381
1730
178
1715
1121
355
86
966
2768
1627
1634
811
52
649
1147
684
188
40
519
94
428
1140
663
396
6911
158
1590
1153
2403
247
1456
265
163
733
800
708
1274
1151
824
617
120
1091
1362
164
1539
603
20
3087
228
1436
69
120
311
389
904
1479
731
420
1051
451
436
159
14
739
367
1445
79
264
1528
1681
56
59
396
2232
57
1501
222
60
349
399
847
424
1089
49
408
729
160
1206
821
858
14
1393
417
6
873
862
916
234
3
1443
418
1484
72
1437
184
29
1681
885
286
519
550
273
571
359
160
49
1983
273
364
1331
317
3225
1868
573
236
563
707
486
48
168
330
114
865
270
312
50
602
2823
74
694
323
1046
404
80
598
515
640
505
473
252
216
1751
765
386
1085
151
894
4
78
228
1631
1793
423
962
529
243
373
188
894
1188
625
353
209
1114
651
290
1182
4044
60
89
2198
1938
263
172
335
1125
1552
75
1319
1687
1898
139
211
27
247
91
1953
479
3208
407
1327
1324
1338
76
544
286
465
2524
1400
327
298
175
1389
1041
792
613
1721
835
1202
513
482
840
80
742
90
1205
164
1396
918
1327
1407
109
338
602
757
708
266
67
1848
312
751
31
3679
12
395
20
280
1221
388
709
190
1263
723
1130
860
200
505
82
824
185
292
850
2002
2468
1112
1696
1094
1756
1115
455
269
266
360
239
585
453
1184
940
85
2425
522
251
1917
1956
1986
800
58
1200
320
749
8
674
15
735
1641
661
57
1616
103
383
585
44
244
545
312
382
649
579
128
2126
972
700
802
371
736
751
129
701
1168
3396
3739
118
596
1044
4119
1143
179
194
957
568
506
396
813
1538
418
1465
381
442
1005
13
303
13
1860
615
198
191
194
1873
935
1921
483
10
871
368
197
6
1066
2081
249
220
2220
881
521
387
1986
2236
1606
2182
250
751
394
797
1369
1355
4957
14
1237
2352
3900
87
1509
1393
572
581
2215
804
41
1754
4788
1949
426
363
647
384
3818
201
300
1019
606
1968
35
99
448
1392
316
130
2548
56
1411
370
34
403
34
79
2274
441
3699
61
1412
258
2602
339
70
1451
122
1498
154
17
2230
549
237
434
616
368
1005
330
315
552
679
1224
1028
501
124
1296
685
2201
392
707
941
160
137
1029
500
170
92
399
601
532
136
510
1030
1060
188
699
672
1777
98
183
2067
3093
726
109
669
29
1947
1509
172
503
1580
149
2542
204
759
1876
616
2811
274
977
745
268
448
587
51
463
447
1416
253
895
1747
1021
215
174
879
3138
568
2938
204
226
1762
399
1487
479
120
22
183
172
1036
305
1327
236
1916
381
22
19
425
982
640
1546
205
3589
882
1525
657
2149
147
201
60
259
714
745
1134
41
28
506
452
210
6
160
2267
2322
1229
461
1013
120
2653
123
77
470
105
2820
375
27
1501
1191
1736
265
681
13
759
2241
717
26
335
70
25
1602
58
387
1006
2665
530
519
83
101
22
152
102
2924
3023
12
871
190
257
329
674
24
186
1732
660
1301
3138
386
647
594
913
402
1209
39
384
1469
287
2210
235
84
424
1342
255
933
772
1303
1775
821
1086
510
563
1319
504
2
2228
741
1085
411
338
839
1126
2406
1004
309
1043
2801
229
486
584
39
205
37
2512
3660
139
1135
80
532
1101
106
411
477
583
192
414
1355
1656
2031
1645
471
51
920
81
115
81
1321
1033
2337
182
87
134
1057
611
1074
986
290
1414
940
411
1893
1394
1695
465
494
445
24
473
135
954
725
396
921
1061
36
897
229
996
192
235
1925
1492
29
790
525
125
227
1613
522
665
874
1864
329
1298
17
1252
234
278
40
34
29
1086
1904
236
637
1126
617
570
300
682
374
1222
1455
879
888
729
389
406
744
316
887
478
553
557
292
344
553
500
184
2407
163
804
754
689
204
623
261
1342
2735
576
103
344
437
452
30
506
605
2355
4
286
104
400
2189
713
46
2179
1242
213
219
403
1271
434
15
8
1845
258
640
1577
565
361
276
629
671
634
1104
553
696
1079
2343
88
1165
142
1431
56
1947
486
441
428
51
539
744
636
79
1027
100
1046
2464
283
462
980
899
868
306
83
426
1796
1769
406
957
282
878
456
424
82
35
406
263
1954
731
308
1108
269
692
1696
801
2081
421
929
888
1419
1485
603
939
75
581
84
214
964
44
3849
600
903
990
56
518
2803
293
625
133
903
244
329
474
771
468
464
505
258
161
864
4104
267
1158
1168
1126
1010
3576
3241
698
1620
1618
212
613
271
80
8
3302
387
404
347
559
230
2078
121
96
453
1341
969
692
1587
267
94
1316
1421
15
997
651
381
439
717
948
330
199
1141
136
124
240
1480
1959
942
107
1017
1887
316
1180
141
166
73
644
528
427
27
3244
401
1051
715
440
922
2097
1429
156
41
30
96
742
664
681
913
305
1653
916
879
813
1032
196
254
71
1401
1115
428
137
722
121
161
183
307
63
207
727
141
293
557
72
211
673
1826
273
1066
79
268
505
1313
2233
183
1107
927
280
134
288
1098
2837
575
405
291
1005
73
388
34
502
134
2941
115
515
962
4441
2
136
1323
324
1398
366
1316
517
2469
2185
3377
167
312
276
444
1283
3897
318
40
367
538
1603
1351
1715
174
3462
202
237
226
591
393
757
949
802
330
376
1398
496
1183
1426
1582
1629
427
1960
1167
1342
1043
1605
987
1457
381
1744
1036
1994
224
1043
447
251
222
2740
1156
1035
321
1696
643
335
98
1163
19
1499
415
911
205
1913
602
1244
269
1509
10
448
45
150
779
2277
2287
407
448
837
99
441
207
2709
123
3073
472
1575
1765
176
146
1907
381
386
343
386
80
1193
252
1262
97
15
208
423
1537
242
890
1698
2236
506
9
458
750
6812
586
35
214
1148
498
1507
3041
832
636
918
432
23
530
211
1034
257
1250
547
142
129
294
1431
5395
683
667
535
29
252
618
1082
404
196
608
1062
70
1189
228
118
400
112
151
2066
2143
102
13
577
159
718
350
227
1076
107
964
967
456
140
147
344
3892
1330
875
516
1080
374
429
266
314
1040
1020
1516
16
1823
1271
876
4119
810
932
304
503
871
343
1038
2169
1344
700
440
1140
872
322
336
1579
1607
544
293
279
1602
349
754
758
4225
1808
2094
3601
