3D 	 failrate:  3.68E-4 	 Fm:  1633.5308	 且最后的Fart/Frt:  0.6011393344	 Time :  59.6346

133
842
158
1330
975
1538
88
383
1845
1622
1602
2347
977
835
2003
171
1460
1110
246
2847
2167
749
761
973
3496
1042
1034
436
1316
3786
57
5
383
3035
3760
1240
3235
134
385
1004
1402
3839
707
795
1006
848
148
1225
108
2158
3947
1927
605
2989
3928
881
5302
54
87
165
54
3030
1168
531
4228
3315
1657
4122
466
4260
783
4281
164
2902
2931
1029
4464
325
1514
2818
1478
1381
1524
1935
3766
2213
3228
3486
22
2229
54
3790
134
850
161
3548
1311
3226
910
1939
4783
3803
33
631
1636
355
2351
1119
1803
1917
414
3793
3531
2473
108
1633
4380
2589
2492
1205
766
948
1013
143
2349
4606
6103
1730
3307
3435
2359
2670
3736
590
441
2748
4434
343
3537
1982
1890
358
2700
5759
105
279
4319
1870
1087
1595
211
235
2312
2000
3858
3254
2557
874
121
4566
669
512
1818
170
13
4662
589
3880
1899
239
3451
1960
1349
2089
5030
4203
1088
772
2237
640
1672
257
1484
3591
2131
2256
1025
598
480
1402
261
2312
456
4751
2360
102
684
21
699
674
439
283
4520
429
105
933
428
30
2083
880
254
901
1215
647
430
4429
146
2210
306
238
1236
191
2181
1220
60
669
2438
2824
126
1832
9
1209
843
48
1664
4464
2756
340
4854
92
2381
2062
3058
227
154
2857
942
3397
986
2077
538
2112
2340
195
1386
947
734
877
453
955
225
99
943
572
83
89
1657
105
3673
4144
1250
56
702
1545
3472
3438
430
3037
1161
193
320
2095
3002
602
72
4680
5794
1069
1890
335
188
4
1836
2212
1975
2902
1598
1926
2104
2222
1829
1108
345
4851
3562
42
1311
360
228
129
567
157
3004
828
823
144
2315
1717
330
1750
1545
277
1836
240
2851
2023
4490
1576
3792
1373
1050
275
2941
213
38
1897
767
663
28
1484
207
277
2161
370
1440
77
4600
1981
185
4226
601
165
1315
1234
259
1759
4201
788
854
4224
406
143
768
1820
1567
1707
3529
67
468
629
100
1144
5825
5665
4137
2981
2222
2765
3671
1614
1450
7037
1026
2583
213
2065
562
2932
416
4717
2556
2886
343
135
3107
1305
770
1095
3574
1032
2173
3167
1550
1672
2754
2040
2229
1342
1394
2814
5653
621
490
399
6344
245
516
1074
195
2316
5153
254
2779
353
1972
125
1829
348
794
3838
3496
269
216
1233
783
2598
1534
1878
1774
2349
3081
4878
1082
1736
400
998
38
3360
870
2156
1165
1215
1670
633
403
1068
3231
1240
13
115
3349
31
529
1148
613
986
17
548
2629
1342
6378
9610
1110
3622
2641
2625
5660
1335
3466
1900
297
1180
371
780
698
278
1244
3779
1868
2669
566
3673
1329
2030
2721
1273
881
968
622
3962
2825
1521
2822
603
1012
1467
1701
49
106
727
4172
1817
2947
329
493
483
587
2752
4416
2177
4022
4407
6372
3518
1086
941
1028
3633
5163
568
766
3898
71
950
1222
312
2342
699
945
3183
968
734
2578
239
2501
2288
1051
733
2707
1754
1443
1238
3564
1857
591
453
484
2823
1017
570
1018
45
3441
3385
2813
2631
628
521
1312
254
866
1276
1389
3909
2122
2912
4396
4077
448
2637
2514
3999
4893
2245
1353
1061
8
4227
52
1845
2532
2108
1259
693
4472
1644
449
7480
1785
1560
3287
842
4612
1498
1002
494
3788
544
570
164
442
868
690
2679
198
3021
188
1674
564
1646
723
1151
844
5583
2450
520
2551
811
441
41
2129
947
3550
274
1214
534
1004
1670
260
168
185
333
120
1158
619
6931
1530
2097
2974
7369
3076
3099
289
3196
1908
624
4040
367
269
641
735
432
2674
5139
312
2478
4415
526
4761
593
1225
109
2174
65
614
1928
1010
158
2866
1445
352
5841
5722
2203
126
218
440
60
469
2481
2622
201
660
2789
1949
5431
2147
905
2624
760
1550
759
3431
1027
62
2507
538
259
1230
833
697
1272
1564
74
383
1263
287
718
1789
305
627
831
2781
386
3609
1760
1799
4981
3477
605
4387
221
7
820
1861
121
1331
40
834
2144
2141
1090
61
844
1761
4831
3963
954
151
7588
2475
1489
1746
492
808
2446
90
1262
2713
1180
189
2581
1654
1185
623
1035
923
3350
1603
645
25
1310
1227
2087
2078
1238
2499
547
1554
118
260
791
492
4991
901
5538
6389
3452
287
226
251
472
1631
162
575
2886
1107
2163
4737
1075
2979
211
566
1867
318
1297
646
1946
2806
597
10
480
2118
28
342
1673
1175
3247
4611
4137
627
287
3494
2320
3558
449
367
512
1987
795
1441
946
318
1533
2440
5293
370
918
3374
1403
61
4374
5742
36
1306
2428
67
98
6626
397
10
3083
2179
128
474
1275
2866
692
6722
2546
6525
113
1917
2706
261
2835
543
797
681
2653
195
205
2631
42
2100
568
315
99
2346
2183
796
904
2700
422
338
212
1712
998
1780
2513
2435
1042
736
208
972
797
41
786
1110
2495
4393
244
102
460
604
1177
1956
940
588
2644
2967
517
2816
56
3298
3113
3347
511
1304
2074
203
155
70
1596
3003
3935
326
1636
1403
660
894
39
337
1146
2
1331
1343
2317
291
2270
270
6487
1861
1072
2328
2269
2208
2072
3953
349
2313
46
4461
989
236
81
425
2407
5453
109
426
798
522
3632
1680
529
3716
116
3159
2068
361
120
190
1296
784
295
1722
219
84
2412
319
2465
730
1706
1187
461
1125
3291
217
644
541
878
1458
166
1888
3862
4665
1353
3032
1076
953
1671
1188
775
284
2728
2416
10
543
1390
2110
167
1577
921
303
4948
48
5149
20
180
993
1
159
1785
2857
548
53
1852
1764
744
1412
4545
644
193
226
4775
92
2262
2496
827
1089
1082
681
10
972
876
1526
4868
359
2901
982
1758
418
2040
794
1704
63
78
875
547
138
327
984
2254
135
2574
1584
3969
14
582
1651
114
30
434
1870
1301
313
3096
4967
2037
151
3322
2786
78
1754
231
3416
53
432
850
1005
724
3198
1252
1495
2050
411
4988
3416
2
112
3355
856
941
2315
649
3386
1612
76
94
716
1352
145
830
131
1511
863
1603
1230
559
1924
289
326
2580
3442
3339
2911
1398
1674
1206
3502
949
2894
1743
665
151
3204
3396
1868
2637
1319
2988
36
804
2100
3957
265
591
602
1594
547
206
1782
5029
567
2569
450
11576
413
688
2690
3026
1807
504
420
2788
696
3045
2360
281
2942
684
4314
206
264
215
3919
1011
20
2500
4738
814
2510
1683
2029
664
3768
11190
3031
2502
817
1915
5295
1520
1844
4871
2620
38
3163
3
413
909
4164
7035
436
222
519
35
570
88
1728
694
1073
98
626
92
2155
233
3383
21
192
3122
225
113
317
1818
336
373
5367
1336
1014
98
1145
1006
1373
345
239
66
294
160
395
33
1014
1106
621
2130
111
211
3442
2797
635
3
822
72
5762
2204
1745
742
3426
50
418
412
646
154
490
14
232
391
238
6893
85
2827
556
1175
458
585
107
155
460
3010
2857
1693
302
2289
174
1656
997
2598
2702
1709
1171
3252
1063
308
1569
407
1119
933
2328
3614
2599
1544
2631
972
8079
72
191
570
342
1113
285
1848
633
1047
374
59
3485
5281
1495
735
671
3064
791
1848
1973
3538
4119
1139
3768
1822
67
286
1118
2890
877
3024
1998
649
2269
2589
506
2400
375
464
561
487
2071
791
2078
1395
5109
252
3275
3717
2619
2671
468
23
7550
1413
8098
309
3030
1014
129
4323
1280
8109
1631
141
2634
4621
3690
2476
880
585
89
2843
34
458
893
996
2594
2038
304
489
3475
421
1148
588
1695
2894
38
3145
1847
4073
2452
668
1405
116
2829
5424
60
130
2015
1894
238
781
2439
5270
1521
3662
2337
494
366
321
609
3643
366
1384
4243
1191
1945
276
448
2810
507
1392
253
4513
2
2723
1766
2232
402
47
526
1018
80
2750
87
230
983
71
773
495
3162
221
625
1290
448
537
2090
1731
2897
46
12
1922
51
1996
599
2404
807
507
2505
124
6486
924
1100
91
5541
2076
561
996
4585
540
198
1005
4203
1736
2281
1136
2438
1311
738
407
1659
6
1358
4197
1715
3597
3336
181
602
5893
2051
27
305
2244
3888
2766
2544
60
2879
1850
1818
3481
520
1716
337
2084
1105
1607
1405
171
2551
3456
69
3805
2821
1119
630
2302
1044
323
1450
1673
50
4666
16
865
717
2192
91
3248
1174
1420
3992
260
2156
3035
351
1452
23
3373
2211
310
497
2959
1884
624
262
85
3440
4058
96
30
440
2539
1613
422
918
3909
1909
5092
3191
299
175
1366
293
5980
5
4153
207
3772
669
4829
350
53
3384
1157
212
431
489
140
520
1370
1203
4204
2760
1739
2264
5459
229
261
2084
1547
1707
1829
146
536
1081
195
32
747
787
2052
3815
60
2422
1561
139
1466
1232
788
762
4724
1331
1206
4043
820
872
2150
5310
2680
124
48
1419
1157
225
3342
1802
2467
1548
3678
1135
123
171
5332
382
1063
88
493
652
1684
592
2583
1645
1506
4256
5754
4478
850
701
1271
4161
881
1381
597
700
1949
1475
614
936
1586
3594
984
495
27
1218
270
7071
660
2280
110
1981
4398
3849
1260
3024
61
764
2428
3444
7
1387
663
2975
2251
1619
237
6353
530
3593
713
629
646
30
2078
1188
3024
3492
4239
1422
2049
2241
1303
1089
697
709
1791
3357
319
386
136
1769
335
1669
1996
1669
755
622
1152
1109
3687
1980
1772
5069
520
413
895
4988
191
2029
989
782
1597
111
2177
272
2390
1028
185
2986
202
731
624
5324
409
16
289
59
794
4113
2397
81
1706
628
554
1493
4753
1789
648
1268
1175
2630
3504
76
1122
2807
2731
4318
104
23
666
7173
2074
229
38
137
1959
388
915
5490
2105
634
1590
107
2022
3258
632
2571
228
226
3617
1600
824
1574
519
1426
481
1277
1616
1467
1109
1554
1160
71
1598
1790
6789
574
11
207
224
1335
5747
3929
292
1095
601
1009
769
8
849
1210
3455
1169
111
2426
185
1783
3551
251
945
2000
3808
990
481
1007
65
1699
1367
9
417
1006
2449
1025
1489
20
1297
2973
1282
1173
1673
4355
1433
3212
89
590
1668
966
2000
2116
693
356
228
1149
3880
2875
2397
4245
314
118
2878
865
1880
3362
2186
18
500
701
4255
464
2091
1419
4353
3038
1644
4364
2327
2968
930
736
3227
2333
405
3402
672
913
118
947
1348
1612
249
561
1017
807
887
692
3837
4
3950
71
951
151
12
77
561
52
52
196
4952
1034
1916
748
869
147
3648
2182
280
3857
169
230
521
2990
4543
2641
1834
1829
135
136
2782
3328
1202
2589
295
818
1205
3569
1248
2179
95
1000
201
8
3285
657
1669
6470
515
61
1777
95
76
1341
2122
1269
3881
658
906
2144
162
5385
2070
557
2280
37
195
33
421
20
176
850
64
647
1988
1074
2153
199
3341
1099
621
1184
1625
6
592
248
1618
255
983
2191
1912
4592
1993
400
2901
773
244
108
7
230
383
86
486
1418
2884
339
2707
1228
5179
1237
1661
412
531
303
111
2026
2810
5249
2948
429
2065
294
2722
1542
1061
2012
64
430
1584
4765
522
2772
771
502
301
241
3870
41
558
1747
496
1625
602
19
976
268
2619
536
3941
546
1338
178
6000
1458
571
5546
2792
3734
716
1397
379
1391
721
101
750
2256
776
4441
707
556
2780
2843
692
1157
2534
1180
751
1071
681
2041
208
1062
2771
1365
6016
4
847
3294
2007
2926
293
979
333
1226
2858
1439
2838
86
131
1741
67
2314
1426
1409
1484
563
1368
4855
1326
5214
2630
812
2759
304
1345
365
1768
2959
478
1268
2134
3395
872
673
434
1560
303
3100
744
646
23
3149
3343
79
2070
1464
216
1028
1349
1443
2275
3256
744
2240
2260
10976
113
2407
153
1498
216
4471
3986
944
1369
3095
891
176
1555
77
185
43
1993
4908
1955
988
35
332
983
680
40
730
2108
2454
172
205
1191
906
1626
526
2077
1949
1258
2832
2198
1188
190
2284
1160
932
3061
1574
2210
3914
216
331
824
8092
2105
3877
668
1054
389
74
1857
449
2871
44
1332
627
1393
884
1676
1094
928
206
2994
1517
1081
3210
3012
836
5107
497
58
2201
2303
308
2249
1825
1745
1941
164
363
808
1370
506
354
1699
331
3789
1875
905
3417
246
886
1810
3977
1981
354
730
101
556
3513
109
3682
5367
1735
753
798
812
5603
2867
3749
1418
4144
3495
257
2090
1348
3386
1617
718
1877
894
3237
48
2729
309
270
315
418
3664
2157
392
4958
2585
2415
275
320
3810
823
41
1992
1944
991
411
1373
2989
4
395
4113
280
5200
795
2572
391
522
2048
152
2489
3817
1960
236
2364
252
2838
2687
385
3116
3160
1288
820
141
40
2209
101
132
1722
5979
604
776
2846
1705
3908
3256
1759
206
171
2026
2792
629
136
122
1517
1848
169
388
341
157
1710
1858
3496
8009
1025
47
278
4532
1794
2939
2329
2937
3230
1325
179
2781
2020
2552
2112
2014
3132
592
1960
944
6800
1716
606
3160
1148
1769
422
1469
723
35
333
3005
3696
5149
323
1310
80
3168
588
1150
2804
73
153
931
6983
4235
2997
99
5362
1748
350
261
107
577
3769
4768
3100
298
389
2064
2868
1124
89
1784
22
479
2001
2449
628
2109
4503
281
77
123
2285
1721
2077
1334
3275
338
1939
21
472
1626
382
68
482
2998
1839
356
1622
292
267
151
1233
659
694
1417
611
2223
2915
193
282
3660
599
4998
306
166
60
1971
1920
405
2359
3351
1686
593
1948
2203
1023
250
206
341
883
3368
37
4
759
44
1449
1424
1932
3168
4717
310
374
1551
1756
295
1062
2951
174
628
3794
374
1469
451
70
4401
3237
5577
688
179
848
3160
4832
1146
522
465
97
1161
422
1079
862
188
1594
345
2882
2449
1022
235
292
4534
1514
1608
485
685
2176
544
3836
701
87
1794
1627
3134
1331
3518
1032
2976
2272
4023
1246
144
2504
420
1227
1111
6073
789
18
970
865
804
1224
91
4232
2098
1655
1892
783
2679
459
101
19
1630
1132
957
2065
1981
4009
1427
3432
1752
440
1714
638
1133
498
321
1229
3717
41
397
362
683
4490
161
1294
711
2306
899
379
935
13
522
3655
5623
954
150
346
1706
3771
296
2595
2829
4529
2065
1271
799
246
3584
1884
3493
2808
726
3042
3788
1003
5933
87
647
1081
2428
859
981
1150
415
164
5190
453
1635
19
342
4279
1867
15
1180
61
3725
497
1878
4198
4383
96
2395
182
863
1045
1596
5451
178
2804
2050
1020
1633
4361
2353
186
1614
1656
2014
177
2343
2176
1378
1026
4751
2778
1896
3021
3843
994
224
368
1826
80
453
3274
2525
502
278
844
4414
4279
319
3120
843
298
34
2571
3195
562
784
235
2755
1189
127
943
623
1458
3591
2177
313
3994
283
220
3468
2105
4952
4277
205
1224
333
33
3461
3535
1383
917
741
122
2368
198
1213
546
328
2069
1638
1422
2192
2382
3478
1486
657
3166
415
4891
2343
1032
3458
96
4205
310
2221
2840
58
826
715
2258
1570
100
4088
4352
1712
753
1688
270
100
1725
2382
504
1495
131
408
709
312
5
609
1301
430
1294
4216
2620
1273
5
2244
658
1740
3169
2447
1661
19
59
968
173
421
5189
371
716
746
1484
529
2034
5270
374
1994
2519
1873
227
2702
6185
2372
75
1581
183
2660
1808
101
1265
3985
7
2023
4070
336
3503
3563
282
639
360
14
323
4109
361
125
315
456
371
783
475
104
24
460
194
1341
369
468
2203
647
180
5518
2245
1353
5543
740
268
3533
2268
2744
666
322
1735
4908
1662
2675
2130
3959
141
1417
171
2064
51
371
334
166
981
1040
510
1622
1153
2
1779
2157
13
679
1751
531
3023
294
73
2136
687
3128
1098
263
2306
178
556
2390
738
2170
3203
6064
10
1968
904
3070
2887
135
1008
2630
5438
2142
250
2356
2153
481
1214
3481
1033
366
1126
448
1159
630
824
124
3432
258
786
3304
858
2498
1477
83
115
3441
19
338
838
2371
3054
91
1411
270
2582
149
2337
270
4727
2650
186
1027
807
1832
76
3143
1999
1116
235
1696
1145
2927
284
166
910
1564
998
733
5959
577
158
9125
3541
2701
1348
2972
596
2471
73
342
803
678
300
528
1284
157
123
626
444
8
476
3762
2643
2046
964
432
1351
612
1035
2229
127
2560
13
275
1667
4988
390
143
950
28
2745
2036
309
258
1617
1167
2035
446
482
384
33
557
902
8
5164
2661
299
993
399
1541
1135
3586
1384
2590
128
691
1915
2825
3953
525
4457
2
1290
1643
753
1645
236
1904
224
583
2116
2186
3415
1846
539
76
472
203
683
492
3446
1000
2425
301
100
237
2498
1562
2716
1925
686
1481
602
2201
1343
1787
2504
303
3407
2990
1801
1098
2091
732
2537
77
2286
294
1239
798
2380
2373
619
441
2117
2564
2
761
4312
936
2936
1394
607
1267
353
914
94
2412
230
16
2453
244
2312
2644
42
138
1799
1862
110
3226
2604
489
1472
312
62
1194
168
1147
1773
200
6217
2606
576
2553
9691
364
280
5164
28
1221
2679
2516
2876
348
858
2145
154
568
667
3312
364
685
640
122
184
574
3960
578
517
1751
2565
3631
1245
72
2803
992
4598
1178
329
46
2222
115
547
1648
170
597
117
3080
208
34
2226
1772
711
142
1626
1039
1490
2358
5403
4021
974
2105
2079
1533
1957
193
96
615
1520
1959
1525
2003
3026
2198
331
950
1117
645
1564
705
2095
57
229
3556
3
5558
286
1340
2633
1644
1955
135
527
784
44
5417
67
62
433
2564
4185
1290
5970
226
688
3410
3751
409
3021
1214
1714
195
3508
656
1294
2208
4064
1370
2603
3540
3067
1707
5252
1703
255
15
1887
462
1947
3103
2000
5651
832
242
2288
755
575
2532
1416
2044
365
604
2914
3088
51
699
242
3718
547
195
1249
4369
867
1588
85
1857
148
88
1582
4677
4011
1422
885
298
1384
2466
762
274
2052
368
3103
48
1137
1113
2367
1414
1033
7031
412
1580
1725
3862
1574
4473
2912
550
2240
215
7204
104
1675
278
2357
351
6656
202
465
59
1166
24
3079
5103
32
979
640
198
2618
2659
693
5566
3327
941
2458
1057
2341
5077
675
94
2716
244
96
1567
907
2460
1699
2960
6993
1746
667
2783
1382
2475
1638
1445
1611
1722
69
83
959
3469
476
5178
3987
3355
4930
3093
2936
1276
1695
5113
81
66
419
2013
1551
202
1906
1718
1282
4960
5509
330
1007
2152
81
38
455
1104
1121
2713
51
2919
333
1651
1158
958
619
1215
724
1744
2804
1203
585
265
323
3357
1441
1923
1870
300
3717
2121
3813
637
2243
3643
7636
940
1640
437
2585
3634
1537
3672
87
3215
2002
708
666
4295
2728
831
1541
1059
49
2494
3643
516
2240
683
9
1493
352
1796
913
2230
615
4748
398
1546
5000
1140
1936
1966
84
2856
889
1029
1860
2755
835
204
2708
438
10
1071
539
990
803
399
14
2335
2242
1894
7234
792
1509
4756
3157
28
615
2142
403
514
556
1360
2439
1634
1780
720
642
911
1533
1804
1083
3711
3348
137
2
4669
4290
3513
1156
192
1609
2260
925
3626
449
4502
3671
3989
2163
3982
30
642
879
4810
625
1046
957
278
1273
741
506
94
1740
970
3935
2891
803
1182
1962
2433
2936
2089
1082
1000
1356
579
5693
2281
5108
379
196
2537
56
3469
217
100
1127
392
1918
2543
1178
517
2057
341
491
1176
1415
1307
2615
696
3325
49
1107
166
2166
3316
119
1869
244
3309
135
172
2521
1435
805
5794
1125
333
2007
683
2615
2740
112
1327
2105
2244
4425
3494
2035
894
932
1556
648
2699
904
4089
1685
279
508
3772
66
1334
1607
746
12
2280
429
197
1875
524
1404
953
4042
2002
2358
7463
124
62
2414
691
1973
3279
706
2856
66
2432
3154
2343
2113
1538
1639
5530
5280
3509
694
2512
1435
6414
17
2379
456
1279
4054
998
252
4218
2832
1861
949
2253
155
422
1837
2617
577
725
2666
782
104
797
276
3087
1954
2044
3642
557
420
2020
151
332
995
1186
679
625
2502
4634
661
1457
22
138
2186
73
3422
1232
1567
106
2057
87
590
2314
2
1294
1266
1813
1998
4180
1171
39
1069
2039
1986
265
371
1356
1546
1664
1488
858
1738
515
2529
1444
1628
1921
369
1362
790
1359
4184
841
312
1589
1723
1015
1711
505
799
1705
158
1867
3090
697
2640
674
2834
5217
105
34
3384
3593
2526
420
855
1459
2565
23
1600
2622
1957
119
1727
1322
2768
144
1075
607
530
661
985
3955
864
2135
728
1445
887
2675
1557
142
4039
17
33
4117
2169
991
2328
4015
373
1009
2824
2346
1341
1154
4156
421
2473
2816
1548
2657
1535
357
149
1322
1205
3335
686
454
2756
2573
723
1124
84
942
35
6219
3093
2229
51
1743
3178
1065
1042
3329
292
1217
552
6485
450
2142
500
5784
197
172
246
164
6129
1391
2908
231
7038
2377
1104
324
2330
275
1502
493
559
2146
1674
1778
563
258
207
2888
4573
894
470
220
323
140
522
865
610
552
655
523
4837
332
1919
3624
574
2890
936
1134
1554
1317
745
2110
1140
744
4395
2144
796
3050
236
2891
2755
1106
2809
2522
2269
3816
1471
2235
5262
226
129
498
887
3591
3963
5143
257
1816
488
122
935
188
607
1050
830
2386
182
6334
987
339
4204
3105
576
1762
132
5388
1809
804
420
926
3866
754
6384
35
2266
4598
1206
4539
931
37
950
518
1883
1185
1644
490
4770
753
4777
1080
3154
212
4239
1444
414
375
2926
641
316
923
2659
2978
618
4593
438
247
1291
3680
1216
1051
364
2383
3787
1399
2601
984
2065
7
1622
263
165
1942
175
3377
186
23
4936
313
772
104
684
776
2572
1637
1015
161
1909
3509
1312
2076
6262
1626
510
971
209
3671
1794
2002
1030
5852
4441
68
2881
1218
2530
1171
1283
4422
4080
539
435
999
795
592
752
2417
518
3756
2425
828
1118
48
2228
3154
781
1373
746
3423
399
278
4404
1894
1115
33
1368
917
2519
2899
1404
1587
2510
11
2262
4073
1365
501
200
1085
325
3983
613
2862
3085
178
183
1707
512
2707
909
685
735
1232
412
387
965
632
374
1384
7
928
515
716
529
416
72
605
235
920
757
30
758
2911
170
1051
5281
1561
231
2923
12
1383
3089
1320
1575
1507
2705
62
2141
1454
4752
6214
1359
425
373
2
1726
3500
230
623
1089
731
468
1612
1115
821
257
352
2408
663
2147
371
1420
455
3775
1610
341
4451
1127
477
330
795
197
4695
5032
394
1798
3363
2954
2045
4693
587
289
479
1302
576
1284
539
375
113
829
114
90
350
1668
988
3592
565
790
246
369
1935
1911
2013
659
942
1700
3295
1561
1251
48
1241
3271
4790
3534
399
1891
569
2496
1523
496
5435
3069
2723
441
4712
460
549
3155
938
1689
3087
159
266
3303
435
1716
730
3557
987
2335
252
471
22
5182
2252
3467
1208
1625
137
458
1493
3968
2168
5508
476
2436
2413
4080
1021
150
1452
29
311
314
308
4301
96
1551
4335
759
1000
1382
2350
5351
521
157
645
756
138
1741
1947
1357
4996
1510
182
679
3613
1181
1596
2059
1156
393
338
492
804
1681
5701
2760
1804
2908
144
1159
1892
898
4393
2018
189
547
639
2381
2495
451
5015
187
58
1282
2278
600
115
915
327
3173
434
54
3788
1734
93
33
1668
1423
272
3181
1868
2653
3093
3829
51
3703
8
521
980
234
2100
163
3524
1256
519
393
2152
2406
4438
381
2768
268
4839
1609
1678
3484
88
1435
1647
1363
110
528
126
671
812
2826
382
1217
1684
3045
4756
4338
1920
3687
20
1791
884
520
2866
1589
1133
1683
571
332
77
927
1145
2405
2295
4186
452
493
2368
189
280
1660
292
63
608
297
1529
62
64
129
2883
1881
2592
316
824
3859
1548
1858
2407
2667
548
190
10
418
5622
1016
598
1693
128
2483
232
6286
1030
1273
4825
2186
161
292
2036
5572
3571
183
1118
2575
2710
2314
3599
67
647
274
2986
2347
683
1903
3900
832
190
165
653
347
391
1238
3960
1341
3168
441
2046
373
1593
3706
2298
267
2185
513
962
485
2455
978
81
3003
626
411
3433
2586
2773
137
2128
3035
1233
1363
1988
2528
1506
1712
273
3665
508
68
3734
88
3064
2311
2179
108
709
228
1236
1527
2130
5370
2255
1132
3952
101
503
1677
343
261
5269
2407
1849
1088
3149
2008
2990
1197
1105
1600
1342
761
4572
2351
1675
325
2170
131
752
571
5130
2648
101
33
4182
2436
450
2894
5048
914
1637
48
1454
170
2102
2082
1141
1737
4842
1721
6156
47
2233
2515
447
1456
1224
2054
445
3072
903
317
735
1248
1839
137
2686
9133
2950
279
1687
264
1937
603
16
3541
1423
72
845
2028
735
799
528
1081
1207
4001
2396
1156
3851
1327
7275
235
491
2693
2031
2794
330
543
559
1319
1379
1222
232
586
3041
2081
753
753
1045
1089
356
498
1813
61
1954
5079
1552
1671
285
2194
1192
865
297
5358
1029
593
3091
602
2496
133
1060
3428
1630
984
2222
93
1256
2617
381
4407
166
1522
916
2327
598
1989
1383
29
815
12
2208
2800
922
2803
2622
2297
49
1504
132
4730
2037
2165
493
413
9
576
1533
4615
288
1979
8622
1530
262
334
2068
320
5225
184
743
5547
98
1932
674
475
4107
3154
1349
235
284
1191
2897
574
2132
593
2505
489
2542
1028
956
5636
397
2701
741
2823
210
2063
1030
2855
1113
74
944
1719
1654
4625
3224
18
445
256
1280
6959
764
1586
3959
319
770
139
371
204
1443
1954
344
3911
1925
1164
367
576
382
150
95
4970
377
1696
202
165
3648
2278
1049
1862
177
327
5873
20
1175
1959
2240
6266
1035
224
2717
816
39
2829
2493
2356
2554
401
3776
368
4049
1220
725
3935
276
23
1860
1449
161
267
3601
3920
100
3009
1037
163
2472
525
6886
572
253
2496
23
638
520
2668
1811
1474
1753
1064
2516
22
2191
576
3031
153
194
283
1695
63
377
3564
1022
822
424
1208
207
3463
1151
6497
1910
6762
854
1377
631
1160
2840
2387
643
971
1079
2381
516
5052
200
294
1512
861
679
978
1646
3736
1791
221
440
1609
1570
3188
3997
1032
3153
59
716
3131
451
5480
137
1796
841
1914
247
2328
1004
421
570
1367
1778
90
991
510
3430
69
762
1505
1981
1777
4246
1320
1265
772
1467
1383
3713
4466
3087
953
610
62
81
2608
2034
2136
3192
723
1131
1811
3617
133
974
1048
241
1159
1385
1925
501
421
256
485
101
137
24
4456
211
3118
2383
449
60
1482
593
1210
1528
6288
394
2894
544
379
5465
1121
778
108
2357
1563
512
508
3489
2458
3125
1731
3293
23
1910
477
73
2656
723
1383
2006
269
71
224
957
2027
2521
2249
1040
94
842
1969
892
1722
1997
6713
2147
1648
832
3342
694
1359
6934
2344
4024
2548
1342
2419
1601
348
6556
2328
2233
2510
125
1604
415
583
2775
3759
236
5205
2372
874
3404
1343
4943
867
5501
2459
114
23
991
1988
40
31
2906
2084
162
77
350
4690
1405
501
2679
2090
3520
1707
2460
528
1680
1645
4738
2484
2706
3024
4532
3703
