real_Parameters :  cel 	 failrate:  25	 Fm:  3021.2258	 且最后的Fart/Frt:  1.0030469656		   Time :  1295.5372

388
959
1748
22
379
2063
873
2119
469
2674
2096
2260
3491
211
3078
1178
1736
1116
404
4556
1045
3342
3332
154
388
2998
1796
1406
2036
2141
3088
5313
1261
5405
1003
1481
2833
204
3001
1002
3629
4484
2096
1200
3444
984
5392
2627
2650
2199
3693
6078
2189
1151
2566
7299
592
9314
246
6000
1007
1696
8033
2874
3910
6011
6333
2675
1643
1564
576
3900
5287
3819
487
1193
6074
8274
515
6909
2488
238
2364
1016
4058
5099
396
3969
623
923
1889
1047
4165
473
147
2474
1574
2408
8962
1758
6041
2545
307
1302
774
11662
3108
4312
4919
9911
1532
2744
3223
1979
5585
2810
2288
8796
141
22
2700
3140
5349
1070
5958
451
3448
2344
2964
7334
2583
4068
4201
6551
1385
4169
4373
2678
1208
140
242
480
6466
8749
2584
74
2039
293
420
3603
4045
6148
768
3864
846
359
4542
165
2019
3250
7153
7778
310
3995
6184
3275
7113
1763
5102
1499
1884
1899
5979
4829
6092
792
2139
10800
8572
3235
609
3176
640
3250
5583
124
1047
1606
1377
633
3195
2193
4311
1773
2086
816
1165
1723
5023
2527
835
91
891
5918
594
1791
2958
3314
5478
2982
1109
5133
2477
1331
3881
1876
728
499
1482
3595
2714
2458
959
421
3509
1446
173
1825
1892
3770
13407
12272
999
808
2406
1784
1890
1008
394
3785
2710
754
971
5376
1449
1721
47
1294
3136
1164
166
1528
712
4222
3237
3451
6440
1147
4134
3529
329
12325
695
776
487
6607
2684
162
3394
3474
3084
1091
1916
7425
4464
5012
2706
1467
2616
8692
5015
1673
3026
1357
42
1277
4551
6277
2447
4978
770
5003
625
1770
1729
2836
10079
7066
5414
6356
1465
6296
2186
322
5691
3056
624
6400
2674
1080
143
3429
1455
943
2161
3571
1849
1264
3251
3338
1333
5447
609
322
2381
6734
15402
5713
3612
1928
4626
1443
3363
587
1863
7144
6486
989
7974
1921
1111
1377
1198
1509
5963
1161
5283
6061
306
1997
420
1023
162
1683
1187
110
1821
2061
1557
2183
6369
2729
7300
2556
873
6554
464
6076
3212
3191
950
4782
489
4456
2259
4124
3695
5501
687
1444
1980
11321
1186
3149
1381
3376
2798
667
1586
1467
5857
4215
6327
2545
1293
1942
1111
2352
494
205
5387
489
1712
2788
1426
1706
8687
4309
1095
2712
1281
4587
1670
13729
1418
659
5457
751
1711
1084
1880
5600
763
1516
467
3357
3129
4083
676
3078
274
1653
2997
1512
7461
13808
3223
1852
8480
410
2939
176
9208
1920
1106
1763
5037
4232
5016
899
104
912
1017
2593
3254
3331
2398
230
1757
1165
132
1347
2071
2962
3038
2567
7968
6022
73
1419
6359
3421
1905
4345
495
106
3441
732
661
2586
2046
360
17318
1295
4126
5977
2662
14091
2072
5294
2448
2851
1345
1252
3366
335
3548
1437
2138
1756
315
293
564
369
6287
4025
1949
6537
234
2950
3308
3385
7607
3605
218
3514
2659
6789
1148
106
4567
9285
614
409
101
5567
12967
9544
1361
8647
741
2939
1749
1688
8434
6765
1091
2981
6061
788
6062
1539
586
2885
2733
1258
265
232
2701
667
5756
2716
4006
3634
1278
2351
6396
10678
3526
2350
1235
2733
863
5675
4856
4525
1248
1136
8018
979
1153
2021
1687
1223
2260
2627
483
475
2003
976
3512
607
4984
10888
13126
5800
3970
8235
1362
4778
1681
4725
2162
3037
663
3140
1489
824
7128
1817
5696
342
173
593
823
6766
6482
3902
1667
148
499
7673
1899
1250
24
2688
2956
8341
1015
3206
9474
899
112
158
4419
4615
1669
6609
1578
1391
5986
690
3601
2402
2764
5189
2701
1580
2548
113
3801
1621
2471
4727
503
1639
1942
2802
3547
6322
4544
1032
3113
9766
5571
3590
1352
942
393
3246
2562
2333
3099
3586
4006
8434
802
6291
2069
3748
5474
182
620
238
3656
2323
854
4745
3071
3582
7405
5785
4050
6042
2378
8521
1149
2723
202
1111
3547
586
5618
3728
904
8566
1568
8656
1683
2755
793
765
3343
4984
8590
5366
5274
1165
2109
975
4392
1167
2558
659
6600
4359
2540
8440
251
2126
3175
7015
1507
9230
1745
3203
3866
4971
2202
3913
2504
5592
1888
5987
1721
1369
3956
2288
1927
2337
1400
3467
1192
2677
6568
16564
1369
325
2121
3495
2479
89
2030
6818
837
240
962
38
357
466
561
235
2361
234
5460
371
13396
1951
3185
258
1632
1378
1664
2326
2252
471
3076
2073
701
6508
672
2134
8830
2262
4751
3194
1363
902
6038
3277
5454
3934
2920
2126
1081
1866
4930
3866
864
1714
2890
394
8203
10191
5592
423
7063
2207
211
70
2021
3567
187
2010
2226
12498
763
5711
1889
1586
705
3621
473
6635
4493
1102
807
1532
3673
1334
852
623
1544
6207
5687
6903
1801
2239
9060
3906
128
2013
1682
952
3175
271
1251
4400
5359
2353
1405
2989
66
5029
3165
1538
4034
691
8580
477
1338
994
3772
3858
4978
4645
1492
1960
2930
2700
2090
1849
3937
2466
749
2504
4370
3468
5863
13763
2643
2658
836
11492
1646
11303
2378
2694
1708
1222
1645
1659
1026
1006
5661
3049
948
801
1031
3316
1363
2467
259
7534
3080
1842
2623
463
4318
2270
12712
1469
2503
1739
2558
3468
1287
1869
859
2625
10146
5456
452
4978
3350
3216
1003
7365
1774
4921
5082
1216
175
8048
285
2576
8221
639
4638
1156
15
2301
3561
3838
6173
2735
4962
123
5693
21102
6444
1311
668
2866
1628
815
8253
13639
5244
1903
778
1839
4431
524
5454
4760
444
3192
1362
684
451
834
1408
2519
517
1898
450
931
1721
7815
1387
1759
3251
4443
6221
7912
15485
3058
431
5961
484
2172
3691
6126
1380
9885
2152
2252
3034
611
5892
2987
3917
2877
3946
4642
485
300
7201
11620
1419
2297
2342
1120
7036
5322
3067
1184
189
9626
2755
519
1488
335
644
176
6670
1039
1817
4946
1552
2661
2875
3680
219
1952
3466
4021
774
7560
6422
4226
889
1425
869
4133
1788
2758
778
695
2809
365
2329
4963
458
3230
3196
5166
1241
9592
659
1749
9854
1024
8049
206
276
3166
12186
2425
6296
450
1573
5566
248
6568
1354
2648
3773
642
1532
6132
952
2028
7362
790
2423
824
4023
2360
707
2158
1155
2449
1127
594
1492
416
3958
96
1675
71
2522
1307
7979
6073
403
2220
1456
6324
700
2064
1747
2155
3291
1964
1012
46
830
2862
313
1140
787
4583
1516
3213
282
2276
1400
620
499
9674
234
533
1595
4856
7676
13006
1288
8425
4144
27
223
1081
831
5988
2225
6038
3867
5119
6534
8135
1645
660
2929
6559
7032
3481
236
2505
229
52
9450
6650
824
8870
9165
2140
6538
1711
5665
6338
1112
9069
2130
1480
552
3506
14128
464
254
1143
14231
2591
3803
4167
1064
3709
1
4495
18049
3318
1715
656
1578
1159
307
5907
1655
1160
520
9623
562
2338
7952
1212
4392
599
57
2258
3554
1493
128
687
8040
548
4638
90
2650
732
5070
4262
6480
3674
4794
4842
1466
1690
531
4435
4650
1372
2038
2431
4771
1993
2598
233
1151
7490
960
1370
1298
27
729
5385
2177
1834
1701
6290
1529
4837
6174
1453
6658
1105
1074
3286
2054
2660
2175
1271
4638
2628
2782
170
1001
2746
5040
10415
4039
1893
6017
1362
3962
5137
391
3716
4966
601
3693
674
1291
1790
5583
6532
248
3244
735
362
1693
431
1649
2693
3323
2451
5650
2928
1369
292
1105
3810
8620
2254
2309
4934
10673
1703
16537
9
9281
3597
4513
540
297
11060
6861
1533
2455
267
1531
3600
1397
3591
1595
946
2024
4003
1347
1825
1295
3356
1531
2031
3522
5251
3432
398
2368
1896
2141
2379
2053
7539
1486
2717
340
2148
7477
1765
938
5944
272
9282
867
3959
2220
7985
6299
3704
5463
1707
6607
2331
206
2979
1954
1826
3667
208
820
4149
780
2646
96
6709
4954
2296
3035
2945
1715
1508
1513
10901
3178
3986
5948
1910
612
6801
4201
1683
4037
2272
1174
575
6236
6798
5264
2027
1548
6584
1036
971
4630
1407
2654
1248
4872
6777
783
1834
5437
6293
1780
1732
6081
6147
1110
1673
2395
870
217
7170
5257
2688
1858
1450
6168
1027
2105
1840
936
5969
854
397
677
282
3844
3882
3148
217
2409
665
1986
566
4426
3006
2576
2481
293
1625
1545
2944
15008
10091
772
7598
4818
748
5304
4415
2782
4047
77
3479
759
4020
1624
3140
6811
4140
1730
1949
1652
2708
11188
941
249
1053
299
2375
1336
3642
409
1579
2894
2202
923
1713
3049
526
656
4188
3964
2731
1028
4474
317
2165
4395
1774
2298
4381
2510
6025
621
1801
1053
2845
671
3067
6756
4543
1361
5101
2870
1939
3969
872
2107
2171
1523
1837
4428
753
8921
2059
4327
131
6518
6449
5087
1641
1736
1090
638
3204
3686
5027
1890
5431
8034
4271
68
3699
4320
2964
2415
917
5528
3168
1597
5680
6663
8251
1624
3247
1
6628
13161
9
11172
6299
5995
3531
6668
2463
5162
10265
2524
1864
5047
1044
1030
9314
14272
1072
404
398
2961
3820
4999
2703
5961
90
112
100
318
5467
687
729
371
1522
3526
273
329
2380
3619
1278
5381
278
7988
1098
3186
4037
519
4143
4810
7462
2068
773
5230
2124
3849
1349
370
3622
3482
207
3040
3658
2158
1317
1182
11305
974
1676
10262
4555
4039
3423
4359
3227
11860
1648
7197
12342
4540
1210
384
1548
932
4430
3261
619
4865
386
4113
2670
3450
1958
1833
3688
1204
623
1745
6164
8588
1294
1801
3185
2934
14
1994
2659
4648
240
4088
3253
2569
1147
543
1718
2584
1616
156
359
3317
1381
292
1642
9525
112
767
10792
3951
1512
416
16603
3484
1066
7007
1340
524
852
377
1604
10117
1993
3110
6606
1529
727
4146
2023
3519
1585
44
792
4274
6285
1511
2167
1287
5107
8823
2256
3069
362
3538
1376
35
695
708
2875
6911
6312
643
757
1373
3138
338
4131
363
158
4103
4023
1743
3945
3743
1861
1559
2680
3596
3318
1773
669
6397
906
2717
3178
1928
141
3981
2029
3437
2983
2505
6279
446
1375
84
2572
2633
87
466
620
1273
213
3609
326
256
8335
3405
800
3995
5068
584
1276
1658
59
5565
19078
15842
1093
124
2970
9519
2047
1322
963
664
1255
1656
3603
2748
705
590
900
2436
1385
3119
2692
1518
2467
3205
3340
454
7947
7892
5783
627
9123
1953
1759
3048
1938
368
5799
5028
195
2838
1351
2895
1205
9152
2623
2171
3913
391
192
1481
1443
919
5277
1547
4383
7525
84
2979
4317
3444
893
1237
5467
2545
332
3647
15407
752
5075
6109
712
3367
2798
579
4530
529
2467
2205
1257
1169
437
6728
1194
347
1687
4409
5179
1786
1906
10314
4488
393
221
115
3408
7976
4462
310
2121
7047
767
4232
260
229
4706
3303
8816
8705
1847
729
5961
2986
281
2236
2707
479
447
2759
1137
4692
249
6394
363
6372
947
1411
1369
1173
5508
1264
1964
16081
9286
4245
1282
3754
3654
6975
1064
2544
2165
815
4420
4986
7620
871
1265
725
1432
4829
1160
13402
7311
1444
858
1548
4191
2698
2737
7331
4637
3131
1306
5357
5411
2085
1529
142
281
628
2119
1447
1145
6049
387
1267
3520
3864
1467
3191
6548
11510
18939
1306
5629
6000
3225
2011
1599
7804
1634
2222
154
49
1768
6847
139
2018
6336
407
3617
237
4576
247
553
1044
2311
7175
3627
12676
2154
11629
141
3949
7619
3080
13628
3432
1986
1341
4476
5867
8026
2554
1942
4260
448
5545
2162
2426
1518
9559
1724
299
4310
3106
234
1525
526
1020
882
1856
6912
1285
1532
2031
4388
1217
776
1018
6314
2197
4990
4887
3073
822
1422
863
1942
12547
1720
3897
3593
691
130
6266
3058
4510
3610
1387
2613
639
4482
314
5438
3730
2032
567
1911
2012
3608
4257
2230
375
3589
3574
3054
5290
941
2693
1626
775
4116
6142
1081
581
173
4057
7918
430
7200
466
982
5911
1928
1054
1199
7158
1458
7358
2056
8630
523
2648
4012
1641
135
10706
382
1044
1906
4065
1232
64
892
1139
2941
5232
3130
589
174
1211
2804
567
1767
1361
2174
1015
358
1374
17078
1463
3312
5017
1952
586
419
616
5826
3014
2454
4215
5117
10065
6657
768
965
713
5238
3071
1655
2802
6552
642
406
2868
3320
1298
154
2003
1301
1521
4737
1681
2004
1049
1338
2805
2291
2369
8823
2036
4632
4460
32
453
4504
2429
1699
318
217
3496
7651
2441
385
5555
1097
384
3937
9550
3394
1831
915
1279
6532
1098
2895
1209
264
1223
1107
1844
5265
3890
799
354
4983
2737
1632
2705
5400
277
4442
108
1469
3999
510
32
1710
5903
4526
3239
1829
2942
4742
2073
3668
3446
3732
4544
3315
3560
7238
641
3885
2274
4057
1754
1722
777
269
724
600
3629
3470
2854
3071
774
750
10013
516
1897
539
1506
1879
4218
741
4224
2247
4482
473
2124
2823
2021
2961
2818
1200
2594
3603
2507
4326
827
1132
7214
12730
1734
727
4800
415
1919
3261
3350
681
3366
9315
568
3697
8234
3818
6968
2188
1626
600
4303
1905
4415
5024
523
630
6111
4186
6701
2412
624
5786
1387
4373
1051
5043
2011
1126
2074
1680
2253
5154
7728
2784
1794
791
109
3760
1388
451
582
5185
3584
842
2242
2660
3649
168
2289
151
6761
3531
690
2444
1527
5039
2687
1382
3279
2484
1658
2043
3417
2127
1007
2249
3761
4537
7122
1761
1177
6417
1587
5162
9023
5908
5114
11768
3012
1502
573
1480
1045
1287
1012
2342
636
1863
2884
10562
5485
1385
387
350
3867
2226
5007
2916
5445
5577
4320
7433
458
502
1040
1567
2032
5274
629
1110
1332
955
1436
3701
446
898
11633
334
2155
454
8421
3919
5107
935
4832
1273
6796
3664
6873
7305
1352
2124
1228
8722
4532
145
3296
2377
3170
927
3989
4410
216
34
2216
3576
533
1220
5185
5734
831
1230
2559
3472
1997
2288
4745
1969
596
3455
4508
1289
1047
3374
124
1828
2537
739
2912
1863
1469
4377
822
11328
4634
602
1069
9813
3838
1043
401
904
3844
3476
1158
193
718
11394
233
2930
430
704
2422
3586
196
2799
3219
3098
2875
4176
1369
7165
1711
2431
580
9074
3859
9603
6700
4720
7197
4474
846
3791
588
4560
2483
5959
6457
3570
2668
5836
524
5506
442
5301
786
1821
5126
2963
1275
5819
979
7317
109
1248
4561
6510
1117
494
3757
1127
4403
6523
2754
1509
4360
5743
2115
4453
6112
5506
3208
866
2043
4165
5692
4650
292
5687
3375
5079
830
777
1271
2332
6963
2397
1762
463
1077
1043
658
3237
11824
3737
3898
2088
4698
1795
3769
1959
4841
969
1443
973
3183
598
5883
1195
2248
1239
730
403
1674
1311
7576
685
76
2067
765
1560
6736
625
895
147
4391
1845
8466
2685
3196
6392
3036
3010
7248
1728
710
6225
301
577
4137
7001
857
1018
3363
683
10290
2643
3017
6233
96
6794
359
2054
1690
909
457
1201
3574
406
2023
2821
668
164
1326
5548
3029
1683
10719
899
856
1242
188
6004
1871
7974
3992
1761
4339
48
2746
2961
6110
1384
4169
4910
2321
6200
1468
2865
1896
446
805
808
4198
1336
5783
699
4692
3569
3988
3114
1401
2450
1476
219
1685
508
7400
467
2024
3091
5333
5933
3905
3069
2447
2310
1740
2825
860
2084
1398
5174
5648
2958
750
6288
1217
1569
931
1456
3582
3342
227
3522
1828
727
9598
2186
2137
154
3236
281
3933
244
739
3533
467
10207
4179
1140
1802
151
5374
2573
1986
2926
2963
872
2002
1639
967
4407
1615
1535
813
2142
296
353
1098
656
5948
2073
8618
2028
10359
432
492
2989
6235
3881
2496
1643
1988
3037
620
5380
1637
5176
4676
1145
3470
3105
692
981
38
884
2957
3199
520
3475
4623
11741
7524
3442
2659
3226
2667
41
154
1025
1948
1595
6003
2147
515
208
1658
3228
2488
1910
5777
2230
1833
2313
2947
2684
2530
6475
5191
1893
671
912
1901
614
2140
7350
5193
1969
2765
3072
5027
7104
134
2065
1986
4426
359
1898
772
2238
3423
7008
2014
1809
3280
1886
4019
739
9390
5444
480
113
10876
4470
4985
2127
8770
369
1267
4706
6626
46
4929
511
622
928
3874
494
2840
2267
2887
1512
2626
4613
1435
3104
1535
12
2004
2641
3416
1481
1149
338
6376
169
986
1718
5743
355
6140
1763
3462
598
6057
1736
2193
2991
1066
4993
706
206
514
1106
2431
2051
4330
3577
3778
3602
6868
3500
4617
9433
3326
5322
1555
4308
1490
4059
1553
990
6304
2813
2569
1648
9854
2641
3381
4609
1850
7347
3818
293
7170
3367
3591
933
4213
193
1439
984
1828
520
2318
1741
573
4343
2689
2499
338
1147
281
2012
1226
5883
1092
2122
509
259
182
3178
754
1430
3529
3460
3384
5145
1428
1078
3654
1638
649
1820
4986
5097
655
466
63
8162
2272
1485
3531
945
2310
801
1913
1930
903
1923
4492
3054
6254
121
1284
2056
1967
3077
4574
975
276
288
6325
2323
2263
3461
7161
6790
433
4285
3165
305
1360
2569
10361
2880
343
1825
3144
503
33
738
514
6776
3341
2440
9997
15097
867
1884
5036
802
66
1753
367
1863
1812
2644
8604
554
2860
5602
825
3360
12136
2456
421
6446
839
1445
730
5249
10577
4078
424
780
1649
3948
2386
2948
803
3707
700
1446
2029
1342
1943
1799
2124
1947
7121
14780
3372
406
3025
1519
5865
950
3599
1206
12136
709
2882
5407
1765
6767
2265
3237
14663
1177
8867
746
3120
1590
137
1987
680
141
2965
1148
2013
1438
4009
3850
1217
3512
2052
4778
331
352
463
188
8746
1054
2208
4267
1236
764
5730
2037
308
4902
1551
1069
11216
522
1429
5872
1560
3448
1725
10214
2024
2070
8032
8691
3974
3790
3367
3010
6034
1673
1422
1219
252
3551
3157
2735
203
2333
2767
12592
3020
1422
491
697
2807
731
3536
2284
1122
897
7727
2533
317
4105
1815
1006
3670
8713
10861
5426
2213
151
230
5233
5463
2960
4653
659
2367
2239
3113
2741
2445
1045
120
1197
4769
7894
575
1518
3237
602
4745
393
264
1121
1783
1489
4407
7044
44
5672
4387
8752
2738
2396
9388
5406
66
5540
2372
932
261
1002
6784
2191
1772
706
1633
1964
821
4180
11201
8110
795
4803
186
2753
3009
1357
3745
716
607
264
3630
2618
883
3689
3304
1428
2345
1443
2195
1313
2794
1045
1750
128
2245
159
152
6764
2322
986
6074
4434
4758
979
57
2971
4920
6566
859
2818
475
1844
2717
9805
756
1346
4965
1188
1970
3888
2129
4335
3038
1940
3795
281
8878
6675
1839
5157
3736
129
719
3189
7
2084
2395
556
2416
631
4997
7289
1806
2376
2944
2070
1066
3258
1733
2549
1088
3189
3413
1963
5136
3861
3628
1014
735
1064
3927
7375
4201
883
1027
363
4726
1368
1463
6826
6454
7124
2146
296
2450
715
860
738
751
1001
7888
6502
8026
309
2667
796
526
4259
1488
6149
4310
167
3051
558
1829
1664
4232
213
1024
3943
1817
3967
1297
3280
1238
4477
2563
2011
466
3031
1145
4074
1366
2116
8441
10555
2637
1794
1682
5571
5282
8165
3385
3299
1549
2278
2367
178
4596
2292
3297
411
5320
2737
5625
1971
1668
9664
6061
864
527
7472
2261
1104
1290
1565
160
686
1404
8903
3414
1505
1882
2793
9001
4107
2459
2829
709
1183
5620
3386
1020
5318
9564
5223
2819
562
358
2200
2253
743
120
1777
3135
2336
5328
1956
7553
2181
1021
3149
384
4480
373
4720
31
472
908
665
1004
2904
747
4765
1538
1700
875
4398
3203
808
2682
142
474
4465
5098
1158
4937
561
1314
3157
10013
2037
3043
2398
639
6317
1152
562
1409
3931
4318
506
539
4928
1336
2813
2288
1515
3966
2352
1151
1829
125
1183
4574
3885
2477
1513
15
1415
8244
3286
1819
3067
3108
4735
3509
3974
2387
945
5469
381
2502
1385
2175
804
1120
2542
530
1457
5065
3676
1107
2341
3080
332
1107
5638
2058
1497
4212
2414
2620
1956
1908
1419
1797
3619
11840
6045
263
6601
2215
214
2564
6704
687
255
1016
1431
5777
6364
2089
1001
2132
4967
2458
6200
1286
4366
1158
1105
473
3474
4585
3402
1127
13897
8361
1451
10492
2328
943
658
7872
1119
3493
2877
1626
966
2355
3411
2414
3689
5484
831
619
7790
3506
1708
1092
4867
1724
15947
29
2571
2347
1066
1695
4925
2919
947
1190
1218
3886
993
477
5000
399
11290
4248
3602
2753
2342
78
853
657
862
5146
1057
4499
1001
3598
1568
1286
2281
8325
757
4939
5520
2201
5881
467
12922
953
2311
2789
6283
2145
6976
2460
2969
4498
1157
2107
2650
1310
438
2994
1803
5410
648
387
2469
2196
3067
1026
10333
3333
3689
1356
640
77
671
9761
3820
6051
5413
5519
570
12971
1225
1394
1760
655
507
5095
3459
1421
2077
2616
116
438
9706
276
8308
1302
415
2929
1709
2494
484
1715
2226
3654
1699
378
3657
315
193
2531
798
1898
1978
5050
6090
409
2618
1586
2761
3128
1407
4261
1168
317
2868
2526
1514
5349
2890
1014
469
1773
301
5429
6787
2088
4340
551
1356
3403
72
337
773
1021
3931
8459
2573
1913
1639
537
5127
3390
11527
5657
10361
1215
3248
8348
1748
2865
3707
5238
2651
6607
1890
13707
3654
3012
1662
491
589
423
3338
1965
4044
3949
2534
5770
1052
6936
1256
1140
4818
2980
1250
662
2314
3557
2010
2339
986
8940
1292
2522
319
1871
4644
3478
1107
1832
995
3105
2319
3663
662
1039
2537
970
482
3684
6098
2903
904
739
1908
4354
839
10587
7009
541
744
1187
2607
2274
1108
557
1997
1256
4639
679
695
3966
11619
1270
3842
11854
4994
2251
1049
1135
1421
4992
936
5850
473
216
1871
1674
522
1735
123
2075
6282
139
1909
2414
1126
459
78
3710
6718
2846
2258
2921
2693
4216
2120
2142
1510
3804
3036
386
263
1379
25742
1689
5215
1368
4615
1848
3187
229
1939
6448
3148
2970
2762
2548
1396
740
1015
222
853
4627
1799
5507
1404
5058
494
4568
274
131
3904
1483
1516
3019
4437
796
6856
316
656
1251
2663
1556
5231
5036
1671
3873
1628
1267
1410
2132
1896
8895
893
3343
685
2438
3140
1370
4841
1187
1283
320
4233
3757
1808
98
204
1706
869
12305
2820
1875
7473
2102
5617
1559
924
2603
3560
2025
972
5068
1464
4364
110
4962
10177
2964
3644
2897
2613
173
111
3311
2076
2600
800
1369
8115
2860
2905
3176
29
290
2575
1461
1200
834
628
3977
231
2061
130
1089
1145
604
7242
4326
2481
3091
7714
4202
869
356
519
2572
1531
2144
1652
7681
9028
271
1958
536
3479
392
9803
20
1936
1562
1748
1142
2077
6103
2330
4969
2441
1068
3488
817
1992
4084
5709
2902
894
858
8978
400
2162
793
6728
437
5029
1081
6211
3813
77
5380
11
1273
2790
1571
3933
2118
3286
738
1141
104
8706
1478
1681
3641
2926
3090
429
2371
630
2397
782
1427
770
2642
1000
2703
4751
1766
2525
1236
3990
2
101
4579
11477
10925
4895
139
2764
1895
1563
2877
1523
130
5188
2130
2038
2217
10105
2174
3493
1825
3518
239
5935
2908
2156
1665
1927
463
2405
5736
3055
8571
2035
3295
2503
1418
266
4233
3426
2815
2493
2374
987
5366
301
3737
4995
1251
2064
3362
1131
3401
6841
3748
4422
1380
281
2888
626
1184
644
1360
2615
2547
976
3056
294
1417
856
1578
1469
3197
558
295
3431
1842
3344
913
1733
1875
142
3035
2726
2923
4174
853
4576
425
3766
2028
3443
184
1773
5431
311
420
2698
6583
5466
2584
2202
4584
2151
2267
5511
2450
775
1905
946
5429
3000
535
7248
580
3332
1269
7557
4824
2848
1397
538
4318
637
2163
4168
1829
2187
1545
694
326
480
552
2806
8891
5143
3721
897
1343
761
10312
10602
8940
312
1236
1847
594
638
6631
5564
5215
1600
814
681
1484
2830
4593
316
3701
14041
6902
3435
3277
6577
2869
962
2331
1799
914
1873
2767
43
1361
5569
2321
1240
1203
2024
4605
5340
1483
3222
691
4186
898
2712
1385
1198
3856
2193
880
1245
8600
1122
7829
1843
4693
7
1732
4139
2180
3605
4610
5293
693
49
863
696
866
1317
4640
1421
6195
3740
1270
825
348
1350
2304
8889
5810
2037
2167
2333
1947
1450
2265
5534
6673
8957
1346
917
2559
4185
1437
1251
2228
641
7040
1603
6621
8251
3893
4972
9636
1405
3045
6886
841
3157
1079
4564
801
3124
6026
784
999
578
2062
8427
2519
4603
3276
3661
9064
499
4623
8324
250
1369
6257
3602
1826
2278
1023
1963
2830
9243
1461
6128
6736
5953
331
3303
171
3680
2481
194
1757
1722
349
2856
814
3358
165
4131
114
571
523
1772
10003
1957
2384
6262
5187
9131
670
1153
431
1803
4212
3520
5966
916
11110
1529
4312
2099
50
494
11828
5420
428
2024
2673
2397
3287
574
406
914
3104
1539
2058
2960
689
1139
666
668
2717
639
734
550
3266
4203
6477
4108
360
4101
362
1386
1126
5362
2911
645
5788
3466
2066
282
1459
2114
6308
1719
693
1043
8377
4146
2957
1046
3936
10779
11540
3269
3788
1290
180
6663
7298
4879
643
124
1034
8294
475
260
10847
1202
4485
1508
7371
240
2661
2323
1190
667
54
3692
6033
3471
6257
1711
9244
7577
1225
4900
8424
16082
1
554
2339
261
1077
3233
611
264
683
8168
1571
2783
2663
5774
7946
2787
537
5928
7458
277
634
10630
464
2096
912
900
8516
1207
166
48
5500
5774
695
1309
1301
7414
1632
1159
1917
16338
1598
5707
2696
5205
12476
865
3871
3737
2522
1881
1337
3639
2655
10934
3707
874
8927
14676
1628
974
901
293
2342
891
1335
9928
377
1005
11947
3008
1102
3207
3663
2309
563
4451
7977
6364
824
1350
1258
4949
2679
173
685
4083
4152
2851
3679
2685
3687
5556
14649
4363
2169
468
3844
3854
337
4667
3465
2098
8533
1165
1479
2072
11874
3591
2275
1105
2458
1244
9208
582
47
4590
4746
2000
2485
2400
10513
1504
1315
2203
2253
1061
965
2638
1099
563
3157
141
19097
9955
1857
836
334
2840
5144
584
1003
1658
2771
1234
921
1866
863
1183
1290
1347
648
2767
2427
1601
5992
1318
1185
164
1828
1031
4448
2791
4897
5515
6744
897
164
1148
3763
1630
8807
3249
635
866
1470
4205
3987
1298
3824
1240
2192
6583
2628
11740
3253
10627
2087
7711
213
5953
5599
397
659
339
1182
6799
1609
3604
5281
940
1033
470
99
3503
4704
1105
626
3914
1214
2526
3476
1600
5058
823
8729
2201
1254
6208
4649
253
579
778
917
5463
5218
74
7675
2096
4969
86
4940
901
5996
3288
2442
4094
5473
270
533
7905
7030
2733
5697
4076
635
634
3564
1079
681
3079
747
299
4127
3112
6144
4444
892
185
189
3686
1694
6566
2314
1435
6953
2479
1519
2293
4649
1756
2016
5669
1180
1248
3922
8154
76
2544
951
6130
2376
11810
4391
11118
17723
1218
3623
5574
3491
2952
2093
309
2787
10917
269
1485
5309
3790
1249
3158
3047
1177
444
2848
386
1761
6206
4179
778
1294
753
7460
843
905
879
2984
4784
301
10166
4384
937
307
3774
4878
1706
5341
1951
2116
1741
2100
1810
150
581
726
2521
2192
1624
1813
1780
1272
1959
4682
523
1772
5329
1945
6143
2721
1623
1174
1556
495
2942
8149
4137
3584
213
2747
716
844
379
4250
1227
5214
1186
1127
1262
4082
3297
408
2161
1078
5468
903
1804
1921
3860
4009
544
8278
4977
1622
186
4827
393
3454
3632
2981
1941
2859
2181
742
7020
162
155
332
7368
2335
1112
8871
127
3977
928
2487
2219
2219
4128
313
1979
8076
1711
1427
3550
1836
9744
1509
5386
2785
2195
2058
1131
3241
72
3311
3453
764
1544
4868
4947
5822
1854
2236
1537
3027
2869
813
5293
2237
4328
3721
1201
3297
639
2266
1558
2095
1175
1613
2878
1093
870
6573
198
3333
4643
1750
567
3226
6747
1718
1886
4147
2322
304
3461
2478
372
150
4683
741
2714
1083
438
962
4998
1953
8301
245
871
4684
2325
38
4797
595
574
4632
8002
3303
12023
7160
1911
5869
3135
79
3246
6606
312
94
3013
9741
6765
3263
3941
2886
4436
2248
1506
486
922
3776
8031
514
2027
4428
1968
7671
2926
870
817
3431
856
6284
466
532
2342
1901
461
5178
1478
4572
3760
3030
2660
8707
3715
2826
1495
4473
2448
1185
2272
2248
11240
3711
319
102
1807
4977
254
14925
788
4783
506
3754
3944
4051
1009
4235
242
3332
1952
1497
5264
5046
9023
7157
8404
13976
