real_Parameters :  el2 	 failrate:  25	 Fm:  1240.1484	 且最后的Fart/Frt:  0.855702396		   Time :  218.504

54
303
256
331
147
444
35
162
356
938
1168
108
298
1381
1250
1506
661
493
1497
730
894
299
6
2390
1456
1583
1000
148
2150
551
2506
1067
1700
361
2241
3442
425
155
276
2893
2579
1158
1092
1901
51
4056
1483
668
680
2621
396
1275
177
1782
157
1997
457
290
4664
221
507
742
1111
1107
26
1499
1873
877
1475
1169
184
671
1134
309
2118
233
1127
3584
759
550
951
739
1572
1322
2898
429
485
815
2476
340
648
259
96
2468
2343
526
4626
6301
658
252
533
3575
3539
272
2245
1544
1815
4627
374
1367
261
2921
1582
63
1035
235
2530
1085
1549
2526
161
568
534
345
1222
686
1091
15
3087
302
763
1597
5739
2540
3447
1959
409
59
1194
1266
1358
278
2886
139
188
276
345
333
1519
1603
1996
500
814
3051
87
1006
2759
4282
395
4234
1384
1639
16
2690
1956
3318
2432
1722
17
213
416
590
1676
1782
2536
1280
546
860
768
895
3020
1808
640
147
380
435
1123
455
1378
979
346
96
892
51
455
1371
49
2449
195
2466
246
1832
936
1150
468
1143
894
406
571
250
8248
1437
1850
675
39
204
3458
459
2709
1967
181
830
11
1302
150
210
894
2239
101
685
574
1341
1299
4660
1412
714
328
2807
243
2210
444
79
584
990
4029
433
1396
3103
51
1222
5
539
781
270
386
850
3912
579
120
361
3861
101
183
630
1305
1516
229
135
1108
1592
3344
24
1545
6
1033
398
262
1161
65
2503
770
414
1482
2345
409
2157
1176
222
5080
825
2064
1356
2041
70
2099
541
601
295
2625
370
2241
1154
851
1521
276
402
1
460
852
2536
1038
1411
137
603
1878
13
722
2674
463
257
51
877
2735
2070
239
922
1853
1625
112
1748
82
9
166
1691
949
312
326
2369
955
865
1718
1400
2790
218
263
5598
41
2183
165
2350
407
144
1133
413
151
2747
1719
1801
1678
817
95
6438
2313
188
478
887
27
479
3139
2733
462
245
665
1159
58
1924
198
2291
88
1061
548
969
1290
18
1369
221
1599
157
1151
3570
104
739
102
529
280
556
323
438
865
1277
214
80
607
2092
2479
957
326
434
3999
784
1476
48
201
1071
304
588
834
997
373
132
2116
821
901
3415
177
51
218
37
1588
409
1392
212
1803
651
153
1567
1069
1959
1088
682
281
1141
451
196
836
119
447
257
1243
1537
71
1767
706
74
486
2684
4259
909
289
2032
2212
434
2969
1207
3350
800
575
302
4046
285
138
4322
1598
20
534
611
372
661
3317
2613
301
1203
1405
19
2623
141
1294
2509
631
1221
2761
2156
316
153
146
53
1068
1929
563
1264
3918
75
830
1253
282
218
576
2103
546
2799
1283
563
1483
155
4036
153
723
9
4863
1209
2065
91
895
55
194
2131
354
1257
365
1020
149
7390
3317
319
500
3645
1039
92
316
207
1182
1957
831
710
510
3248
2085
1221
1521
42
349
784
1236
3712
1266
380
891
4037
5700
637
2216
470
1236
1396
2971
555
1464
85
688
238
468
538
483
1628
2636
42
2260
564
228
677
2640
851
88
59
673
1522
1298
890
450
897
3314
284
1423
433
376
379
3237
1003
532
174
3374
30
1762
295
3558
521
1026
520
794
2536
831
1145
3997
557
1770
1593
646
347
195
915
560
823
994
1991
766
1134
1369
203
1519
946
1622
2874
507
9259
3195
2012
655
421
641
1097
34
669
8062
1
685
265
4393
1311
231
267
1025
3239
934
2006
200
2062
252
245
1573
719
1751
147
975
1794
3011
71
148
3770
923
1354
773
1746
227
111
3725
53
1713
280
320
74
311
2822
360
405
118
3
2291
776
852
3278
2349
1569
164
298
478
406
225
539
1585
878
1377
27
2245
2046
381
1418
46
1581
942
2244
685
515
257
527
747
471
343
187
1027
516
2515
788
208
2536
5647
2004
532
1439
32
2733
1679
1214
38
482
289
582
238
1548
650
1812
488
447
104
869
1297
1687
283
84
2190
2575
165
1047
992
197
117
766
32
511
709
1591
3414
3059
4852
1919
3209
746
298
414
971
1419
3781
1954
2247
2015
2206
4628
2971
2337
1420
1251
2910
552
1312
801
239
671
809
2094
604
694
1187
1077
183
468
1389
863
43
511
890
391
2661
621
557
2504
2569
2935
115
355
2606
4087
3101
70
2042
850
3
7
2785
665
4793
3232
316
817
1303
1904
402
1165
305
2661
357
353
89
164
3743
3351
409
1476
735
379
1006
1348
120
1207
1219
814
2
528
1726
1598
2267
238
2435
396
722
2594
152
1356
152
158
985
544
572
2072
885
2554
3160
1680
353
922
1378
182
82
570
1992
1548
156
1387
1861
3356
204
3640
1847
637
529
1628
5657
285
645
367
493
2342
896
349
1556
1662
54
1718
282
150
716
1192
219
473
1411
15
41
688
1044
2383
1301
528
799
1685
63
300
1479
1826
1660
38
3479
1157
1415
2742
6493
36
920
623
3390
480
825
761
3134
291
5251
5059
1548
3850
259
193
968
442
2215
2870
98
243
840
1842
35
76
866
148
3586
77
1110
1915
173
1082
650
259
586
332
2470
104
844
1359
908
412
757
233
290
1023
665
780
128
299
18
1376
172
1579
51
490
746
647
305
843
409
5255
1380
479
867
214
16
1333
5643
1120
2424
1454
1136
192
214
996
50
1139
3395
1142
680
521
985
307
529
1594
185
3176
1109
627
250
803
1177
5898
337
219
1012
1501
652
3133
521
4511
782
1978
1152
19
2832
2084
499
1444
1517
138
769
2979
1953
1543
572
216
2601
880
25
112
3170
3212
417
2627
1242
2749
3821
2166
2580
2299
591
143
327
525
446
92
17
2464
189
506
804
3419
645
1681
803
1176
408
4567
179
28
217
2467
1205
2545
995
1664
183
823
65
55
1553
51
3401
242
118
910
437
579
599
1621
71
257
405
3733
1240
462
545
677
2033
184
1204
420
133
553
971
3222
845
515
1030
1887
118
1921
5300
1208
2437
807
1472
203
36
92
1621
123
3510
17
371
2816
3857
390
513
2178
194
75
1327
575
20
261
532
82
1475
377
1802
408
858
338
185
3621
775
1109
2223
625
114
501
2176
296
2243
4011
2354
1877
580
424
333
342
607
2834
479
1217
2031
979
643
525
179
327
476
261
2056
3085
208
712
1720
2507
1887
1636
441
231
2525
732
1465
1350
874
469
1702
3675
596
1515
16
2230
1041
1202
934
168
1479
165
396
1016
230
644
160
202
484
1716
2784
336
1998
1582
65
283
318
220
215
1269
1288
826
697
2160
1734
783
1055
3569
237
749
383
3273
376
389
472
1900
4538
50
2915
1374
401
1422
541
608
2272
1266
1290
88
326
817
517
564
257
2708
104
990
1605
815
5450
1613
2841
1081
793
308
335
351
204
101
754
379
494
1435
195
208
3705
1688
139
52
92
230
660
220
2679
861
307
1720
39
2833
569
751
879
4127
342
773
3408
1391
3133
357
969
482
156
276
157
1310
1413
1169
325
1350
507
2744
424
125
312
459
1234
140
689
910
458
3783
2027
289
1122
24
1812
2785
1942
2318
914
2650
605
445
486
708
1175
501
167
431
1363
779
8
1183
689
886
811
1977
539
19
111
85
2776
488
515
1323
172
219
6700
1281
594
217
732
4358
1483
183
762
1029
464
609
1077
578
1167
2048
2124
524
196
105
1757
321
113
1109
1076
13
470
2214
3203
1260
698
842
1461
174
2769
1928
926
1057
306
1223
377
2515
466
2685
867
1218
1722
1134
3520
1433
201
124
1208
523
4181
2495
6056
1330
971
231
2559
362
1253
329
55
118
845
49
1035
1973
1363
463
1900
1812
19
1166
120
735
1576
189
2092
65
1170
93
1557
440
1086
2664
103
130
401
539
613
1582
474
1451
840
256
1719
1955
1934
257
537
4230
343
662
6991
895
1186
825
19
116
86
566
479
205
206
368
877
1460
730
854
150
2816
3894
2016
258
177
2451
712
521
303
2486
1840
286
1762
171
783
1761
1855
2307
694
632
488
528
461
1855
433
1112
340
564
166
121
2089
818
1972
14
4395
246
691
685
1933
3861
356
802
1459
2305
1916
418
667
629
127
1602
333
477
1601
319
589
860
2995
912
422
3631
3879
2239
575
3084
468
852
951
1205
837
425
235
776
614
122
2373
1027
118
2199
1852
1187
294
400
193
1528
928
1041
523
199
75
1604
656
115
2700
1063
1391
725
30
13
129
1112
29
59
459
4
3528
542
376
2270
1016
665
594
131
1429
739
439
39
12
2530
2124
299
953
491
98
1106
2128
443
4108
2386
1344
434
824
1916
169
251
801
160
1823
957
934
1667
1020
148
1018
2631
585
233
827
486
4904
6082
3566
8067
565
1004
2504
2904
82
660
670
282
907
1325
573
1045
663
292
573
947
1014
17
206
122
3
61
1017
1225
779
1563
1197
1422
820
251
300
1485
101
1850
192
858
2644
362
685
299
3407
106
1729
891
887
1902
693
2039
2239
307
301
118
168
949
200
242
624
5274
870
227
2246
2806
1173
281
699
453
480
3341
1350
1783
1507
877
990
1656
231
103
1436
390
1141
370
1242
146
796
359
654
3608
1084
848
1498
263
419
354
2841
2281
524
647
311
877
321
463
62
870
96
547
945
1747
1330
1878
1671
331
358
504
2588
498
1049
46
1025
804
1685
241
324
315
1738
133
400
5666
1008
2900
18
3201
1256
1033
4983
1428
263
1407
363
578
595
877
69
325
2214
214
1076
517
1808
154
180
1513
237
368
771
1688
672
4194
334
2470
398
315
86
7775
3947
1614
476
1505
1088
1048
99
117
2356
593
19
127
3671
94
1338
1056
146
3114
1319
1947
7220
3067
1354
1659
2297
682
252
179
994
1176
1921
569
66
1109
9
569
788
376
281
1912
1480
4147
482
61
2041
488
1658
181
13
1010
543
433
1709
815
2876
2541
1622
430
798
1086
556
172
5055
4747
44
2359
3385
511
1032
557
458
1089
146
1233
182
231
866
856
228
1058
2272
470
4122
2695
829
1794
1593
2416
1094
442
2963
829
2000
1388
1419
1842
501
705
778
1158
1480
624
996
5985
2401
2664
219
95
791
1717
1502
3198
595
3324
74
96
518
544
435
2674
18
3671
3760
155
1788
2027
429
518
1148
199
283
3181
111
283
1808
191
758
1547
2297
515
5540
316
1179
1394
467
331
684
484
387
648
116
970
881
6652
6230
766
251
1629
535
47
2320
53
223
121
982
363
3161
84
663
611
616
283
450
1644
817
235
6244
2047
243
1192
1298
160
635
657
769
2477
1095
1085
297
1367
233
200
377
711
913
63
1368
280
169
927
1643
1067
335
408
955
732
811
1750
1305
883
313
1081
233
197
978
1029
4743
2904
107
2037
332
746
1524
175
887
510
52
15
570
262
906
1423
2052
1536
1618
949
2573
1896
40
2510
3363
3543
294
80
1125
499
111
6006
508
654
1426
527
363
770
125
366
88
584
190
837
114
768
1439
980
2099
405
15
729
988
977
420
834
53
2615
784
347
439
283
837
1855
2532
2470
273
707
1069
271
1280
404
593
3280
147
1105
537
1056
1029
142
294
717
2307
173
85
3641
1001
1872
765
753
5498
1082
453
1726
648
2375
1188
2153
38
1554
302
1494
3207
160
1287
549
2034
803
1310
1383
2574
702
686
1940
756
1450
849
2075
28
2360
121
286
1930
1241
607
760
571
308
1030
1490
2359
220
1308
1890
4692
263
567
2887
1120
1930
1841
274
3112
11166
3760
800
289
2027
59
1317
451
183
4172
882
816
655
1176
93
193
1639
2143
1902
5125
876
3580
3093
461
411
456
5097
93
2717
3135
555
63
1312
2533
1001
971
335
2596
910
554
311
197
1054
1729
19
189
1697
572
3772
1556
1858
774
451
1111
717
4839
418
175
94
1814
1178
558
233
961
208
1413
1330
485
2
588
763
206
1443
45
250
139
1941
1381
905
1558
4608
210
452
2950
975
270
1617
4911
952
4614
398
845
2284
882
940
457
2432
1700
1833
2263
17
128
204
70
1488
1015
546
1254
1406
57
2416
144
1832
1048
2375
931
3466
4060
1236
2049
98
4607
1848
451
955
6968
6
1376
2491
889
628
2324
1314
1027
349
1394
2386
728
475
297
959
1093
4369
341
392
2733
187
1206
472
1726
2552
595
750
1411
471
291
814
4106
1882
1357
443
1662
387
5137
1873
844
629
1204
109
4469
403
1355
1382
154
3323
1820
2438
2765
541
3400
1104
1737
1073
856
160
178
1789
1786
5214
2233
1293
140
642
6072
628
1643
7
1665
1283
854
294
970
747
499
827
1792
1486
2585
710
189
1099
668
651
758
1008
524
193
334
3
144
714
1695
1428
368
2335
2274
194
1867
150
3983
371
1893
309
76
863
1700
1279
824
3947
1479
2737
2191
1930
748
651
1379
743
493
539
1239
1102
3106
739
10
36
1096
1482
35
1944
106
461
3243
942
12
4232
209
3564
320
126
5560
2609
43
446
1509
1608
79
2802
3326
143
1335
4775
665
1115
1544
1
208
1200
103
285
2168
331
320
475
512
774
7195
5592
385
1048
314
2220
980
394
286
28
4208
1515
374
3169
1089
888
2234
1061
591
578
396
152
1156
1917
2027
1068
3336
1488
2480
3142
675
970
1942
300
765
1315
1330
112
308
982
220
2366
808
258
693
832
34
242
520
590
1549
149
1274
882
780
999
194
1835
1191
1192
7697
51
23
5483
11
269
202
159
220
701
996
884
1420
756
396
2292
623
1503
1618
61
814
1893
2843
1066
240
672
1769
182
364
2751
2839
3804
330
3568
1861
2389
749
4368
932
786
586
1818
2846
2233
2689
1972
298
1442
2420
468
800
221
3131
3630
248
2657
1550
404
1721
1704
471
3984
489
69
1434
1349
338
41
386
1476
1939
2627
298
2137
644
2589
614
27
803
196
186
268
649
569
710
569
117
236
52
1462
3007
1007
1183
691
1100
2620
1346
343
793
815
674
141
133
79
1937
2356
2272
37
1648
1120
204
3160
717
3995
3493
1578
391
2882
363
2832
1851
246
2137
4805
501
548
1113
193
737
705
763
1163
589
218
1116
3071
7163
135
186
15
1872
32
962
1273
4547
410
1853
2223
802
1284
3919
958
540
926
3577
649
1033
2181
2781
72
293
1896
117
1283
1589
1262
1393
1245
1514
821
4847
220
1534
1484
1061
1023
215
2179
343
82
63
2098
260
1106
569
261
767
3527
256
279
1247
769
461
1075
1250
357
1733
185
224
1871
119
1737
187
2590
929
768
908
954
1195
1183
205
1026
773
2106
605
937
1079
470
1638
944
236
1215
2169
539
531
750
286
1402
1350
1507
58
959
998
4790
29
3893
3129
1105
31
1415
381
2559
214
896
4452
1955
393
903
4782
1287
281
876
3636
385
107
654
1086
96
94
4627
1463
2605
671
1435
373
5153
132
1504
135
25
237
328
93
1406
3133
832
1010
1469
499
772
935
736
380
1767
1896
1226
784
683
2523
408
155
232
1907
711
2238
4508
894
145
217
794
1866
326
1332
571
357
926
1058
202
729
3497
4381
739
143
493
573
7
4495
131
1379
4617
717
931
1863
4988
1499
1367
238
1251
164
943
2049
1939
3189
1665
2925
250
116
283
2778
3396
371
38
610
909
880
753
1027
131
4518
477
78
2065
404
89
451
4942
112
1477
316
26
3090
1358
508
47
834
920
1700
777
989
816
178
449
977
842
305
54
1910
2212
417
586
816
495
67
530
1367
2184
3094
905
1116
3974
165
3045
1676
1061
241
1653
781
679
122
233
330
957
5
123
497
581
969
2488
6
1043
51
1449
5291
1446
2005
643
1973
243
192
3819
1972
2579
336
519
674
810
515
1908
392
840
1063
1965
4154
657
1601
140
1425
221
510
2661
2227
279
3224
919
3587
655
46
2007
1943
330
1699
549
2615
248
1915
3551
663
4229
28
768
1211
688
2393
2869
1705
901
437
291
883
617
1114
707
338
1554
420
729
3501
2670
852
3378
1161
1087
994
305
352
711
1965
995
684
2174
912
1701
475
2422
527
201
1368
2862
1693
178
1485
490
965
184
325
3491
284
1669
235
398
237
318
530
1259
472
8298
10
1916
1953
520
467
2064
2717
1309
5698
883
2238
15
148
1465
554
166
841
480
7346
865
1190
468
1676
636
281
2385
1450
2
1405
1933
2797
2152
423
599
1479
1236
4150
1492
263
693
492
543
1408
554
1343
73
272
2611
512
858
1176
1246
964
171
3257
1080
38
891
2386
549
683
957
499
2157
47
3407
1074
1586
2745
577
260
1080
43
178
165
126
799
115
1434
4151
792
2490
1212
181
4062
957
158
751
803
1682
107
2487
507
2351
469
45
214
266
63
67
1117
541
215
284
1999
182
635
151
1909
2042
717
1570
843
2999
559
182
714
1564
1018
946
1939
41
5428
1377
1456
1735
380
723
174
1086
535
752
964
197
800
1185
1647
559
1598
558
23
1514
699
1251
579
210
1083
2038
122
1006
1317
1012
2119
3323
2998
503
331
1119
578
1301
262
1509
889
438
599
1449
2380
626
335
294
2793
10458
398
4269
2593
2740
1575
5051
2327
2367
281
1838
724
1250
2811
235
269
1526
128
4
1726
357
577
217
954
1282
2216
3898
3144
1211
269
316
109
960
1831
389
1379
2429
1126
646
3864
712
84
3208
3274
694
739
3931
276
1939
1327
240
303
393
1745
184
155
433
947
1085
438
3501
210
6789
459
2066
506
2303
969
149
1281
1130
499
1743
3504
811
1599
1244
2289
22
3025
864
290
153
1153
1894
2426
276
678
1714
92
1657
445
1138
2465
1083
696
3071
1907
743
662
1913
869
318
1061
327
290
4247
1177
2445
530
1384
2228
347
2090
22
934
439
900
86
3226
821
283
1090
169
1065
250
3156
2131
1545
989
370
1598
41
287
1117
1735
4251
173
2695
240
935
1681
980
1369
1204
612
365
282
4522
788
430
4659
347
237
1608
2967
235
6
769
267
235
692
469
4833
2234
952
3462
655
2618
201
544
1541
1068
14
784
135
279
31
500
560
1151
2041
7
1298
793
2338
1083
977
478
1279
650
3100
1086
913
2208
2481
116
396
459
2701
624
2168
3094
357
955
772
331
4061
3043
370
1198
531
1365
1725
3501
350
274
1175
737
312
2380
944
3506
2367
3723
190
27
4223
2415
634
2010
3430
1034
514
548
515
4230
414
774
216
27
272
962
155
669
1062
24
1378
1734
1539
864
90
268
877
439
974
2321
1076
485
722
804
722
1240
341
3
929
5453
341
2418
6431
1113
46
1325
1129
745
1688
1883
563
1337
403
4415
1778
1309
967
1260
3275
872
1062
1459
2815
632
2296
288
95
136
1605
2757
682
39
5218
7772
1604
599
5227
1112
1868
893
493
1206
262
1113
113
1793
979
1261
946
594
379
738
18
3855
2281
1143
1492
1364
1233
1689
701
69
178
1213
411
1519
747
255
1232
228
1298
1472
1117
16
1661
2458
1111
3086
2422
625
784
2033
66
1024
1524
3244
657
654
1629
91
1282
1028
60
345
3020
1049
1951
3317
2385
1831
2283
2207
20
56
1160
365
1894
22
630
565
148
4277
241
368
52
1209
2100
2033
267
379
1140
1059
998
218
722
939
30
1498
3505
4828
401
741
2379
943
2381
392
2692
1043
1972
3840
1480
194
79
1509
2021
830
389
675
414
680
1189
676
1522
2726
1960
161
612
1277
374
437
1116
3174
74
5253
695
398
12
747
1666
4406
191
14
289
72
3424
881
132
265
133
142
609
822
912
91
861
1561
1745
2469
1522
1095
1267
1717
752
884
181
575
2
681
2539
422
793
2441
1982
133
2942
5724
1364
277
24
592
19
598
326
415
1587
469
4030
392
3809
1246
216
851
66
186
689
619
1022
569
1355
1115
231
1751
1004
598
1668
2004
2634
2655
349
1684
950
2393
3832
595
159
604
168
588
1652
525
690
1106
638
2713
2525
3137
1554
1236
139
1064
1602
408
1821
553
1714
4315
2226
247
2864
3092
1165
386
731
1389
2829
218
158
799
845
90
229
977
223
1395
1550
435
971
678
3646
495
1938
1133
1695
3278
913
2415
958
1727
63
1744
71
439
1044
688
5589
1544
2083
5114
1094
1904
682
588
1094
392
820
617
1
1489
4318
363
272
2524
529
3742
795
132
157
512
2207
1581
2992
3162
366
332
555
263
1048
743
437
91
3291
1123
1855
1690
1669
803
82
2641
1718
2333
3914
1153
2256
3363
829
532
2139
724
970
1815
3763
2281
3232
577
4239
1556
2327
339
3363
960
50
3289
1819
1196
173
125
1594
1205
255
1934
71
285
3058
40
464
1527
903
967
851
1218
1083
2489
860
601
389
986
978
865
7
2649
493
333
668
2165
907
30
1581
1821
1094
238
815
2270
688
200
4457
2137
222
846
3243
458
2097
1432
2641
3347
3284
3411
256
2029
482
2881
1819
308
662
307
2624
1399
1103
2561
95
3921
151
1620
2469
1048
1372
1587
185
1387
254
21
1695
405
2423
1232
728
2476
5497
89
337
460
2416
744
1321
740
659
313
1797
2164
1003
2157
516
384
439
5039
948
299
1132
1
1733
1253
131
598
4173
324
1345
975
395
654
57
2164
793
5347
1381
2540
245
67
2409
398
3738
14
183
1336
770
793
619
56
2339
658
1255
425
79
12
206
374
2002
463
1071
822
1916
606
1269
881
156
300
288
343
1294
2178
135
2570
1213
4210
995
634
641
594
1608
713
225
72
3386
924
68
7111
2005
2165
200
72
887
507
1372
2218
452
942
589
2063
541
4494
3168
1100
1462
555
810
8547
3590
105
526
813
10
536
2900
199
407
27
12
799
1392
3155
592
224
851
389
166
1678
316
1818
1387
5200
471
522
1228
17
150
580
2099
2774
27
529
918
2225
3094
1086
1220
2838
162
713
1684
161
148
176
1105
222
106
542
845
2274
2236
136
239
1210
423
1930
1707
296
44
886
1482
1693
503
2842
854
2858
2762
2182
1157
184
1459
1306
1923
345
488
31
749
69
5049
1324
5980
1182
8
1769
155
283
2176
1432
1220
2284
568
674
3045
68
1639
650
789
1802
152
362
376
2066
1176
2022
621
38
222
253
1266
642
1447
1112
579
2190
1280
1270
506
1748
1586
367
674
1476
771
272
700
1858
531
1165
1096
219
355
453
2529
1251
765
542
481
1694
2552
3258
663
1321
5135
208
233
1410
965
297
1713
1169
652
1001
21
18
1599
104
41
2123
156
728
409
1460
371
100
549
1838
600
3336
2484
3210
1114
787
40
855
2291
846
2052
389
1215
499
1080
1019
1201
213
2744
1023
3345
453
438
528
991
628
1370
4366
3348
4025
2911
2899
1362
2836
737
576
1365
2956
1360
4390
440
576
550
810
499
334
1945
92
394
97
1245
2797
902
4224
3124
5620
1469
1985
334
1581
2252
3034
468
2868
872
278
806
1027
548
622
628
2646
586
251
133
879
1489
1672
960
2370
48
206
2737
577
333
1505
500
1458
1282
646
1109
3214
881
19
1413
1643
480
942
1267
390
220
723
331
442
1470
107
124
12
4370
756
505
182
504
134
73
41
347
431
168
359
1965
439
193
360
132
2247
108
391
3315
1134
153
1154
777
853
502
201
827
148
185
264
2237
1605
1601
493
622
1726
2131
3089
1548
281
591
923
1231
1643
493
3043
1788
1962
568
513
3750
770
2498
3662
109
83
221
1424
359
2108
2954
844
477
192
211
7791
2101
3051
2719
2120
2951
1766
2184
1484
135
1174
3904
613
1311
404
2734
405
258
3837
2280
261
1257
1768
4798
61
917
69
1686
781
1213
428
1438
116
345
108
742
1564
148
207
2574
1965
1138
2322
1114
359
892
2224
574
1362
133
407
1333
1360
1333
69
2076
3690
192
43
89
504
172
785
100
554
1869
3937
2310
505
1094
2442
296
1824
232
448
1283
662
165
2971
535
62
2488
324
222
479
483
518
359
1354
57
982
367
637
112
978
577
353
351
301
610
1153
4162
829
489
221
54
799
1827
367
90
1829
1009
43
1188
2401
185
110
213
3114
670
1810
586
1055
941
306
159
572
1467
507
639
2000
109
384
1033
1250
947
449
4519
364
2935
870
921
4457
885
1937
1229
1788
279
1496
1505
5749
815
405
9
4437
1082
6165
3327
377
284
182
5820
903
1417
861
676
1079
917
2250
978
1950
892
497
389
1722
999
1105
1316
385
1070
747
1084
1653
4960
292
1975
1836
3226
12
4079
42
574
1067
366
2280
1128
113
862
180
4991
1950
8
40
854
207
265
1168
1457
1885
233
3605
560
1128
41
213
291
31
1014
356
3407
2264
747
848
209
582
614
1043
1694
918
288
59
1190
134
834
573
843
679
370
1736
879
967
97
2774
1503
3148
549
257
811
659
797
899
3878
2861
1741
439
813
946
9505
232
1176
342
160
297
995
505
110
2211
432
803
889
991
2951
117
2455
398
464
2293
808
1684
641
771
854
677
73
698
1200
4085
1998
702
1715
416
1166
43
923
852
257
3377
2088
211
1736
1314
1009
4597
231
256
1136
609
1867
7102
474
631
1027
440
2378
56
3549
359
562
308
440
1225
202
2279
1322
1376
282
597
143
419
671
714
382
1001
538
495
20
520
1468
2022
1078
227
1042
489
424
627
3173
536
2659
459
2099
348
5655
957
3130
1407
5
3067
316
1079
114
2364
701
1757
363
5
2
4468
1366
420
500
2057
3232
356
1816
2703
1314
87
1794
3693
745
1902
496
140
444
1225
10
2785
607
607
881
1660
2027
3095
2160
5030
1240
631
200
529
3468
1112
1894
1843
2752
472
732
1531
365
270
5009
1941
4030
591
1999
638
525
2047
432
2834
301
898
749
301
33
1546
132
2437
767
3051
827
2171
60
2240
445
1264
269
353
1265
856
528
517
452
427
829
632
698
784
121
829
1344
1585
3933
1680
569
653
702
462
323
28
3735
2257
147
2277
923
331
1929
2851
560
350
327
2636
5937
1820
72
505
3434
402
179
1735
2040
153
1333
461
83
2310
19
1455
674
396
1312
413
632
6760
33
418
1844
827
564
91
77
2076
1552
4150
1179
259
15
539
2848
2925
182
871
1258
486
90
1970
248
1140
1130
2168
695
140
1064
3432
755
145
865
607
2362
1738
2526
498
174
1319
521
3349
1644
601
482
648
2595
1402
3942
981
591
1712
1004
278
1162
790
1166
4700
1821
1857
1180
132
848
1392
1271
457
1915
5271
968
218
609
554
905
914
1319
1428
237
1377
1185
527
107
214
1161
526
120
209
1001
210
302
406
803
7
185
841
992
457
435
156
312
2095
1101
1268
759
2518
1324
519
745
448
180
3243
351
6
524
153
1102
1785
1181
1037
2217
1316
55
537
2882
982
193
193
1227
3286
2460
3252
3856
3357
5095
