real_Parameters :  bessj 	 failrate:  25	 Fm:  592.1588	 且最后的Fart/Frt:  0.7686221223999999		   Time :  45.8734

162
22
185
139
264
229
195
33
306
496
565
602
599
616
270
58
322
332
43
94
912
644
680
963
377
234
501
732
1282
1459
351
889
773
974
476
931
428
141
647
1237
634
84
76
1613
726
407
921
668
532
573
90
331
571
556
779
886
59
355
168
47
926
248
401
78
206
43
1986
163
1179
772
252
193
201
684
3
153
340
286
743
1372
664
80
831
138
166
227
1822
808
1634
484
369
399
1055
1445
607
48
1344
1499
63
801
1407
1023
1132
630
34
150
582
630
678
103
54
441
82
865
891
155
691
632
724
606
713
409
120
217
227
1537
301
166
441
906
143
193
925
8
1234
468
83
54
759
921
406
507
1665
1120
31
1809
101
538
161
363
1804
71
1039
883
312
153
2189
576
3356
471
139
58
193
1224
402
1360
645
897
157
631
495
256
745
298
1155
836
1018
87
770
82
89
556
1010
47
18
323
113
70
422
493
532
2683
1295
912
173
312
86
197
631
1329
221
1221
772
626
1314
99
603
116
63
101
181
578
347
735
284
813
1432
861
1260
226
988
351
1918
348
356
112
263
1219
918
2059
458
286
66
457
1362
60
791
687
172
32
1578
320
561
723
889
847
804
26
862
1761
314
735
785
207
92
440
80
612
143
722
1393
495
721
1266
39
1767
39
461
750
183
300
470
258
955
316
1263
224
1
258
562
130
128
1810
853
573
526
846
879
27
1888
544
2367
43
666
634
387
1663
332
319
1737
157
53
772
7
1054
1032
350
290
44
228
1400
14
179
552
1394
1216
1147
5
1330
600
114
213
529
106
682
385
251
510
785
359
815
973
94
99
92
1167
152
225
980
261
346
278
1377
90
361
225
734
396
1177
93
1359
860
1
510
78
57
589
95
2967
174
140
18
846
217
192
138
106
3063
103
2072
236
86
149
74
2264
751
293
421
774
1400
472
583
63
1607
22
760
81
101
89
835
1244
1028
1676
51
222
96
582
751
174
634
410
304
30
875
208
50
353
120
1039
1401
1434
189
1186
8
123
1249
406
1466
1210
156
152
2087
324
748
1081
834
1151
172
131
609
1249
165
122
286
1293
130
1044
344
171
336
351
595
391
63
69
126
2840
990
1249
126
487
149
518
1022
248
680
136
684
2151
675
1910
1140
557
202
750
94
921
217
895
351
179
235
685
945
400
11
79
143
249
1399
422
877
531
159
559
1796
224
483
255
72
230
48
278
1712
663
173
129
1885
563
680
91
1714
199
246
1014
1432
184
457
208
449
1209
1704
84
985
1344
185
232
991
680
59
393
72
1532
126
338
180
247
577
466
2214
624
58
45
894
900
1025
106
886
1787
389
786
1
274
1015
1106
1395
844
240
924
268
347
1186
1330
1178
144
1259
642
1119
477
270
1177
974
709
640
1481
253
400
40
614
15
23
1473
952
659
468
251
931
284
252
290
1310
484
1152
233
509
132
409
1326
152
766
1991
77
76
802
21
399
226
287
1370
204
155
136
414
145
617
591
237
145
534
533
653
86
127
344
22
137
1697
1590
51
807
174
605
408
164
1084
475
198
2192
278
292
120
1169
152
57
276
126
799
756
78
69
52
124
470
143
1166
120
491
741
33
467
86
156
2529
92
236
345
1528
104
52
340
197
22
125
1132
481
25
628
76
324
176
1167
1567
213
93
374
227
45
626
138
399
393
1194
64
1234
875
22
263
1183
52
184
485
791
69
356
582
85
868
558
100
443
479
935
241
487
122
1026
22
694
132
311
683
36
653
77
854
1221
219
2967
501
129
1679
137
593
939
1637
207
10
221
1073
851
469
419
1576
237
1794
77
718
432
274
66
165
85
885
1210
385
553
369
210
302
814
329
846
773
790
781
495
1523
268
202
150
595
801
232
903
1513
901
1649
387
1080
863
1393
249
116
157
344
31
207
101
780
715
257
1174
1167
852
565
1104
460
1156
210
537
679
1341
1648
77
662
196
471
322
1227
5
90
77
119
655
869
524
35
302
778
170
32
844
1678
348
275
168
912
607
270
683
74
930
713
102
3
975
1232
1055
716
200
63
286
1166
1051
1081
526
400
787
211
115
601
1334
435
240
90
658
371
236
436
1867
843
188
1882
1152
60
193
1528
87
952
60
358
731
225
255
862
227
531
748
20
397
328
645
57
723
567
1
1686
1402
158
251
368
1006
34
314
630
141
598
825
43
489
258
827
668
195
280
1744
1144
159
957
1038
513
266
101
49
132
74
776
2193
520
149
193
506
17
124
2559
375
666
146
639
388
595
433
42
1020
14
171
65
167
257
68
931
104
495
2766
1324
398
640
178
1127
501
197
57
281
551
405
150
42
299
46
338
1244
538
899
1033
677
158
364
410
422
404
638
644
154
1112
1017
196
706
1019
166
640
852
351
1179
452
214
347
82
323
577
122
368
866
746
22
580
36
36
594
339
239
386
825
29
489
1259
72
100
1078
401
937
46
688
349
699
650
2316
705
76
726
82
826
219
2
1677
187
54
281
42
930
71
238
895
580
1157
71
236
210
88
491
470
1280
1029
47
691
637
1232
846
572
532
1284
515
737
454
19
1641
843
24
784
165
84
96
90
1155
590
1337
691
215
1493
359
743
64
759
458
137
1310
48
1655
448
193
1501
2604
385
1281
504
2503
782
364
198
1562
766
268
92
182
257
165
541
492
342
293
1091
572
580
163
925
134
534
1490
1777
654
1949
916
357
61
222
341
353
1031
1168
129
260
345
1924
450
2420
2140
19
210
359
805
1151
914
296
496
768
225
1531
187
466
235
214
435
136
278
353
1035
629
127
2503
700
1119
827
405
175
986
146
1264
1336
69
125
459
1189
494
89
218
624
620
432
16
1756
1042
219
754
2115
927
2172
706
67
1587
363
168
779
154
315
1500
617
647
487
424
232
1035
1023
370
754
1377
962
105
1558
152
785
792
147
294
298
200
71
593
513
578
844
261
44
879
390
743
404
50
67
144
1034
1922
124
480
920
850
438
1316
321
789
1698
74
997
217
88
603
57
326
580
126
146
824
560
1028
93
990
781
38
77
68
210
29
1216
304
192
1007
239
2233
259
78
27
91
1680
260
1006
165
56
198
738
135
376
292
492
909
473
577
633
345
202
308
1329
166
1024
704
43
793
430
290
130
93
18
122
474
1242
1047
405
535
267
434
119
739
99
249
181
984
3
1018
525
332
305
83
972
483
168
377
65
1593
378
976
1112
61
74
107
116
2324
2023
134
23
152
862
1215
32
1159
158
715
2196
257
65
830
23
877
1098
48
136
564
16
62
139
1141
348
1241
871
220
820
1555
124
89
61
41
276
916
651
1179
364
651
82
91
166
38
64
359
1604
1193
338
43
120
1254
170
521
1150
390
161
1095
68
611
897
218
662
169
863
211
175
885
601
86
410
918
1711
636
2220
1153
68
208
712
288
793
940
35
529
901
275
687
783
1065
45
977
1388
445
32
530
638
1980
145
381
1035
499
995
404
1860
1051
298
1693
2711
1465
633
502
220
285
665
1678
247
1216
126
552
1
486
1517
1524
334
251
1148
180
337
1513
339
155
412
180
530
166
234
112
578
2143
1264
677
504
334
155
74
934
293
139
1476
79
1356
379
562
1056
159
1034
1018
16
357
1193
1051
565
1943
326
1351
1222
218
175
1297
43
34
160
1604
517
1244
662
2030
287
640
166
715
472
563
97
317
129
685
188
907
124
1564
406
596
67
25
1640
72
63
661
394
42
283
81
875
20
1435
169
526
1411
684
251
1119
333
1734
182
74
34
73
1510
177
20
864
56
77
1645
1073
1203
243
161
249
939
497
62
492
68
1209
208
767
50
836
466
620
229
447
502
1173
1399
595
462
220
64
25
193
385
306
1612
477
743
911
211
719
177
1053
181
77
54
63
54
268
213
1647
421
204
134
256
221
2556
680
796
591
76
793
98
727
651
121
1139
446
1033
1765
554
306
455
1603
225
912
807
362
501
326
831
261
369
750
323
954
198
65
517
1884
421
1533
125
380
631
635
1093
93
274
1180
905
853
48
258
43
619
284
882
501
49
347
1
199
814
1946
385
821
162
529
75
141
63
1935
218
392
227
104
708
572
661
104
126
293
527
788
626
1509
52
1280
1621
56
1220
954
210
50
295
313
486
2875
740
1189
272
368
539
73
336
141
529
188
1075
941
370
99
757
39
353
192
252
1935
669
876
627
163
205
674
181
510
208
15
901
1412
581
122
1171
467
1067
600
195
599
880
43
72
605
910
785
87
139
1271
274
617
28
31
216
55
1571
775
454
662
1303
375
234
621
399
574
676
591
1209
663
707
665
776
1335
441
1265
253
171
716
1775
15
203
27
514
703
1097
45
1163
154
19
675
120
74
45
1566
887
115
231
773
346
1703
522
1840
325
275
2544
1916
941
554
259
1556
256
820
1312
274
149
265
349
139
1016
102
1079
150
24
78
399
121
845
280
1196
338
1017
477
156
875
1117
886
44
150
154
582
68
865
917
98
362
100
775
74
217
1008
1050
172
1143
3212
818
1017
635
915
1210
335
850
2087
52
279
628
349
290
160
301
64
702
528
507
149
210
764
1411
51
467
261
1564
390
291
514
172
519
481
122
488
138
500
107
316
659
137
561
951
1071
1122
45
604
1868
458
1666
1099
769
704
953
850
119
140
1537
790
111
81
108
498
487
605
944
113
89
2026
186
1608
533
81
927
521
301
1120
934
267
280
220
84
1513
341
299
605
549
1158
284
446
1627
580
835
97
678
20
238
408
61
247
267
71
840
53
255
1062
490
1053
426
142
298
319
729
821
640
1176
432
528
567
190
1552
545
229
728
238
424
608
195
817
93
919
409
1328
397
346
224
1801
5
381
1006
806
391
557
158
750
1108
28
496
409
190
50
81
192
86
174
815
406
83
586
213
58
935
350
978
740
177
1432
405
1476
273
327
74
67
1378
354
290
49
624
211
64
430
602
211
177
202
1601
913
80
1014
1308
1125
209
1565
343
3252
102
175
260
152
88
855
155
121
151
822
351
204
131
709
319
458
690
587
401
1154
283
1532
1464
88
437
2066
351
1347
850
984
58
1239
460
226
584
460
77
172
396
17
229
494
854
978
194
251
117
849
1421
159
198
659
686
56
511
1556
1201
783
694
114
1454
228
343
564
745
146
906
2
301
403
506
381
376
25
157
453
218
159
321
670
168
1513
821
1935
274
1041
1036
65
121
671
120
49
559
1551
142
858
48
192
935
297
1010
132
584
30
113
135
75
190
337
672
892
2778
762
28
779
804
1329
353
2098
850
820
67
40
1071
407
18
114
1405
862
139
557
665
83
761
220
169
21
24
369
1957
302
22
168
108
71
1361
146
1676
336
769
1628
416
419
775
63
1178
1396
326
869
80
1019
361
1401
618
577
923
101
303
99
1497
160
1371
375
444
349
825
174
243
472
300
1086
1183
1594
117
2
1298
103
67
747
987
587
891
196
555
1115
325
429
446
1005
85
1082
835
1843
194
344
535
139
405
1252
1017
880
132
770
422
290
49
287
1284
578
459
436
1013
719
494
157
211
354
613
43
461
209
1199
170
444
474
45
119
339
1409
743
84
353
304
67
1279
771
756
1155
358
399
355
66
91
481
197
793
572
241
259
325
1848
1067
977
906
104
367
374
56
282
1222
1023
5
45
1233
183
958
359
628
555
2082
134
144
1216
97
89
37
641
138
203
88
2914
1115
12
633
600
873
380
136
664
58
61
604
423
40
252
1180
118
232
658
1860
1664
2009
1571
873
783
703
283
975
1121
1290
121
176
299
680
176
344
1144
99
1010
1057
45
204
327
473
177
263
603
475
192
387
59
25
870
1650
61
1726
402
56
87
342
583
942
127
677
209
1040
589
1070
124
1011
126
136
111
930
304
111
314
74
108
66
436
79
658
217
919
543
580
224
426
2606
140
497
1552
22
179
458
252
1132
710
86
800
937
1213
929
725
1074
402
100
632
778
1875
78
1110
284
493
540
52
826
43
235
517
550
92
2266
196
350
1813
726
2212
386
281
958
382
795
350
1004
256
147
43
992
106
158
293
275
677
94
449
518
244
655
516
68
87
395
659
990
38
395
1488
973
2
976
208
840
867
1550
613
949
931
529
981
223
154
7
1044
165
1244
602
182
1340
700
1246
230
457
483
886
57
323
79
249
491
1405
651
700
173
721
409
4
69
60
1562
165
452
1858
753
196
724
635
193
373
333
138
504
784
899
32
879
119
125
113
1001
404
269
245
112
128
883
621
1129
661
921
1179
1958
1023
959
173
696
470
902
178
2337
1724
823
156
439
147
35
274
492
753
880
365
62
699
158
973
2204
253
382
31
1301
400
1133
185
47
90
451
295
1058
87
1183
279
647
74
756
97
1279
117
72
552
1801
728
121
364
137
1485
1179
2132
1184
1096
386
1771
2500
451
933
116
34
755
824
257
113
1376
1446
1044
136
2055
296
448
110
1501
1250
40
224
937
709
122
495
20
1676
129
1924
1507
280
675
1501
757
1250
668
363
487
1527
611
142
688
619
65
61
214
150
186
723
80
184
2166
132
2053
30
437
92
118
640
597
45
470
1320
591
1222
363
556
387
328
811
916
574
24
106
299
148
1316
759
298
2391
313
197
1316
1638
462
491
507
43
31
131
174
159
89
2164
114
1029
2032
993
878
538
1254
125
977
248
101
314
139
165
121
1828
638
217
250
276
96
704
363
68
41
601
238
302
1089
1221
231
37
889
112
272
1892
497
305
77
857
206
57
566
488
1156
1477
549
1132
903
399
794
435
166
265
455
194
665
696
549
818
849
1772
2034
1623
1184
596
525
183
34
80
2557
1287
572
376
1587
107
901
443
394
1016
568
2428
269
1758
886
823
524
1029
405
370
855
265
274
423
383
2854
1817
1051
1840
3132
185
847
619
473
749
1718
275
69
1372
63
342
767
1234
1343
295
280
126
1310
219
65
74
434
161
557
224
916
616
33
1255
134
80
182
196
492
701
101
615
746
646
187
188
1521
1680
23
1022
86
463
17
246
682
402
903
327
1538
264
246
461
1247
355
1025
1053
83
602
492
1011
795
116
1285
331
300
475
50
1192
1448
357
346
32
657
400
262
356
222
357
1789
80
634
322
46
173
731
444
192
111
294
722
1270
452
28
111
73
586
599
2159
494
1090
1439
1797
898
337
138
392
100
257
1704
1656
274
2410
944
877
848
246
53
500
460
286
749
707
696
260
627
322
239
720
1198
1745
65
170
290
610
1157
881
685
246
2139
71
843
93
543
1033
573
1378
161
164
117
53
560
22
481
184
384
1519
519
49
1637
753
95
170
58
115
545
1336
773
251
77
1094
269
1774
151
173
1520
816
629
765
480
806
116
369
163
873
1413
205
50
589
193
576
92
258
63
183
463
148
296
381
78
133
45
1156
1184
591
1959
609
79
539
609
2063
53
177
33
373
320
688
901
569
132
203
260
211
969
531
770
1447
112
1058
1305
300
845
575
1026
265
1065
119
1349
108
410
30
1220
1740
998
1769
863
525
1984
1096
1582
20
598
304
4127
606
357
418
1125
189
967
1300
445
181
186
974
1296
557
578
1963
1114
913
51
188
581
414
1251
345
954
360
418
236
235
249
285
1233
246
869
94
303
96
657
1237
177
990
992
1350
73
609
292
682
682
1198
747
596
106
516
1109
399
186
98
141
668
1010
954
121
575
1150
436
1271
1693
300
83
226
479
959
436
494
534
95
2134
113
1526
562
926
363
1761
291
587
894
320
58
504
261
193
353
797
839
227
219
127
737
1234
448
467
2106
47
272
487
128
1116
243
633
80
96
451
135
1254
53
455
125
1126
485
1171
1149
109
1757
76
340
303
866
58
543
1318
480
1430
668
1182
1135
322
846
181
202
1137
150
631
1609
1166
79
705
173
177
1391
735
229
1348
535
152
1802
389
516
71
295
289
249
738
876
685
545
342
38
1341
1408
1454
1248
605
729
131
1561
847
537
385
1054
951
197
102
1345
833
542
313
841
772
116
92
477
135
787
93
1096
1319
333
1692
932
347
189
293
276
864
118
378
502
316
1190
1734
162
91
861
803
40
321
627
1090
611
948
758
1792
1313
1457
244
792
253
49
514
122
1242
965
464
442
1495
1494
593
524
559
860
195
169
284
1222
561
1705
1419
481
48
119
951
534
537
262
983
112
364
849
352
540
34
99
264
724
107
1113
831
1278
996
45
146
219
1139
74
81
335
579
266
303
891
51
894
3019
958
253
2467
791
474
422
82
194
971
1142
180
305
538
386
252
353
500
222
495
30
101
188
88
34
738
947
690
131
1539
594
204
1817
299
43
2
216
573
177
1819
389
69
603
1247
918
131
704
834
64
305
439
768
55
518
416
909
22
1664
265
109
124
114
549
671
907
1220
205
61
231
181
1751
309
260
877
456
170
167
544
124
152
134
893
456
163
491
371
204
921
220
199
156
953
402
672
945
1043
274
1221
147
98
334
33
103
63
251
550
1107
728
14
178
320
469
22
120
259
440
64
1080
861
719
82
294
206
168
103
419
17
927
615
1166
1221
197
101
1036
1640
618
453
189
641
132
702
501
1556
1813
866
1262
177
542
843
317
234
334
352
63
1014
64
838
601
770
1615
255
848
1089
432
996
584
1065
538
497
126
905
1322
57
68
289
300
1523
169
601
304
182
1542
1102
58
159
272
52
333
440
414
821
684
863
673
231
1571
1328
147
67
243
75
300
954
1165
312
353
82
1217
976
214
100
787
100
115
720
530
144
252
356
177
389
45
350
76
1634
32
765
682
157
374
1267
147
17
13
668
1303
502
519
135
198
491
610
588
498
152
467
1829
386
39
296
40
912
401
1329
131
906
667
21
1100
249
303
146
29
297
2250
578
558
1016
431
4
1009
117
1152
1124
406
1543
448
625
1001
693
240
447
877
142
170
91
91
1787
91
276
465
913
969
23
69
165
894
651
586
617
313
550
280
263
127
771
312
1787
258
501
296
890
297
53
80
283
154
31
104
1311
282
2876
497
1150
1040
839
141
1240
351
210
906
503
1288
259
423
217
14
673
2741
792
49
373
155
7
1176
115
635
1621
177
658
897
265
1353
233
554
346
254
357
96
203
151
1130
536
377
1300
206
189
157
451
402
1631
1137
963
980
277
702
70
70
571
236
798
602
584
520
107
1302
566
801
491
565
1079
264
236
5
654
347
72
89
629
583
77
631
58
633
837
2949
436
2050
2135
64
1
917
197
55
57
368
311
1
1443
50
178
540
207
465
534
724
4
1277
801
690
581
331
1131
1565
81
171
102
263
1256
1014
1511
556
1913
639
374
108
83
155
883
309
1047
398
1229
322
775
73
2889
678
159
68
519
79
1008
413
790
874
596
1554
614
105
2511
109
367
2099
597
903
540
444
136
46
695
1144
270
1071
193
353
556
71
492
1052
1304
47
132
135
58
788
1092
957
1023
106
1956
600
256
175
299
697
274
236
171
558
2444
2822
355
101
1066
294
610
142
76
1245
202
311
93
906
1220
64
1454
104
22
565
71
224
352
1570
462
330
640
412
3
462
86
854
1220
73
965
936
413
1186
631
42
322
152
616
1103
627
123
58
147
622
372
1437
897
1113
770
620
101
252
578
1607
2133
782
997
412
116
1401
36
4
373
1001
408
759
566
896
308
789
417
561
338
1045
379
681
141
1183
280
483
604
196
181
504
20
469
70
419
1780
76
366
20
85
212
629
26
1311
1242
595
749
765
1082
571
1150
972
509
1636
665
249
310
88
1115
1007
108
189
19
277
233
819
696
154
683
707
242
1029
114
2748
199
1103
1425
468
22
122
169
34
84
412
493
44
169
52
564
1069
738
240
148
28
1061
1047
483
1864
659
754
154
254
601
557
294
40
1421
846
372
475
366
1180
38
255
466
567
560
133
308
1318
102
371
145
21
635
667
820
31
46
942
266
747
302
661
1077
553
54
112
1321
1665
340
557
153
1621
394
661
275
247
1042
780
46
422
118
343
721
567
1403
104
177
554
2168
185
1027
707
240
519
210
513
2038
968
936
347
678
78
123
82
264
97
370
487
58
1008
1598
568
44
886
20
1061
162
88
545
272
57
1149
93
1318
1441
1358
1203
121
339
416
39
372
71
133
2300
112
462
153
47
350
76
1435
70
214
648
76
773
946
264
70
513
227
515
30
109
611
900
82
91
137
553
1139
891
93
1827
293
2481
1454
868
1545
244
397
329
306
117
163
82
578
282
99
87
235
128
1867
434
563
846
450
13
158
666
269
947
631
399
1308
18
89
460
401
25
356
314
1539
290
4
796
928
251
535
399
327
1043
580
523
309
225
1091
1333
415
69
128
112
795
581
382
772
46
719
38
159
130
1109
275
103
1561
772
576
818
57
914
639
631
24
487
1784
514
1003
246
101
50
535
416
553
336
35
98
309
136
1242
1013
535
298
282
901
455
24
885
240
165
125
871
127
246
1300
343
224
1234
348
165
1522
138
1082
632
95
993
291
1103
269
241
1130
181
317
804
26
350
1294
211
593
2845
811
757
808
708
176
69
74
984
336
894
357
990
272
322
282
97
748
177
135
112
158
44
558
160
35
109
1189
714
212
135
30
229
53
23
168
79
1828
194
739
311
1057
131
334
337
741
576
85
1244
442
618
350
604
336
1423
157
81
778
178
95
94
157
924
517
403
177
473
514
769
975
338
183
451
1861
248
137
1420
1603
16
95
344
167
488
286
950
25
119
302
337
680
858
861
371
1254
665
481
1156
1509
532
243
1462
442
138
84
170
1605
421
497
1220
1035
409
217
1628
212
779
784
319
55
209
1125
87
2
986
665
1379
299
520
111
301
1232
1642
1134
981
1020
804
480
1919
522
653
206
466
347
1366
104
375
866
674
318
931
555
488
62
343
178
703
702
504
1336
270
2013
108
84
45
1330
570
38
969
1154
25
1188
570
69
739
92
673
432
2238
21
1321
782
240
601
761
1030
74
101
92
1373
582
96
252
2489
1119
794
436
2366
199
55
202
806
1368
671
762
120
355
618
778
488
1900
339
373
1298
1001
2768
369
143
191
734
50
274
1076
372
136
368
532
932
38
426
1009
35
228
769
102
766
704
206
366
500
1567
1126
680
850
3
355
1
1173
27
1255
19
727
531
872
1619
276
417
112
759
248
1241
852
88
95
769
28
57
707
672
341
394
1238
2142
253
1311
73
416
768
245
33
598
1129
551
183
1070
271
308
904
36
184
407
380
450
330
893
72
278
384
112
1533
245
712
1598
1292
125
455
1129
1539
603
497
995
265
89
100
220
733
1282
112
2726
478
284
170
416
2011
400
289
304
458
257
437
139
87
282
64
92
1053
2042
705
509
834
1198
70
149
955
697
675
926
23
1113
1494
967
1257
73
68
543
78
243
269
1550
195
109
1747
177
78
341
96
25
197
99
406
155
1941
250
2021
394
31
188
1195
250
30
111
645
43
943
309
12
514
1531
808
139
305
1107
1902
110
621
761
276
573
111
1815
893
97
646
76
203
517
449
161
98
151
872
775
150
111
87
149
1322
39
257
1253
1
199
125
317
1328
381
285
536
237
380
482
649
1622
679
650
1977
1588
942
1577
1278
334
288
1034
355
81
764
847
132
630
1456
1459
617
782
295
786
23
2117
497
900
1021
551
592
537
1443
36
270
287
299
335
1608
361
69
720
50
908
210
1288
433
59
864
958
252
276
1122
2
777
1029
804
53
1072
114
882
88
254
1046
119
259
255
574
895
165
464
868
310
265
54
934
1516
546
208
3
518
254
1109
533
844
233
796
81
609
1402
1246
111
58
608
89
860
239
299
790
215
19
192
58
2
113
339
404
529
1230
298
317
61
1218
823
150
312
1602
1743
296
69
467
1347
747
241
115
488
78
17
990
27
655
135
1037
70
25
1848
1480
1535
490
1975
347
1885
68
179
74
517
995
154
1070
950
175
254
485
3
450
1824
1317
144
1591
1501
278
198
1154
1167
292
423
918
444
33
364
726
546
1310
915
1076
496
588
16
599
614
79
85
111
1142
1242
445
338
311
1272
198
171
205
292
114
1273
402
359
183
1640
1224
820
165
945
474
570
374
673
56
114
241
1857
101
131
154
106
396
173
507
168
468
391
21
143
334
829
751
636
468
669
999
1241
739
139
381
485
243
388
817
560
629
1292
313
251
58
1319
195
353
292
107
653
586
775
56
998
218
907
622
118
467
70
886
363
491
629
563
842
1242
606
335
116
192
1554
722
57
806
174
406
21
144
304
1541
1512
1711
2801
1488
2706
