real_Parameters :  golden 	 failrate:  25	 Fm:  1611.2742	 且最后的Fart/Frt:  0.8862008100000001		   Time :  376.7004

227
268
89
386
632
667
113
15
565
417
1087
137
978
172
1231
1324
416
492
41
970
788
1818
590
1815
2193
1517
637
567
525
1295
135
202
942
17
514
2843
1376
155
166
130
2071
1795
129
213
410
3056
818
3320
1841
2064
1299
101
3864
1539
697
362
830
185
2536
194
3647
1288
3565
2152
315
507
865
898
1596
1082
2
3253
546
352
5
340
1022
860
40
5046
4953
124
632
127
2898
1767
6143
165
776
648
712
47
222
1004
117
3866
61
923
456
58
821
364
820
726
1208
206
2612
131
7
298
1815
1575
554
1239
1793
564
1903
68
3804
3115
226
3353
1167
1980
2371
2859
969
170
690
3074
11
2066
4985
692
1019
83
257
1642
67
1135
855
305
511
334
703
138
1404
3593
2007
2694
1222
2643
4143
151
170
249
2097
183
46
1583
1002
1814
3788
378
1405
659
3819
1984
571
3052
3747
140
1039
7040
311
1023
1252
2891
172
2462
2560
396
954
77
1612
2
293
2269
1591
3742
369
131
113
4376
848
2352
3500
1182
400
765
1316
211
1175
2292
3383
428
5213
2773
576
551
1230
469
2314
346
2953
2476
3765
1941
1606
1264
5
4120
1856
2605
6
259
131
2396
334
1559
1151
2122
277
4947
1871
4983
214
7430
3661
717
211
1395
454
2536
3812
59
861
1046
5440
462
1878
2102
194
2323
4525
1165
3050
184
2371
292
4057
3149
5090
4153
1098
197
420
755
1522
6951
174
725
828
4
384
1069
312
1697
2132
673
317
4768
750
314
759
5168
520
2457
755
2551
3670
699
8
1594
1013
653
2632
289
494
42
1434
3974
1255
539
396
3986
2004
240
557
4639
552
575
1450
1508
3429
263
663
1097
990
349
2170
3728
4159
857
94
138
1553
1025
1717
562
5131
703
3322
1719
133
4513
1043
153
852
428
292
2751
1284
1303
499
1998
2639
4534
3000
1060
457
626
865
4909
949
382
6063
5171
1924
1270
1276
365
238
2570
1025
1168
964
1032
2427
2746
2609
560
828
161
1229
912
75
110
588
515
3815
2080
1953
1491
113
1209
1
1704
3931
1854
1232
90
17
1762
462
292
1802
490
1172
78
161
1914
1301
1786
2987
3619
2634
1083
275
1363
1336
2553
482
259
179
1143
3586
255
1258
689
1616
268
165
3132
647
648
2399
1195
412
3404
647
1728
117
675
1519
1610
1309
1
755
2105
1973
70
279
456
2599
4348
458
1857
3255
159
2848
253
1570
267
1093
901
387
78
827
1429
1269
438
651
1189
2294
65
284
1763
166
2586
1363
761
1746
1463
1708
1416
796
517
1056
6796
399
386
593
403
2815
740
446
918
110
1073
216
3947
343
99
1075
2828
2166
1858
2756
264
4100
4964
4502
2246
927
271
27
101
607
2434
918
673
3124
899
1769
493
192
593
94
1
1771
1329
486
2390
174
635
1061
1091
370
1567
1165
2582
1371
969
192
1501
236
6507
504
116
1736
3764
3398
262
1841
1006
4972
440
284
1532
20
1704
3611
4602
3763
1863
2007
722
86
2313
1301
1880
109
3305
724
839
493
4558
3639
686
421
1961
1004
223
1038
1712
1265
1321
2919
3545
64
2712
322
1406
956
1347
709
6259
799
1189
5087
3132
346
155
1241
3350
63
359
325
291
848
1589
766
2515
280
1009
2219
2839
1214
2158
3943
134
2562
394
1101
4113
168
5965
1106
33
2012
733
3488
1585
4054
956
1163
2719
1462
3241
599
1217
2459
68
1003
6042
2819
1779
853
692
312
444
59
2407
1056
3495
2495
745
1053
60
239
427
7588
2962
741
650
775
1084
726
845
1449
2066
9279
216
200
355
1053
81
2993
307
509
540
1039
975
530
1996
992
46
2410
423
632
435
547
2578
2790
2247
676
4118
3051
1317
779
111
2428
136
437
3572
443
94
1639
424
182
1881
1606
951
744
1627
3359
1273
1493
2528
1200
1708
4025
641
3477
2290
2165
925
295
136
636
119
1223
3790
1109
1045
553
562
2131
3801
2148
290
2634
2984
7880
623
484
800
2975
109
1547
83
3959
563
332
486
119
612
701
2121
2826
316
5510
3829
1600
2882
240
1443
944
572
2212
432
5729
199
164
163
980
190
3818
2872
4316
2700
241
1742
1145
2100
2876
722
609
2589
152
858
1569
859
4817
473
127
4289
4461
1628
1673
983
1484
18
4527
4582
511
1627
1440
1366
715
1454
222
402
2669
488
1393
667
2335
2575
2697
1704
304
2192
4703
4112
2893
466
1298
522
1330
172
495
653
4719
514
446
1243
940
1695
1844
517
591
1535
2707
3530
2356
1515
2187
1193
1186
2116
3379
6415
1630
1523
1590
1923
220
1265
6436
256
510
176
57
3595
640
986
1711
840
4909
1467
3037
597
11
3796
2560
3006
606
1054
1373
773
8875
787
846
760
322
4371
3779
115
2306
838
1339
561
2492
1144
3519
343
557
404
6939
358
2427
8367
50
919
3734
1296
769
647
3804
1487
387
5038
3243
313
8488
3218
2058
662
359
667
146
2335
2219
1000
485
2276
5435
1121
1187
4119
4644
534
114
2470
1470
1917
2256
137
524
1192
136
1086
1508
48
347
1742
2575
740
208
2724
354
2363
1087
1144
660
612
293
863
2793
737
1576
1440
3199
608
93
45
5527
1520
2828
1734
36
1231
1888
135
1385
718
2983
5641
164
307
489
1027
47
295
178
2201
230
1247
57
2949
5472
1373
3980
295
3706
1844
6
744
2644
610
887
2678
2400
1445
4129
1017
983
322
840
7116
991
1672
1830
5092
1189
1866
754
892
629
1044
913
707
1620
789
213
1441
4728
908
1979
1425
6182
607
474
322
1309
328
4357
4545
1216
3853
1254
407
2505
1939
236
1609
777
3078
1340
617
891
1335
220
2904
121
68
2393
2765
1760
760
1185
2940
1568
541
645
1985
798
1635
1623
1837
2149
1814
599
824
366
8394
1954
444
201
3950
231
275
450
1458
634
2441
481
1092
1253
2166
1390
5448
1119
3718
4146
1749
3553
349
3726
3973
2015
567
3180
530
1262
932
102
259
345
527
920
57
2276
2296
326
1180
2693
7404
311
3213
2832
1055
852
974
3948
6798
2051
332
1440
1364
274
143
2326
1363
59
27
427
2504
1207
1196
1407
488
1419
607
2998
1222
2241
2899
2443
125
722
3033
69
4566
421
4012
1889
767
1208
2127
2099
1968
745
6063
704
3404
3882
1884
3694
1185
1197
6056
658
2578
107
1021
1778
202
989
1690
176
2031
229
5845
255
346
1030
7142
1665
4486
894
1969
1745
4705
855
372
26
1861
4336
3031
4463
2333
3291
5535
3207
628
7099
1348
859
1065
1128
2030
2682
1812
46
2802
1978
534
1336
480
2313
183
2882
1377
386
285
724
386
449
1094
2513
1962
1113
640
4469
2106
880
854
1903
2447
530
451
302
796
789
186
882
196
591
2563
1716
303
602
370
2346
6664
974
650
2013
4236
1528
1314
257
23
535
1652
887
2903
1743
3153
1884
3286
358
2479
784
3181
339
608
1423
608
415
1499
1019
1313
487
2104
853
2572
65
45
944
1184
2220
443
1041
87
306
579
371
195
1504
414
1361
4547
4974
1639
551
1294
992
830
163
402
3096
2656
373
988
269
1664
4434
6764
602
575
332
427
292
954
244
1507
170
1825
186
89
2606
4639
695
1209
645
5628
1137
1297
1270
1544
1219
2603
198
613
710
963
975
212
38
1663
1866
1318
4739
333
134
438
2146
3222
1114
983
237
867
3433
1279
3394
2075
1775
1057
1092
835
628
1097
894
96
8307
2414
2847
2962
1384
295
5613
2344
2846
134
430
970
2090
2202
1497
3988
302
77
5846
2230
1732
394
3387
524
1165
24
1435
2917
3001
1507
83
418
193
441
236
3064
531
2480
582
509
534
479
1303
833
186
2072
3597
1311
371
3042
189
4863
827
961
1041
1426
761
992
70
367
742
1794
9210
578
310
268
2079
1641
336
1548
1292
807
1581
6276
2115
376
426
229
203
2991
2069
1066
1687
1410
255
1569
214
764
2349
1040
223
5534
387
1174
54
679
1831
785
1733
2652
2041
1297
60
383
468
1092
1204
109
800
3031
4122
788
1102
1448
1571
3421
222
709
2273
808
156
1375
670
1690
3671
3069
3512
1305
823
3167
1351
1704
1664
3892
634
207
442
3976
819
3856
1154
1425
1921
4258
2147
287
1282
612
2010
3812
1783
3191
310
131
639
2887
16
261
1686
39
1664
2272
3215
421
6870
406
930
17
286
5171
277
711
3602
1134
2223
929
2055
1566
756
863
2140
751
2881
2016
223
2784
298
1018
277
2665
5370
2120
1414
2178
3039
4820
211
1561
3736
34
298
696
1519
1070
1946
1389
289
1019
1048
1209
1121
701
118
1085
1925
105
875
260
1314
2464
4362
283
4196
393
811
293
7
545
500
2487
290
944
402
3577
715
2433
2968
2017
1834
2170
923
1562
5245
750
21
717
1125
935
4387
44
1245
1815
657
2479
1260
2353
244
1379
18
954
8699
2339
2517
1156
2734
158
3892
57
2083
2622
2251
1281
1843
2089
1091
276
2350
1718
650
2873
3050
6852
749
705
1650
596
760
637
3078
799
3705
4150
3207
528
1291
2548
351
974
849
735
229
1776
2449
569
4218
437
187
4238
3134
2434
2719
5623
4179
1346
1627
5777
925
1462
3161
346
2963
1197
2651
5318
2025
222
6279
1251
224
3131
3401
1667
35
2678
17
3677
267
274
267
95
181
1076
29
208
602
1894
199
63
69
503
854
444
1278
46
1254
3030
1221
372
1125
1190
5067
303
493
236
619
1967
60
3362
2876
1242
3200
2629
1433
1346
12400
1236
1470
818
5329
1332
762
800
2312
2715
2296
450
1104
761
3043
1898
190
6442
502
1469
4074
532
4337
1040
221
1776
421
1117
820
236
4321
1119
1518
1680
125
2014
132
915
606
1503
449
13
1716
18
514
2859
468
3075
1734
2130
201
770
2084
255
1824
1633
4613
595
1228
315
180
230
609
868
372
832
698
101
1966
1490
1438
381
1053
1502
784
4782
2387
722
2418
654
1992
773
2587
3581
576
2263
2044
3330
3759
1617
420
1558
1160
2016
6046
2112
1138
180
491
4063
1331
541
2141
1656
500
2228
1376
784
431
101
1117
2380
1137
1076
248
2952
4652
58
3360
1657
49
1710
812
2889
285
799
2447
1281
172
3127
2694
231
637
1268
4503
491
377
887
1314
60
962
13
2600
1918
969
537
192
1293
2595
894
2199
3118
52
952
8775
125
578
469
695
2179
189
1485
430
3485
2076
1720
4776
1294
352
828
418
1201
1459
3463
6655
458
3289
10439
900
509
280
680
1558
229
892
4196
63
1134
1204
3689
2933
4948
4106
327
1346
38
352
2020
1588
1301
343
1654
57
5488
871
803
3727
799
631
1139
83
44
1985
1633
456
3245
2283
6944
63
2060
2326
906
464
737
1025
2725
1428
23
2134
2410
2045
1983
1415
365
1698
4418
5206
2368
3278
1590
2230
214
512
207
184
8038
3903
963
393
338
1285
2391
2129
3091
145
2561
58
525
479
625
1841
369
584
1052
1093
17
246
980
304
1086
2802
238
1177
1454
26
773
439
2195
2140
2066
636
746
3892
2029
387
183
2501
73
1494
2309
2512
2823
5851
6164
2306
1022
1140
2761
78
4524
434
549
592
16
1515
323
7062
1811
3190
332
1721
4256
186
3214
6652
1021
613
2180
1959
699
885
585
2058
2797
3596
987
1530
3327
345
209
3289
1478
623
24
721
1203
2157
784
461
1605
2601
837
2667
453
3755
58
363
269
339
954
904
957
607
570
483
1300
638
220
605
1766
1227
2003
52
63
1026
1723
80
4390
3161
2793
624
48
545
762
1176
2509
2136
1086
2057
1324
818
144
1834
2856
2487
737
401
310
649
1330
7651
485
901
1622
464
48
444
1563
686
2027
167
679
1385
23
432
1159
1409
560
95
1460
1789
1818
1044
4557
202
689
460
11
677
1918
137
73
316
180
1144
3465
268
72
2096
3282
1838
6318
6039
796
986
1111
345
881
98
979
1488
1384
579
2190
979
1115
1
1127
449
1519
2193
1021
8
209
2283
1976
541
6445
568
8416
613
4151
2624
297
4587
107
558
2356
486
437
2306
1112
2531
778
512
1184
494
3131
47
721
4819
1657
1346
1711
449
4544
487
34
6282
2504
1924
1623
15
5453
1976
1707
1195
552
1530
1402
625
777
211
1100
5708
21
2243
410
824
485
145
1644
129
738
633
2490
2110
436
2342
418
157
6471
399
6353
1425
2512
1336
66
1195
2263
4092
2240
4981
2337
503
791
1625
2698
1906
831
3864
2927
1328
2234
2191
1471
1443
1978
894
1803
1555
1623
786
73
872
2278
2084
1297
7995
742
108
4806
3662
3626
1128
2907
4868
1871
134
156
1828
2361
1490
1833
5820
596
469
749
219
285
3510
24
288
70
474
159
102
3637
2018
2964
1406
448
79
1075
652
946
26
731
4852
108
3059
2191
35
1913
1204
1532
234
1825
1506
735
4019
1716
466
937
1134
3571
8486
338
446
94
170
1481
381
244
200
1302
991
1256
186
1870
224
2176
4089
3934
922
325
2033
383
729
1970
801
451
404
2443
868
651
2467
709
1289
169
2010
777
218
747
525
4313
1482
1097
1149
77
664
512
412
4513
437
2840
346
297
1959
1251
4839
3101
1122
767
3654
1028
2323
3135
451
3326
704
705
6802
8444
175
108
1327
439
1197
2651
359
1861
1731
790
1611
377
396
1411
1541
1614
554
677
896
1233
1799
1378
1527
1123
180
481
1541
1454
1070
1336
841
2365
418
2332
1523
1275
2129
85
330
1198
2589
105
1518
5185
1175
3181
288
2037
590
2819
1390
1436
1444
175
139
584
2819
353
1031
3068
137
3554
122
198
737
2997
73
5102
245
891
650
211
752
567
832
230
539
451
2307
135
813
2567
10549
3342
457
98
1565
5202
2111
5085
84
713
23
238
12
1685
2164
1849
807
2000
1910
1190
2272
741
733
159
877
596
202
2997
1858
573
407
1316
2568
14
2670
264
5787
943
101
190
2946
2205
377
64
265
393
640
2530
728
1314
413
74
4414
2567
1411
9435
181
1273
591
1052
218
7132
8234
282
1730
473
390
604
2127
1379
2390
1751
124
2387
1806
2055
1902
304
4947
368
463
196
169
147
6320
1953
67
4169
1119
50
1493
394
16
1516
76
939
1478
663
164
2200
565
617
1533
62
5908
837
1664
741
239
2927
230
3604
1719
1352
2634
108
1817
298
3922
6483
546
95
1813
290
1694
1073
531
167
1983
62
172
242
1503
160
1038
209
417
843
932
1050
1332
4556
663
2329
185
1499
968
1320
838
861
7778
3556
4279
2296
2456
2901
216
1264
2684
2664
886
2297
3713
1901
2153
943
1738
7142
449
1773
2631
1542
2043
5733
996
4673
126
3262
224
471
1649
6415
1604
2088
847
3171
2338
1277
213
3712
935
1069
216
69
1095
120
2660
7985
523
7864
3539
2906
261
2658
4830
1891
137
89
230
1836
261
3327
805
689
114
760
1437
78
549
3821
1249
281
30
1350
5279
412
889
2348
976
381
2699
943
1316
8060
675
336
6916
1459
1806
1007
677
1954
1334
324
2100
229
980
97
565
558
7164
1611
3373
1274
3503
895
2338
2785
1056
456
397
820
398
1334
318
929
476
1120
668
3358
2106
3013
74
822
146
5253
1396
1549
844
1746
618
2276
240
815
1474
783
24
724
1111
1716
4041
2262
1231
32
708
1543
3111
1072
1471
638
844
1158
1109
427
986
1125
712
6
400
14
338
1308
2697
2886
1429
158
2511
393
2699
332
888
2521
5
1335
755
4291
2
1337
9292
1778
845
8853
1179
1832
1151
2014
517
1936
1008
2238
2097
1673
1940
334
1559
1565
5405
1112
296
2297
2254
96
2892
42
338
10346
6827
3315
1692
158
713
1281
4414
283
393
2662
656
129
695
597
1212
2537
4512
1329
59
1304
632
2422
3078
4514
2413
1243
2331
164
565
190
1041
297
2300
1657
674
251
137
4144
3084
1308
83
340
1855
1675
3238
886
1702
1347
2332
1077
1143
988
184
264
238
1245
626
231
639
254
673
1395
632
4182
2762
1207
749
3288
2972
2301
95
69
1144
5975
3232
1013
2799
9796
382
2489
3716
1165
4066
878
853
545
711
453
3455
168
6149
65
4902
108
2092
119
2954
12
4968
660
2615
57
674
95
1759
3383
61
264
1437
324
1639
241
425
100
962
658
4569
1144
3869
3997
2086
5635
423
143
561
5817
242
131
809
1391
5038
423
2662
330
1119
3655
451
1686
28
623
431
2165
171
2431
4981
1350
269
635
3052
1521
4600
439
1463
926
385
783
5173
5470
285
1132
84
677
2773
4534
17
1049
4493
1199
5320
2669
1790
154
3784
938
2075
360
2589
686
1239
44
1176
485
2361
4912
3261
1683
222
3526
2670
3205
51
1198
309
617
1237
348
1639
2331
977
947
450
206
836
182
365
481
219
296
146
4102
1033
2325
2434
1978
734
713
248
3752
4837
89
564
342
1787
920
1641
1125
121
338
486
969
3903
3813
4169
369
1169
1601
1467
1576
340
312
1800
4614
1752
2531
2207
1836
360
37
1793
192
606
645
606
3681
1788
2686
608
1481
1953
3217
2095
37
78
1457
1345
1215
2762
564
1640
79
3375
353
880
732
217
2024
257
1162
776
584
179
6
2240
1484
2320
438
3323
291
507
325
1303
48
1739
447
1690
6321
479
5789
3071
2606
3321
1601
5325
1892
732
230
612
3211
657
463
493
1948
576
1687
1198
2434
3428
189
609
75
5702
282
3213
1227
834
669
1118
2071
3751
145
1599
846
145
878
516
6551
2735
1172
248
654
191
1822
23
948
203
4618
360
1266
1219
6616
891
1250
208
47
281
493
1254
1385
10335
145
145
213
6448
152
2559
264
2082
2231
2855
1465
1331
1682
447
2597
1375
1759
2842
2073
4551
153
907
1072
1626
1620
659
5326
2379
127
3224
1741
228
2158
2982
1714
1866
1527
1288
5277
2076
217
6307
1109
1854
3477
1568
9
1846
1583
550
1171
2980
2425
981
84
762
2206
2163
1277
896
55
2518
1101
301
494
1659
3431
7229
3426
1844
1907
415
1273
184
183
427
618
753
1398
451
141
2868
3442
3023
815
1040
1487
2163
152
514
261
2145
79
445
1052
1093
131
3912
2571
4010
809
2727
587
4726
6278
1058
3338
2586
1119
1191
858
1131
19
5992
1946
5165
2219
587
4
185
1114
4937
5981
1276
117
237
435
1649
1128
4183
143
2923
609
74
2830
67
2152
922
4740
855
2335
1438
2585
2428
1951
77
3688
159
3279
1893
1079
1850
445
377
173
1268
817
2199
1787
1023
1689
787
1511
3917
1522
176
808
170
6633
1189
84
129
259
1484
801
351
1564
2316
1442
419
4367
517
758
546
177
5124
107
2286
1382
514
2159
3811
1764
1223
3582
175
2519
4225
1280
7
3083
178
3115
1475
204
1217
6011
1814
2877
2960
1304
1176
1698
6114
108
878
505
574
1308
1729
1471
994
9797
1417
2410
1931
676
2932
139
1279
1268
1604
723
2953
466
143
2519
3908
68
782
3724
2009
603
656
1005
1106
5402
742
2307
2237
1022
1180
118
1482
205
315
1492
167
1245
2485
2463
5172
1189
257
30
774
745
522
492
553
422
447
767
445
856
619
8614
500
514
817
767
15
1094
103
2712
4936
1043
1304
2397
4125
2710
1031
267
1896
8228
915
245
1724
4741
423
1158
846
3699
744
193
967
768
1470
1604
925
777
125
2466
309
667
5292
354
3074
1704
1818
4340
415
2849
1772
7114
725
725
549
4100
1322
203
59
209
226
1442
8733
5074
524
2769
15
1333
1529
254
448
1255
905
7628
4621
276
1494
49
861
3231
1352
891
2318
1185
984
7009
2663
4460
1887
3711
1402
7472
886
1841
2177
651
4752
2835
2796
144
1655
590
5194
4876
835
1063
1302
500
67
1320
997
701
1028
75
553
3508
4582
559
1221
2206
812
828
1427
1478
200
3151
704
2157
1295
6273
504
1212
164
1021
1234
2646
1561
3665
2362
1090
1471
474
192
12
4673
2906
8
2500
944
15
1425
872
2626
781
170
9733
1064
1491
2228
189
563
682
156
755
289
3350
197
2328
492
149
4139
1145
1235
1440
5477
3516
5788
6954
298
1162
2199
407
701
2783
1869
111
2579
219
587
2394
486
312
3983
304
5085
3002
87
61
316
4214
1546
485
827
4699
2948
52
48
973
375
961
1909
842
15
554
3048
2416
8286
693
1670
27
578
3260
252
3678
1669
2445
108
1708
874
1415
1305
3386
876
3218
425
134
711
994
1107
3271
1504
432
520
156
989
335
2461
9
115
251
1039
33
160
1283
710
1255
3373
612
41
2026
85
1866
1847
3305
1936
1329
321
9236
1770
1657
1349
1902
1123
157
1684
2943
2370
2225
657
945
228
2019
313
3246
1669
1015
145
1901
1313
1591
3863
853
65
3811
1580
1228
2302
957
172
1152
3969
1449
439
2677
1708
686
173
2709
860
134
1970
6886
2847
3746
1114
562
1570
2753
726
4509
57
1843
4375
4936
2470
303
499
3749
489
13780
2238
798
1971
1633
360
349
1598
1412
1338
2500
1986
960
2531
668
747
2038
620
2215
2057
2303
1788
659
462
703
521
1624
619
1552
1409
345
1245
1598
1308
6328
2292
236
896
1187
990
1676
685
3480
180
522
956
4505
737
877
2656
871
373
1316
1267
1791
1085
325
922
2379
752
2130
211
5202
498
494
1647
3664
7203
1577
712
932
360
3835
767
4974
7869
2040
983
7580
1354
986
1891
2748
1019
4053
3341
803
457
320
1241
3049
272
5216
1262
278
5424
740
857
2154
1329
5276
49
269
639
1641
1019
1595
3869
1268
113
3011
1432
341
3559
2648
1363
1570
33
1356
2240
1020
2238
1185
4085
1243
150
282
1885
392
1082
733
544
111
1599
299
635
259
2319
1197
957
1927
239
855
5547
3774
699
187
3218
3063
405
3649
1149
156
5829
491
180
743
81
1095
2035
64
2817
5400
116
1843
5155
1972
311
2273
1645
1732
3215
244
35
677
958
54
2962
600
2012
1729
459
347
648
1917
500
3720
54
4302
288
320
345
1977
2009
355
58
189
1435
2079
33
3895
2381
12
1472
2100
296
5001
1598
1930
723
550
1862
167
1734
2659
3485
2376
105
1716
1009
1807
1701
110
2302
791
684
876
3445
1060
825
2070
564
289
6158
109
248
1958
788
3644
478
1425
92
1771
2671
461
1122
171
3235
5963
999
2323
801
4046
1670
3619
173
2811
545
2226
973
496
472
1151
929
7
217
829
3317
1876
1185
330
1859
242
2250
586
336
737
1300
1934
8400
893
2351
2930
266
310
586
1434
1618
7001
2952
845
1948
274
1345
3382
5196
382
3872
415
3889
126
1200
61
1894
4666
1683
481
136
4929
1400
190
42
162
1821
571
1897
72
724
2852
265
2373
706
2355
6218
1989
1228
3389
2949
1750
1140
221
132
9
396
159
472
2337
361
32
937
2830
3461
871
2349
2377
144
1159
26
463
4248
75
225
1601
3110
3373
4333
18
2175
888
141
634
154
4405
1486
271
4428
5432
4146
188
757
557
48
11
190
1797
730
393
352
1778
4089
6964
154
983
991
125
280
873
242
681
819
767
617
7057
301
4766
3993
1311
2772
2918
2752
242
2406
3480
117
799
369
195
1977
3639
455
358
1784
1603
179
284
412
336
487
1702
1092
9
1888
1201
5526
1565
6734
790
2288
1185
2539
2697
81
1164
5342
2053
111
485
3
310
3622
3874
1937
997
1787
505
553
7949
1644
1011
43
914
2535
164
524
1722
129
275
526
2372
1083
701
1481
2961
6004
1272
533
1298
4508
989
299
5029
1194
409
764
1779
1417
26
1057
1743
1327
1191
780
334
243
437
72
2541
371
1693
861
559
1188
1168
1216
1805
271
1273
591
2511
1226
407
1641
2844
208
231
135
2910
284
1277
686
1557
1130
455
14
1794
181
862
1865
340
317
745
6903
2992
3527
5943
908
2617
8870
160
1816
1202
496
34
1394
491
4284
3133
503
423
332
1854
101
441
1741
981
338
360
189
3773
1657
4065
718
1914
609
269
3186
1314
851
1059
2433
2054
4994
481
2347
579
1645
355
1806
751
1159
3316
1151
928
2620
1651
8469
2514
618
3918
4028
415
924
14
6
2101
1588
1222
1034
2074
1380
1425
1150
279
5148
2381
651
323
4025
225
1922
2536
1510
4533
86
526
259
872
304
4764
762
899
2437
6521
342
908
36
715
21
284
590
1658
4622
1372
2308
2979
266
3001
356
1
622
3415
1802
1016
1321
897
1638
384
1304
1686
4580
360
359
1089
1231
1870
497
2219
4325
1386
88
771
7549
3966
8586
1284
561
4184
2032
793
2055
332
402
11
1676
260
3866
559
629
447
2332
1150
3851
2344
3030
462
1781
2969
142
4671
391
3114
2560
1026
383
1709
1455
48
1533
369
8419
782
1448
2918
36
180
631
1016
839
2197
2850
2641
72
2757
883
644
119
276
833
107
1298
1899
2260
2177
1228
425
69
395
965
847
711
1446
3626
89
1079
302
103
468
3355
1748
291
3255
884
1931
2682
2186
279
1730
912
432
4438
72
2038
1150
1190
1019
2201
1445
1221
773
367
1581
12
54
2574
2901
1410
1530
266
2299
639
287
423
1394
1260
1503
735
1315
92
5469
221
1263
392
191
656
1903
738
797
1243
521
788
1810
2860
432
434
1478
3213
1407
2074
288
826
156
1125
567
1542
333
2343
367
6581
55
2277
376
702
822
58
594
3018
1442
479
847
310
414
354
204
480
2043
1833
1738
4198
495
861
224
881
3312
2155
1212
2256
3164
1166
792
3397
4431
4427
86
958
1723
1493
1053
1502
1
1413
2404
169
2360
2140
446
504
2581
713
4715
712
195
1920
761
1920
404
285
17
20
1313
937
851
2764
885
4908
669
671
1087
1181
1896
1229
45
245
5660
1670
131
391
560
1464
756
157
255
4042
1915
4559
1364
5131
1380
2336
403
2335
362
1165
7293
175
18
74
1118
235
1227
2483
263
4945
5354
1140
336
2250
162
1385
314
481
429
3132
1083
156
498
5923
531
2184
443
9306
1507
925
3652
1405
862
2874
2185
905
290
5348
1407
713
1901
256
2380
642
1211
1548
498
2045
611
2725
4920
1675
1077
480
2477
4848
2616
842
3413
710
90
193
1467
667
169
5068
4118
508
665
3314
2049
511
223
1764
32
104
3332
100
625
2416
3477
572
3597
3693
1441
411
1748
651
1634
561
513
2149
2753
903
2234
564
1229
563
1278
1101
1590
646
1389
2407
213
1721
1216
560
442
158
116
577
217
10919
1819
28
1276
1439
1093
206
3131
627
253
1176
1202
1970
511
1089
1447
487
833
623
1945
2778
2438
391
1736
1685
361
825
2570
37
1781
154
209
887
3148
45
711
6400
2497
458
2775
1907
780
841
478
560
577
448
61
336
4355
303
1662
446
222
455
727
252
3628
722
3593
7
1160
3231
75
1013
1116
652
670
111
41
3144
463
5
2426
668
1404
511
1110
1394
868
1505
7200
627
533
1459
1603
3665
595
4630
272
1266
925
426
813
1806
534
31
1260
2665
1562
190
603
3184
243
4307
2862
3034
4295
32
597
577
330
3492
141
835
217
855
515
1618
1184
2596
4243
418
916
65
5026
1429
74
5074
286
770
1972
2208
1151
174
1055
916
1542
115
733
556
709
965
868
619
912
2359
1270
2126
4538
1716
2887
1046
523
679
479
91
2443
148
1083
42
568
143
1156
1090
4969
4557
2723
4081
7144
