real_Parameters :  tanh 	 failrate:  0.001817	 Fm: 303.3248  且最后的Fart/Frt: 0.5511411615999999		   Time :  2.62

903
82
510
47
211
81
948
155
164
400
863
415
247
513
564
3
446
165
5
858
52
207
390
356
49
886
625
106
315
29
133
740
526
324
155
83
510
3
333
665
96
315
40
448
309
407
34
263
3
180
5
577
376
431
469
474
389
68
111
321
945
69
133
104
709
84
523
159
46
147
392
272
204
132
132
43
172
774
360
199
372
581
133
151
47
88
485
435
151
406
218
919
187
35
3
181
410
183
34
3
321
405
3
303
286
148
992
410
33
250
20
405
36
152
212
36
129
38
38
763
476
249
339
770
199
242
71
173
688
284
216
241
116
221
841
103
630
363
35
324
260
45
714
356
276
83
70
412
559
507
288
511
385
18
88
17
318
9
284
225
776
326
236
244
213
581
227
77
466
365
261
342
3
690
307
258
170
3
343
749
93
38
299
403
289
669
378
196
164
105
181
481
484
451
25
493
484
192
690
734
445
130
997
550
136
389
311
714
415
185
221
334
34
10
443
50
506
41
6
356
6
244
75
438
74
198
750
741
250
142
279
452
320
90
150
208
267
300
462
287
157
602
381
215
516
550
191
305
90
805
5
290
715
423
313
324
153
764
280
887
610
267
659
921
345
431
218
282
344
407
357
582
79
259
22
490
132
421
452
5
214
279
520
292
598
235
557
145
284
520
115
18
235
99
131
451
3
541
215
407
329
319
579
84
160
491
141
503
348
325
432
284
259
6
54
324
304
84
399
847
611
3
350
663
232
266
46
713
209
640
115
390
160
41
183
454
36
369
150
383
76
219
248
237
591
181
357
296
280
420
263
427
79
22
266
94
88
565
37
448
244
757
33
725
50
35
113
430
206
191
72
67
190
150
75
33
227
425
502
230
864
17
571
304
17
252
902
162
624
85
146
804
94
36
313
99
121
466
43
611
101
78
653
351
665
208
126
150
136
74
131
146
808
410
544
228
172
163
481
930
324
69
242
546
519
68
383
27
143
288
487
257
520
241
779
493
141
284
111
443
65
256
365
131
359
197
213
41
179
178
327
476
168
316
755
279
260
407
72
6
376
898
656
1997
113
491
414
57
149
266
565
59
283
139
385
164
132
320
236
523
467
493
263
343
210
482
322
50
604
207
305
152
88
164
339
54
587
95
535
116
101
675
582
3
459
508
174
343
415
81
478
304
371
312
134
875
845
375
540
180
5
418
310
176
608
140
671
190
136
100
817
262
760
904
257
295
782
214
288
185
497
72
593
375
368
457
72
132
801
406
391
177
69
10
131
460
224
437
504
578
1
5
160
20
5
276
34
81
360
96
84
71
103
361
98
469
3
703
3
296
355
199
441
267
315
566
187
817
872
331
73
683
248
150
649
434
374
310
396
38
389
448
44
132
569
262
3
326
68
403
656
201
69
171
147
79
463
309
44
44
96
46
448
419
268
160
97
196
794
18
242
179
686
78
9
183
420
284
19
463
310
130
54
179
252
46
828
137
276
694
615
425
370
725
571
196
433
140
378
348
145
319
213
375
319
635
175
104
67
6
576
282
149
348
573
500
338
328
564
94
404
224
39
348
466
408
411
349
19
355
609
20
94
417
327
439
771
135
144
175
684
938
92
472
113
235
199
743
885
442
409
36
276
505
332
849
76
369
486
211
216
70
494
94
463
827
167
140
351
153
190
27
75
123
200
3
7
366
21
183
133
203
39
426
37
258
134
832
186
43
81
182
100
44
289
612
206
168
99
168
720
239
341
108
87
66
19
635
113
281
146
502
65
672
303
306
671
23
145
37
291
194
65
68
113
13
101
829
310
262
38
422
162
618
276
499
321
85
68
117
426
345
453
540
178
66
490
303
383
35
158
852
534
424
477
95
67
516
381
149
414
96
642
99
832
371
619
146
339
268
3
89
746
418
282
460
265
94
98
451
68
418
138
66
288
34
68
426
150
135
285
33
790
282
142
346
65
248
275
342
767
491
311
3
80
596
84
776
683
322
171
337
399
621
207
352
199
446
40
88
5
13
302
106
343
714
290
508
981
504
159
192
546
96
53
349
207
357
288
476
761
743
291
203
572
477
501
3
520
5
598
489
146
453
704
360
176
463
332
328
150
356
65
475
6
297
703
3
264
81
146
533
66
167
357
108
167
99
902
548
96
380
78
468
327
177
373
576
231
5
131
292
959
644
18
325
392
27
171
44
71
431
101
141
460
358
97
280
468
319
318
712
624
408
71
807
852
909
338
169
303
302
259
118
297
828
162
35
190
73
49
222
103
464
282
154
1780
1
51
133
626
156
325
538
385
39
423
440
149
316
75
446
221
316
193
162
137
295
541
44
373
311
257
834
246
91
326
762
258
163
284
289
580
475
54
3
395
222
434
33
190
736
184
3
21
262
276
294
734
325
528
293
486
417
557
982
391
497
575
11
634
280
65
286
736
807
110
33
330
162
85
48
277
33
390
215
140
351
438
309
161
417
506
407
999
3
466
38
95
619
3
553
20
694
5
367
195
169
89
386
259
134
225
515
469
34
158
785
71
385
335
425
403
3
371
36
393
430
556
91
585
114
420
576
151
841
316
289
50
787
177
962
277
497
312
364
431
321
97
169
637
155
641
160
400
807
23
50
332
185
689
18
170
33
357
172
275
137
145
264
24
456
403
143
932
268
13
284
216
895
373
93
649
441
390
145
155
246
111
463
80
318
287
276
282
639
182
67
327
364
531
552
65
91
961
360
98
395
306
280
400
44
138
300
145
141
715
746
919
45
89
185
393
372
744
51
66
70
549
34
471
414
43
449
275
77
292
6
391
50
76
606
108
96
281
270
90
69
20
39
188
193
309
76
337
283
1
294
133
265
247
212
167
163
96
66
348
108
943
300
3
22
13
278
81
136
280
259
481
300
102
319
10
347
23
257
209
690
536
283
55
49
258
267
76
131
394
104
46
1858
92
426
71
3
691
325
420
591
430
477
142
949
83
358
147
491
475
243
3
381
757
344
115
526
36
807
3
124
70
145
325
202
349
3
750
70
81
142
299
25
323
141
220
476
58
270
97
520
42
290
83
215
427
94
137
495
136
109
75
12
844
100
49
1000
71
3
263
1192
397
469
199
270
287
527
202
425
317
291
67
274
45
889
233
145
137
396
74
6
573
221
143
46
366
469
257
226
401
672
68
590
361
292
158
49
133
241
45
789
195
470
405
592
393
659
143
111
373
304
3
946
179
212
176
329
699
351
903
244
756
260
127
582
81
132
304
18
553
82
658
38
103
400
137
59
287
161
192
661
287
383
9
160
162
156
592
523
675
148
267
78
166
235
569
322
393
234
373
784
141
97
512
620
460
486
6
145
196
273
329
323
54
673
9
328
512
129
135
528
20
529
201
40
419
286
302
319
155
321
335
704
608
51
457
473
994
268
35
212
133
159
816
143
1
7
282
142
334
418
593
470
81
262
655
136
504
392
897
466
339
645
635
182
145
418
85
131
421
400
486
50
941
764
140
259
412
40
74
187
391
168
320
103
563
219
198
181
13
347
74
309
162
528
619
452
825
879
410
917
401
18
348
293
311
17
581
50
86
108
318
293
288
48
17
178
580
310
189
539
37
6
970
493
802
790
518
419
230
56
211
176
488
539
133
10
33
94
457
853
844
69
503
405
350
421
719
212
294
233
499
764
152
190
409
256
242
393
36
851
551
600
33
261
722
144
84
979
202
478
410
413
244
580
186
703
150
820
282
295
3
382
29
430
395
67
194
321
70
485
742
103
121
123
54
388
274
83
84
555
94
425
160
321
158
352
468
1
11
448
159
400
870
227
349
45
486
573
178
368
541
33
132
372
743
70
314
418
477
5
42
24
6
591
427
355
963
159
139
122
301
312
189
49
444
137
5
148
159
802
84
54
236
367
152
519
26
160
271
144
462
376
265
345
247
304
309
595
502
294
138
941
37
385
956
400
175
370
633
328
191
224
765
232
76
47
45
779
490
93
348
257
208
316
73
38
26
264
633
336
289
99
149
20
597
645
87
473
24
652
122
172
47
238
417
945
294
86
235
589
806
807
494
5
422
33
474
108
171
216
338
10
376
156
199
575
834
361
208
169
503
169
452
93
130
380
429
34
194
15
326
132
500
277
37
491
255
168
304
225
48
488
42
87
555
160
317
72
366
557
194
10
49
35
285
34
51
12
281
214
82
118
3
840
35
243
446
365
384
176
83
208
257
602
37
71
21
713
266
94
73
171
126
3
368
583
948
35
260
113
945
6
36
81
575
470
422
568
657
643
278
386
103
438
258
399
743
351
234
101
35
337
191
508
132
133
350
234
315
205
219
277
176
244
268
162
173
283
301
5
132
397
391
130
42
415
893
165
339
373
98
857
130
363
429
278
345
434
36
34
22
605
262
444
228
38
393
373
526
268
178
268
455
106
385
80
501
380
3
328
368
348
430
524
511
344
5
66
34
110
397
325
541
3
605
833
484
81
31
273
44
513
395
9
76
13
290
506
46
170
574
354
5
559
361
719
266
5
337
81
337
105
72
324
95
121
179
216
447
157
234
5
464
351
141
529
306
149
3
258
366
157
184
260
405
134
436
139
66
583
330
939
473
426
142
276
304
63
261
360
503
301
358
225
680
3
3
836
393
135
351
585
611
147
763
11
420
211
630
373
153
289
495
302
150
95
440
496
550
67
263
5
321
331
144
286
167
220
705
475
423
386
175
879
241
132
632
458
43
840
405
481
319
370
271
538
547
279
154
17
503
172
508
441
140
373
30
318
157
304
507
209
58
375
73
159
199
99
453
51
314
317
208
736
371
324
308
362
326
218
106
188
697
40
161
378
282
20
660
434
156
266
78
295
112
99
17
267
404
382
235
384
76
61
407
693
8
33
277
327
138
918
335
54
481
182
102
454
345
119
38
207
258
68
303
452
146
302
94
507
235
109
665
507
75
291
346
251
3
457
564
12
25
566
226
188
278
488
358
415
929
383
294
485
34
38
188
200
617
326
361
460
160
306
894
1176
433
442
893
37
799
247
106
320
602
214
151
30
210
326
272
404
868
3
241
856
439
74
738
3
83
212
187
45
628
53
1
194
240
679
327
290
83
165
102
388
599
306
513
381
143
456
302
170
41
245
434
453
168
147
750
155
238
66
341
240
399
323
468
691
359
208
168
144
90
108
512
901
540
231
398
369
479
847
219
402
126
179
283
96
50
127
737
473
118
286
216
295
25
347
705
134
451
71
395
395
154
72
119
106
366
169
247
820
941
283
363
507
575
431
227
786
360
190
480
557
990
71
129
336
374
268
489
163
312
369
138
298
93
418
72
138
179
875
135
363
282
164
47
155
460
582
44
149
72
105
628
143
24
187
67
314
790
138
748
419
3
508
228
274
74
330
334
662
36
480
155
589
35
120
170
394
20
303
1009
279
277
130
432
38
457
71
332
302
357
488
368
78
267
69
872
191
347
192
137
578
3
150
36
229
723
583
295
406
718
159
313
24
3
425
76
75
566
294
431
262
292
5
241
673
298
3
409
301
39
147
679
819
173
219
564
187
506
5
298
473
3
377
134
247
747
283
162
393
755
612
365
57
155
378
381
3
70
259
390
428
606
300
349
109
927
236
3
783
215
104
703
508
72
529
80
71
503
771
20
46
159
103
364
341
319
403
192
271
296
405
124
430
701
409
361
406
150
71
307
323
426
100
574
36
175
442
269
381
154
145
269
459
463
207
1520
448
23
177
209
83
749
493
165
326
137
177
1
92
298
118
787
66
65
137
736
82
371
915
318
333
310
223
161
284
273
146
286
473
7
964
297
7
300
448
310
265
467
353
84
254
680
308
430
292
131
348
383
24
386
7
465
730
648
109
33
5
377
31
416
460
554
262
866
355
104
595
74
191
734
457
195
25
113
512
139
458
556
132
103
80
17
330
418
466
101
950
433
422
183
151
119
11
23
292
267
131
481
405
1
567
147
379
3
312
80
169
482
94
414
30
38
162
173
186
505
68
175
103
201
252
217
174
24
41
5
547
337
67
33
188
600
578
525
459
429
274
27
199
56
476
131
20
294
21
263
88
187
93
420
517
172
1532
433
383
490
165
569
312
33
243
221
457
287
91
208
667
353
468
270
131
371
103
7
262
53
365
233
161
5
203
515
306
112
260
306
658
344
20
163
258
3
462
21
77
241
849
470
283
323
202
106
400
695
413
348
102
252
155
124
232
330
222
612
896
487
262
118
249
658
162
158
387
67
17
3
307
98
366
188
337
204
450
344
47
24
188
94
86
443
686
401
384
65
953
40
563
591
542
367
288
797
475
473
166
304
291
209
269
378
49
36
182
296
225
894
429
777
97
422
22
259
456
143
648
479
589
217
391
420
159
436
455
425
19
97
168
380
613
49
290
615
711
325
140
745
589
431
926
145
17
413
174
280
145
442
557
191
69
150
461
288
295
152
132
257
839
48
514
307
564
768
268
56
105
653
420
366
368
281
418
920
360
76
3
274
3
435
56
445
130
529
65
503
150
100
263
293
226
491
180
80
464
443
272
75
287
523
544
703
309
305
161
365
594
163
110
276
132
66
168
22
193
218
6
729
580
5
458
68
681
398
92
72
512
88
651
351
181
223
695
468
80
564
34
79
325
247
73
9
900
97
190
592
195
460
48
213
153
239
717
389
362
423
331
587
40
453
321
212
88
462
452
186
472
240
337
546
363
470
48
425
259
607
144
497
143
463
586
96
299
255
201
298
782
133
504
293
29
112
3
766
45
195
203
230
454
399
95
668
273
299
395
335
420
11
97
341
260
69
621
166
102
106
310
39
623
412
34
52
784
537
144
488
362
922
34
136
141
239
211
358
146
351
102
375
163
329
250
17
494
718
78
130
256
452
762
493
37
409
331
301
222
284
864
261
319
430
67
5
37
5
143
299
272
188
320
164
152
211
47
333
87
70
317
331
912
3
49
111
347
488
212
323
161
191
408
163
94
744
109
876
346
375
26
3
355
73
132
402
84
27
206
973
419
301
273
17
3
419
73
69
36
55
43
167
185
1013
290
133
474
194
275
512
730
349
434
632
98
268
638
122
286
338
380
130
207
378
305
355
717
847
334
773
159
312
297
387
98
90
40
405
220
451
47
415
135
453
338
9
90
82
208
71
474
421
422
155
47
91
458
44
143
335
122
361
80
490
33
511
38
161
501
176
424
206
323
366
59
607
233
296
84
437
104
39
22
6
291
146
374
266
177
453
97
665
87
6
724
464
559
156
296
152
564
310
163
5
606
195
149
809
90
566
260
264
563
10
416
435
103
101
295
98
772
506
407
118
424
89
90
3
284
272
169
130
175
524
136
213
95
3
162
135
158
852
373
79
291
283
548
25
34
382
469
601
425
426
350
391
613
193
19
262
979
55
354
3
136
425
164
148
276
425
179
296
87
452
86
278
115
195
10
596
847
99
5
407
286
574
111
313
277
3
404
669
3
275
723
26
40
37
92
433
267
27
261
367
337
224
469
303
377
70
703
22
656
243
316
383
72
250
329
390
501
109
71
134
3
341
34
367
878
676
558
791
275
3
297
492
36
703
498
131
154
263
13
744
60
20
835
461
787
207
204
427
74
330
270
128
189
601
83
330
212
471
375
523
182
133
333
172
224
55
193
215
251
267
486
259
291
3
87
389
154
86
528
441
236
472
292
210
66
257
681
66
424
463
510
393
86
199
100
157
17
362
373
216
332
42
146
161
75
52
583
51
375
257
511
20
92
152
401
11
347
73
147
140
192
210
34
45
47
298
375
441
572
476
460
142
428
343
19
37
87
351
213
235
579
105
81
377
460
82
197
646
399
333
180
205
298
166
3
287
266
320
199
434
553
498
287
108
494
198
269
196
236
133
644
51
379
301
270
54
272
38
28
643
95
102
963
110
94
1019
70
181
98
266
274
17
693
293
661
575
86
338
198
651
38
101
57
85
150
107
540
248
467
157
483
487
468
408
171
170
435
718
56
17
65
442
42
11
290
372
469
95
262
357
174
528
66
418
69
199
337
205
33
45
146
159
174
42
488
792
71
71
219
164
770
488
341
165
393
331
414
418
1023
634
128
480
225
89
231
23
586
277
318
81
26
461
261
65
531
38
280
112
90
703
317
270
571
25
327
186
3
305
485
3
686
146
176
734
137
80
452
490
740
584
37
308
178
514
912
3
106
34
340
144
72
209
131
328
303
678
68
99
41
512
13
189
480
106
239
398
186
1511
683
45
60
394
192
652
123
119
211
155
180
407
848
371
174
89
66
302
198
86
83
454
556
488
643
451
77
298
131
661
274
38
764
273
73
36
858
1021
93
3
280
131
325
129
671
115
402
275
331
3
357
392
314
176
23
973
321
730
501
378
710
282
676
288
519
390
429
267
294
213
144
268
355
432
395
390
124
168
17
516
232
3
488
81
225
54
50
607
295
352
36
471
147
733
72
131
359
352
281
65
6
208
429
3
170
109
323
74
778
24
130
72
779
459
365
198
151
180
79
144
305
88
657
403
137
1012
740
232
683
443
467
489
161
387
176
79
501
350
92
119
381
129
45
760
165
183
724
161
356
185
478
96
384
18
380
47
163
737
171
109
99
377
315
789
619
175
783
550
904
680
131
819
717
171
869
644
293
160
276
24
414
867
154
68
90
3
371
71
295
304
343
91
333
128
453
554
657
143
67
19
109
597
695
205
685
683
379
154
313
147
334
18
364
569
507
85
185
427
231
75
424
164
464
135
54
456
291
40
511
664
111
191
642
39
464
698
178
96
532
9
100
68
840
260
714
559
559
335
23
229
501
181
300
485
86
722
81
274
89
25
611
222
129
277
203
19
537
286
307
451
264
313
517
293
335
743
473
83
307
228
668
117
486
49
411
690
542
33
23
79
642
666
313
286
304
42
315
187
294
213
407
21
477
398
104
57
386
498
26
339
148
155
456
555
262
151
523
322
431
591
739
410
70
118
457
418
581
19
77
551
301
88
475
51
48
376
325
278
875
221
447
200
402
158
189
152
219
264
458
105
107
3
51
593
50
314
617
300
190
275
95
286
494
201
268
368
69
288
402
100
648
316
37
342
128
83
22
293
167
524
332
70
572
97
219
180
416
76
116
86
312
38
279
493
428
65
257
598
490
68
295
120
76
477
158
395
200
376
218
490
89
147
331
315
300
720
71
502
181
11
168
404
168
174
363
103
264
205
173
121
508
313
108
220
63
164
190
195
180
164
234
344
293
432
94
548
497
494
121
623
225
193
221
33
226
184
322
524
170
364
72
371
409
283
130
274
3
146
17
283
356
526
231
91
776
349
197
445
565
709
84
77
33
419
323
43
181
481
63
93
861
192
139
762
19
41
582
229
93
457
736
143
402
308
592
99
39
399
153
606
367
116
641
165
151
182
95
66
326
141
137
3
18
72
315
302
210
106
286
81
352
77
278
80
274
48
242
113
130
434
503
688
821
47
379
53
469
326
651
538
3
512
471
71
218
91
161
560
143
159
193
627
94
27
471
66
82
140
397
196
305
38
435
290
10
704
73
473
115
141
798
83
207
320
444
195
443
339
712
563
46
948
880
299
78
183
702
421
78
606
129
873
414
719
393
358
177
533
683
277
49
514
166
357
142
312
723
92
258
29
317
421
983
637
885
117
960
911
359
6
967
305
199
168
154
620
167
659
111
180
132
3
75
3
597
115
6
235
35
138
925
53
158
41
70
207
112
140
153
447
18
687
272
480
447
142
208
204
122
255
197
153
292
507
414
413
313
267
911
264
187
22
288
286
54
82
246
1
129
504
76
358
180
367
403
371
145
484
150
207
158
300
274
455
23
284
433
66
18
879
600
199
483
140
247
1
447
300
121
386
434
135
178
552
341
446
135
58
160
129
155
650
276
68
575
40
45
327
632
99
738
373
457
244
64
324
167
186
296
135
74
172
36
101
108
782
220
257
227
82
900
408
68
347
322
53
105
141
905
359
73
15
74
622
100
308
89
82
989
456
900
240
56
534
435
284
140
3
161
69
37
157
265
572
80
297
162
352
669
299
76
44
321
279
408
342
995
19
418
291
136
85
548
344
819
314
166
92
446
417
762
471
169
48
510
375
318
406
25
202
382
168
326
637
277
231
231
79
154
380
13
69
916
176
79
30
371
205
415
632
562
342
273
80
676
286
344
238
926
299
336
57
543
43
375
128
145
1002
412
563
14
3
330
516
336
65
463
313
171
72
67
311
176
744
19
746
20
12
479
5
184
155
41
290
707
161
1
281
188
468
599
47
72
17
522
361
105
303
999
6
355
160
40
102
643
199
390
268
433
839
469
3
134
153
80
744
873
39
961
152
396
56
989
283
75
495
26
354
6
84
111
437
38
400
141
232
65
175
104
3
281
461
762
327
325
22
18
608
62
490
283
38
509
686
333
522
145
139
406
511
372
21
71
418
41
376
50
36
463
87
609
391
158
215
76
74
398
141
285
223
447
263
140
151
631
193
134
139
772
57
324
293
33
364
218
65
942
18
167
975
273
981
334
454
26
144
171
383
181
699
3
19
609
346
3
162
420
140
570
355
291
10
363
3
100
274
141
102
418
444
169
379
184
250
41
140
291
936
19
357
3
67
851
161
560
215
43
283
569
158
435
467
185
176
13
754
86
354
92
289
904
382
285
47
450
219
353
443
236
187
58
33
91
681
268
198
228
22
722
702
412
200
47
346
814
423
316
916
278
253
336
298
3
379
474
483
322
106
3
269
682
348
288
79
827
364
312
38
313
20
153
686
495
492
114
485
161
311
309
50
441
72
133
26
90
496
120
502
654
116
176
389
316
81
29
358
178
178
305
277
68
207
68
401
216
185
84
587
408
98
949
1031
17
5
58
864
139
142
375
270
201
532
238
70
73
984
338
438
35
236
148
3
313
312
370
960
440
880
406
71
133
485
169
46
247
139
332
129
131
71
337
188
342
314
924
12
439
161
439
420
169
721
396
381
521
236
380
465
36
33
48
395
418
134
830
209
466
133
527
3
423
357
591
57
17
208
5
922
667
571
68
811
222
449
5
343
370
833
312
102
211
162
456
868
167
369
163
201
183
626
311
462
45
313
193
19
352
103
180
421
83
713
349
314
187
233
68
3
584
138
75
456
270
565
314
312
200
791
197
171
70
1014
3
691
370
91
443
520
438
25
24
152
496
19
472
21
307
870
447
263
78
661
141
267
336
436
277
552
239
158
246
164
309
346
437
878
67
140
122
309
241
136
379
51
161
180
425
555
401
170
201
114
856
88
360
576
145
176
158
95
95
484
332
54
276
460
503
715
291
37
149
342
19
213
144
688
646
382
698
749
53
