real_Parameters :  bessj0 	 failrate:  0.001373	 Fm: 441.1546  且最后的Fart/Frt: 0.6057052658000001		   Time :  3.3562

478
454
374
67
586
19
619
290
288
352
970
302
292
421
773
629
919
284
3
172
9
389
349
177
348
389
165
274
213
37
574
432
1349
444
3
820
480
340
250
277
842
68
142
160
846
101
601
915
327
515
329
6
3
735
51
212
272
365
351
346
692
33
55
1010
443
427
998
86
172
293
1078
338
38
41
290
71
424
209
512
662
3
311
139
898
402
810
919
81
288
60
135
834
169
430
199
113
929
401
531
894
439
955
259
700
100
263
134
575
230
130
850
657
276
324
37
79
43
54
442
1291
326
400
6
86
403
406
296
160
373
154
403
94
597
425
380
330
63
1024
131
145
526
214
295
164
219
359
545
965
949
37
355
45
686
712
294
359
208
830
576
674
297
440
143
204
149
806
93
917
119
482
170
1503
131
33
278
302
19
456
782
266
265
132
533
581
227
584
478
994
487
971
999
848
5
359
143
14
290
861
573
80
416
180
325
267
327
334
277
86
557
129
330
770
264
624
268
427
409
151
180
1296
1348
491
247
79
73
1226
183
739
990
215
264
19
83
843
87
92
832
695
319
823
1477
3
482
743
33
144
189
57
238
669
3
1392
344
370
281
263
891
613
284
170
166
135
846
491
1482
95
922
10
139
675
135
192
614
1798
76
295
9
40
592
159
370
804
140
1237
71
698
673
628
346
76
941
244
289
69
530
131
524
358
140
78
1276
293
505
185
620
67
244
109
293
782
1538
258
590
493
596
78
486
584
269
391
3
359
350
975
387
459
704
248
501
136
805
906
19
1628
584
506
514
259
143
223
555
141
364
395
898
1699
176
506
155
74
857
566
393
90
302
888
799
48
365
375
76
476
165
709
1386
71
700
148
604
674
636
634
404
631
1710
306
172
776
67
907
408
1006
3
770
103
34
456
888
584
894
461
153
131
91
996
233
305
78
812
377
1331
151
65
609
817
120
494
427
326
718
167
164
98
608
78
975
360
922
783
334
7
629
264
730
42
715
278
206
690
314
259
663
290
320
503
492
232
297
345
963
370
894
79
468
463
901
899
190
753
365
157
423
269
607
132
334
540
401
161
481
541
1189
359
935
131
1079
183
219
656
934
571
142
1381
570
274
226
185
661
3
566
183
172
479
33
132
66
530
941
9
75
361
428
377
651
363
153
820
569
255
538
102
42
362
786
40
305
1016
191
1475
432
654
111
1001
636
45
630
277
18
169
598
224
75
195
1003
414
305
320
607
106
829
193
342
255
952
782
405
525
123
232
752
332
261
1031
3
51
97
532
323
382
767
1103
294
490
138
279
520
551
387
148
293
381
317
3
285
137
897
94
628
726
1003
366
392
351
705
402
725
372
1572
925
194
494
79
158
364
111
629
426
3
74
326
70
283
390
340
40
109
439
312
514
223
322
343
101
226
525
52
830
294
744
847
603
478
71
259
3
432
836
1536
408
131
281
618
292
307
92
662
105
719
317
627
313
190
473
538
218
830
413
59
3
610
970
21
265
281
17
555
282
717
723
764
411
1098
508
812
853
257
264
108
872
136
965
195
266
741
186
567
141
151
791
308
337
1351
2020
270
150
431
261
94
434
90
536
35
3
146
307
704
621
884
141
589
543
453
861
842
283
964
358
143
913
97
738
3
1387
138
36
44
768
3
137
318
417
336
272
271
392
973
198
769
540
796
832
597
192
614
300
224
90
1934
165
17
651
144
191
179
560
790
437
383
464
505
1844
185
812
46
568
411
688
788
752
1477
520
371
79
334
93
112
571
179
150
465
1439
317
51
84
707
1411
259
1021
375
69
853
606
654
522
754
140
722
40
174
274
637
982
1198
497
1004
173
529
122
1127
420
96
961
36
184
35
316
168
692
428
665
917
839
117
10
693
35
952
591
746
105
75
188
135
5
667
588
376
222
175
297
147
294
607
127
6
494
563
236
742
860
368
970
140
6
5
448
336
1009
400
614
18
193
230
338
662
478
584
324
700
259
452
632
142
975
231
261
553
329
366
311
189
595
842
804
50
966
360
490
162
283
468
400
194
843
649
444
840
366
492
925
229
231
305
274
850
34
34
337
353
294
192
866
211
728
232
631
292
351
488
218
210
43
76
767
1
79
799
621
362
515
504
729
157
642
169
397
502
1403
59
694
610
80
93
100
129
86
222
711
352
298
798
683
649
141
42
196
82
810
478
366
206
700
789
34
525
444
539
341
147
44
188
416
509
407
188
365
15
364
716
209
747
49
703
280
313
55
453
317
5
902
681
649
1153
392
741
23
483
704
900
702
520
1336
1059
123
650
645
43
302
787
592
81
614
289
349
96
136
411
857
331
719
521
156
1468
5
264
905
932
479
5
645
122
361
997
576
844
283
451
160
498
213
436
617
446
152
626
376
179
792
519
45
821
290
290
618
480
70
409
517
400
314
334
20
428
166
444
842
121
286
431
542
18
605
416
441
228
422
289
691
138
561
54
183
272
778
124
371
86
575
401
625
962
304
585
750
267
653
683
41
378
288
1019
764
1053
3
540
1619
46
192
671
166
425
44
292
349
320
37
232
1973
101
418
258
1286
452
298
901
402
342
144
448
265
645
324
1060
305
248
404
939
670
355
1023
23
223
18
988
965
264
642
1075
200
165
367
823
147
405
158
347
736
326
954
796
336
401
321
1
827
520
278
529
206
343
471
197
512
326
1150
406
396
347
19
70
822
439
27
480
86
55
360
23
911
633
72
51
10
357
627
353
1218
372
883
192
279
528
503
848
173
148
76
380
134
492
28
17
625
40
244
139
486
540
33
901
1159
261
213
43
594
263
154
762
546
681
192
196
769
69
404
906
295
138
290
131
1
508
681
35
942
474
953
1525
259
1234
134
156
990
1487
333
175
38
387
304
40
309
783
97
997
527
35
353
49
72
95
727
546
371
67
345
791
132
7
381
263
92
158
490
610
392
1549
17
978
302
386
80
837
646
42
335
642
74
307
135
688
494
233
848
438
1248
525
877
293
260
19
1573
243
160
370
451
395
295
412
736
57
46
26
806
429
214
262
447
521
93
373
281
293
956
457
323
963
1660
474
427
359
470
367
930
956
281
539
102
348
320
3
982
451
496
549
1889
623
254
725
559
965
26
85
91
974
312
870
1774
792
39
399
220
706
9
1427
150
183
388
972
749
745
100
479
437
892
46
674
374
716
822
386
272
203
437
102
101
563
593
3
443
433
243
471
349
929
709
261
894
102
276
165
278
855
281
923
33
484
327
531
340
470
529
557
590
197
51
426
270
132
897
432
275
273
1029
303
165
694
57
1001
129
5
319
641
561
91
633
183
506
306
159
142
156
745
726
642
593
208
93
247
236
147
1035
20
19
871
259
1045
212
816
84
45
303
233
290
1203
21
783
917
378
121
345
1061
340
595
504
48
1254
71
631
852
80
801
843
128
39
68
655
777
746
634
21
69
40
350
132
163
230
40
1745
497
818
738
575
163
99
171
307
1159
426
158
23
704
420
279
644
846
373
399
154
530
153
430
515
98
83
236
1313
73
133
1260
492
989
46
651
276
392
290
83
320
135
312
314
323
129
307
720
44
303
164
673
700
486
552
532
80
73
218
355
566
1021
80
272
103
446
295
281
65
36
58
29
266
916
208
551
498
736
584
572
153
553
40
522
188
99
597
470
570
571
908
21
595
670
380
21
522
951
408
246
601
394
759
167
442
638
6
346
141
555
134
350
129
137
92
690
168
39
851
496
694
986
779
203
161
1110
721
180
251
21
441
1126
280
593
157
135
447
134
860
626
351
154
491
65
639
49
794
331
1075
617
773
200
443
295
734
381
571
607
419
209
655
672
36
6
459
307
391
769
780
481
1544
149
34
1528
610
294
1905
540
133
408
911
397
148
771
766
282
114
43
6
42
276
708
120
1246
38
140
66
153
859
134
48
37
92
901
301
296
686
308
992
217
1592
68
650
1017
496
175
268
129
738
323
368
342
135
642
296
1022
657
477
73
783
432
828
959
84
951
380
837
171
9
3
1003
215
11
824
1020
131
622
662
423
51
506
381
25
5
490
670
278
829
27
209
567
1937
29
771
341
463
297
471
3
814
11
512
18
375
267
511
467
806
64
469
920
295
14
749
738
548
163
500
3
882
46
1347
132
136
318
1200
216
282
523
468
131
515
625
570
297
708
708
137
485
218
676
1340
905
66
51
244
134
155
3
512
17
1516
3
593
233
285
96
350
847
760
490
323
139
303
77
202
195
443
929
916
428
291
40
880
34
302
14
338
475
572
144
940
315
688
36
542
331
537
265
406
134
559
34
472
88
370
772
103
930
634
144
519
343
1008
321
38
690
982
98
138
28
36
21
734
290
321
284
24
394
81
665
962
798
72
100
190
833
806
930
50
607
175
532
152
98
800
292
448
259
1721
417
426
475
910
317
537
566
530
219
656
279
780
57
348
330
75
444
5
990
287
793
280
24
716
300
971
11
137
832
444
129
3
357
492
20
600
809
104
436
1474
44
957
20
503
328
476
143
433
106
968
898
432
310
944
857
45
133
449
742
132
688
770
376
220
149
38
3
404
444
518
474
38
414
707
88
286
258
263
752
471
198
81
630
37
68
716
1369
406
96
45
958
424
133
208
72
153
186
21
914
52
427
622
427
180
3
710
308
237
884
372
243
329
177
84
531
916
458
400
590
374
765
553
1334
11
704
1769
194
309
6
154
342
408
314
81
28
690
353
216
294
563
130
3
59
544
352
293
184
280
322
160
530
355
784
666
156
382
192
824
292
88
1178
517
1053
73
817
1405
470
1577
168
436
44
1787
180
907
637
49
656
405
749
1010
338
347
352
190
629
100
688
105
420
71
358
1846
1402
140
450
953
655
784
987
261
478
74
857
871
176
129
36
155
540
510
21
415
854
550
80
21
733
307
284
533
113
46
173
280
802
371
157
393
1234
488
1070
875
551
826
438
1598
88
815
30
53
943
915
67
135
1775
416
156
49
521
705
403
388
825
11
613
1644
153
734
99
335
811
186
218
143
745
361
192
597
162
112
110
473
5
70
38
678
563
1059
14
376
183
379
235
89
278
331
79
164
309
241
114
425
1472
1307
811
582
9
66
595
349
78
212
973
1028
375
69
307
273
410
906
159
940
419
84
1108
165
225
1338
419
888
77
335
596
427
230
82
544
854
612
1820
683
343
313
598
290
345
501
276
400
173
908
341
297
595
474
936
366
727
124
194
169
842
442
388
345
307
89
992
280
849
87
308
742
416
727
145
718
178
933
418
230
560
688
357
480
185
536
594
175
645
1273
182
788
469
701
91
689
1113
638
259
14
372
338
1991
143
73
396
89
100
381
668
176
460
225
239
90
148
888
599
141
698
110
3
402
47
300
225
1421
164
743
68
375
275
135
607
335
97
3
262
141
456
665
276
692
878
155
199
3
122
24
800
298
416
563
772
338
28
468
1340
264
409
729
159
880
343
67
392
512
770
308
531
1122
98
30
544
313
200
27
1426
139
865
865
53
514
971
718
30
448
692
250
127
264
537
181
563
1386
9
232
154
612
791
1926
384
294
411
364
1527
497
162
271
535
380
181
103
393
233
282
132
758
701
271
262
205
400
291
40
365
796
1460
58
3
747
460
96
251
93
637
897
451
69
70
10
72
38
538
647
6
1126
36
194
1133
757
559
6
98
135
12
560
37
599
505
1977
368
252
297
54
40
137
192
132
82
219
72
278
164
565
25
397
680
456
154
168
1001
355
802
169
38
269
433
809
738
361
61
83
926
83
268
432
950
1360
166
371
154
425
455
328
278
1525
765
387
65
745
439
140
951
498
249
288
199
69
53
552
641
90
815
200
67
232
304
162
312
37
176
369
84
342
549
1516
407
3
337
621
804
113
1638
177
151
704
278
859
73
134
382
708
621
847
24
899
37
1735
370
701
1519
286
143
584
274
325
19
111
844
390
845
431
359
337
303
394
500
165
872
537
989
465
5
769
149
18
424
620
49
3
41
307
583
707
295
205
300
145
178
35
361
124
324
1611
968
318
183
455
602
969
308
271
296
747
581
902
140
393
439
160
153
405
308
270
905
82
561
22
241
158
195
1552
305
911
412
330
205
272
156
20
289
308
147
980
354
564
1375
163
940
101
571
25
551
648
1499
226
875
1417
550
130
525
301
73
377
68
348
416
940
129
789
998
200
154
218
315
447
1814
297
699
364
7
209
143
321
854
54
371
502
188
639
667
193
979
62
223
466
650
151
453
141
561
379
195
257
310
130
384
569
1044
272
77
313
493
667
308
168
359
6
269
132
9
925
18
12
746
760
504
189
896
362
183
625
3
158
418
166
66
78
1440
481
141
36
844
201
934
199
699
406
343
78
910
170
160
211
753
50
544
771
369
385
553
869
139
395
648
441
803
264
299
787
685
377
1
762
850
620
584
294
46
793
530
650
1406
593
51
460
208
284
129
160
751
905
181
859
45
377
301
309
436
541
65
1714
36
3
841
422
954
302
331
623
951
442
1108
482
911
219
351
55
358
719
59
298
179
222
92
3
269
154
110
437
18
227
987
740
72
313
291
167
468
85
247
623
674
742
3
518
73
138
153
6
524
549
504
21
260
463
416
516
544
298
421
38
144
556
564
276
423
85
565
138
357
279
897
894
13
520
430
424
898
7
906
20
400
660
625
1609
3
163
301
974
489
119
363
286
930
531
19
50
163
908
140
449
972
338
851
662
17
1085
20
3
230
27
3
107
908
250
86
152
119
607
266
90
282
629
1324
30
75
445
55
329
207
147
432
667
189
71
222
47
203
21
733
761
18
315
400
268
996
751
270
386
1351
1176
486
455
276
28
799
574
519
341
574
17
78
301
396
168
336
380
397
778
148
434
317
317
902
467
709
1400
549
268
146
835
894
943
94
332
847
498
169
90
822
595
65
46
445
100
470
177
44
3
458
157
791
378
67
139
178
209
758
1630
834
669
76
713
33
451
978
254
1135
200
195
278
273
172
794
854
383
13
725
770
703
1412
3
140
819
960
61
94
374
187
406
194
34
190
42
247
188
678
79
828
769
18
420
575
440
69
607
752
435
51
22
17
649
753
284
38
99
3
338
220
290
379
46
1014
33
428
360
292
267
333
751
466
616
755
663
301
444
1116
219
284
80
369
547
447
979
1212
998
494
108
5
495
475
40
283
352
507
187
433
387
375
5
461
68
306
103
98
529
69
895
189
196
1000
512
683
334
209
278
722
483
356
280
873
497
417
112
891
299
808
1160
144
617
68
1013
649
852
66
132
812
313
575
196
638
644
21
205
9
49
97
356
285
334
271
88
517
800
277
35
1050
103
1041
675
67
721
598
441
478
659
373
585
131
236
344
282
271
324
160
44
18
531
1528
885
762
148
241
392
818
970
67
984
74
731
170
89
95
818
95
467
310
812
3
642
92
165
108
160
54
799
502
769
297
820
848
193
217
510
592
265
261
35
289
746
86
272
899
741
159
606
269
695
888
375
536
461
177
283
170
281
1323
591
801
35
40
166
1837
319
817
417
679
14
140
160
129
7
1100
367
717
216
478
185
487
455
243
72
96
162
992
1062
597
467
389
691
68
87
533
71
1310
749
75
431
176
835
106
218
682
367
1106
675
41
677
852
883
418
786
958
71
189
655
5
1671
145
780
72
420
558
258
505
968
151
403
291
785
363
327
305
658
167
614
3
14
340
627
863
37
471
289
269
75
881
1017
561
369
86
951
206
292
847
1328
328
131
69
1007
19
283
1261
997
333
48
487
382
755
238
773
586
497
618
198
65
824
939
236
172
524
404
992
438
348
343
830
701
540
593
289
457
182
881
542
110
639
78
684
343
953
34
1321
210
650
772
494
149
388
272
426
3
402
375
172
294
901
1378
1225
185
624
794
797
679
129
96
614
868
252
222
753
200
146
593
91
41
585
372
273
767
35
493
37
1150
94
174
24
607
356
951
3
899
1501
92
1664
299
827
317
268
428
722
170
648
477
570
165
247
596
924
965
5
33
842
12
381
137
1234
304
1119
57
460
302
384
618
143
346
1248
788
78
227
304
723
17
232
1205
674
553
564
193
86
684
368
134
174
543
131
333
131
306
1244
619
392
420
293
819
50
627
693
384
384
873
446
682
142
527
492
163
42
159
341
692
425
45
350
290
540
437
172
307
161
622
1909
318
650
3
77
110
886
141
224
569
339
74
527
983
685
1509
560
611
391
161
825
541
361
196
18
1228
139
703
573
564
596
873
82
664
606
631
549
537
861
3
71
368
1066
154
73
602
321
489
596
267
1192
276
84
138
153
141
449
191
837
311
170
214
786
894
284
600
783
367
384
165
95
234
68
1558
3
258
695
246
744
528
765
557
42
363
650
211
430
157
74
138
542
449
644
856
139
330
199
362
469
195
634
723
800
1466
518
1605
86
945
1105
85
181
210
744
1173
3
41
60
1265
447
194
363
271
342
576
293
535
443
71
108
471
731
140
39
69
341
737
1989
250
172
56
295
91
270
152
92
868
453
261
852
969
389
357
65
512
587
100
844
716
74
42
669
86
52
186
1415
93
76
839
215
237
150
186
809
258
417
454
204
1190
161
15
834
284
242
550
980
717
174
939
518
372
336
456
555
139
66
220
658
290
646
396
1708
635
42
734
560
198
436
255
1178
56
142
132
692
215
178
5
81
921
398
477
149
424
875
393
394
66
145
109
316
150
99
200
505
19
861
448
171
1869
1052
346
58
806
267
704
17
1297
405
252
111
103
369
137
446
354
66
186
766
146
1568
90
735
665
650
3
38
954
141
357
707
75
105
19
45
236
202
258
237
326
594
268
336
615
569
1794
51
367
118
5
154
173
68
865
532
440
192
15
97
523
101
931
1609
29
684
305
1015
319
637
489
358
158
538
965
690
430
42
101
145
425
162
418
451
423
364
47
9
598
282
562
68
42
262
623
276
75
675
1057
110
67
278
623
90
225
277
563
805
213
477
725
47
264
805
707
1627
6
116
259
35
892
295
82
308
727
5
496
21
1680
268
861
690
624
709
220
1295
596
930
661
965
152
5
667
369
328
333
151
613
723
457
538
548
104
866
640
740
316
1267
1011
351
12
170
207
212
273
346
87
896
175
329
199
1251
427
468
469
116
58
973
452
321
381
132
131
3
97
19
73
314
82
92
562
284
529
844
269
271
70
328
194
867
137
163
37
435
848
1502
457
407
267
298
387
70
714
808
5
621
919
27
217
770
88
196
169
230
816
476
11
345
216
246
35
273
321
241
245
99
303
68
277
195
608
6
469
841
266
5
98
443
433
339
524
240
501
590
33
26
65
539
1487
1532
10
910
262
508
879
537
22
134
394
584
835
377
733
1209
636
98
636
1181
568
11
1033
478
1169
68
347
430
733
840
887
335
106
644
574
875
19
490
1280
21
481
1201
819
367
311
485
92
530
794
1504
1126
7
334
68
906
765
1657
994
34
569
232
268
427
36
298
84
442
217
274
271
1723
386
313
856
52
150
203
236
317
26
584
625
731
481
298
40
843
219
365
3
85
723
289
140
660
511
307
591
1251
103
314
504
688
756
442
501
161
312
194
204
113
26
213
33
67
339
82
587
82
905
440
577
701
155
439
3
1303
349
942
433
111
129
867
490
341
302
367
1471
127
50
59
374
402
47
582
1813
337
136
697
446
6
71
81
362
429
172
47
991
369
645
137
330
99
610
37
105
368
1292
642
187
193
424
177
1201
15
108
94
307
421
982
53
215
513
1587
189
720
512
722
757
148
471
1120
461
184
787
841
75
409
1122
268
742
109
255
217
1823
66
92
159
43
41
7
70
419
762
218
140
260
372
90
728
189
999
746
191
271
440
335
753
6
891
192
698
33
984
806
506
324
321
1324
384
513
772
159
1516
110
670
361
278
480
762
150
379
603
982
206
193
751
531
535
319
304
526
83
146
319
635
75
467
74
3
527
39
133
230
545
477
1077
170
934
72
263
294
540
162
543
1682
84
539
385
754
61
706
401
310
192
896
980
645
479
828
70
408
389
722
35
812
332
3
523
748
486
689
195
183
178
367
247
557
271
368
179
178
336
365
1297
768
744
491
697
56
83
20
671
341
859
291
331
356
136
843
237
91
367
295
912
772
3
964
390
157
166
851
640
321
376
428
74
1675
10
52
569
330
184
169
315
55
341
146
92
153
1024
969
1221
775
311
1001
113
44
168
612
121
348
333
138
40
875
657
1459
754
267
588
355
550
560
618
33
22
221
792
703
189
1759
462
834
360
133
1805
802
176
833
144
377
193
343
962
273
308
198
185
198
219
1171
932
1010
507
330
1046
309
413
943
326
204
836
885
278
575
580
264
12
347
454
465
25
769
755
65
338
429
55
816
397
58
155
1246
3
265
925
319
132
1351
84
153
13
542
10
380
1362
313
645
325
595
361
272
529
349
96
459
908
657
653
1306
480
71
180
34
164
69
810
634
447
304
661
289
267
940
621
43
400
144
302
23
103
280
276
806
351
871
736
35
300
446
528
196
660
203
326
679
354
778
23
341
272
369
826
173
98
184
1616
168
1131
3
924
731
3
440
393
208
976
303
1023
608
236
1127
325
332
642
289
338
617
309
149
454
168
612
713
186
341
901
245
473
124
49
283
357
1015
326
708
1662
815
457
534
1469
469
726
1454
886
728
140
910
187
345
360
792
275
550
323
69
1000
518
536
104
861
252
583
1006
364
994
773
45
759
542
49
187
431
301
3
302
393
954
292
438
23
880
78
355
213
156
182
431
414
485
417
204
34
643
307
583
307
495
955
797
144
104
594
868
306
921
80
534
296
1234
308
1061
88
1003
109
465
611
107
776
261
19
236
241
230
386
681
336
162
801
37
171
934
324
507
606
305
146
140
240
56
334
1682
687
19
150
641
797
439
1271
141
361
654
961
646
38
587
170
967
678
434
165
56
488
278
195
1007
1484
76
501
603
898
196
389
73
212
287
478
654
412
707
55
761
403
143
22
313
45
444
315
408
160
325
597
773
20
727
720
611
197
241
3
476
35
22
56
341
319
811
126
76
1081
219
798
168
929
528
140
195
1028
1442
201
683
611
805
425
40
971
594
346
301
84
90
150
1139
732
386
3
272
540
359
354
384
3
565
179
77
995
180
942
495
620
59
927
264
835
271
135
89
672
159
513
281
79
180
933
423
421
268
313
139
382
51
1133
57
312
3
413
347
518
185
332
194
175
302
429
340
261
85
633
619
764
342
344
543
144
576
182
857
1766
215
122
397
208
658
35
672
375
616
736
882
272
71
290
760
146
608
776
784
494
665
46
153
415
472
361
535
815
118
476
36
165
735
223
275
644
1563
384
1425
332
731
308
93
953
158
358
20
157
964
310
30
457
144
133
176
292
760
129
702
559
110
517
143
22
1921
471
609
1487
691
68
3
2035
600
679
298
433
751
899
426
653
283
145
698
434
66
3
275
110
642
1363
852
149
3
1747
445
19
87
516
885
33
760
3
82
624
257
102
85
521
675
130
259
336
971
291
398
686
73
988
256
1259
71
338
3
158
980
177
1338
599
739
455
962
29
68
93
1403
844
440
39
227
93
158
745
21
182
486
293
99
172
10
271
1424
733
563
135
