real_Parameters :  el2 	 failrate:  6.9E-4	 Fm: 655.9616  且最后的Fart/Frt: 0.45261350399999994		   Time :  23.7398

175
4
2702
716
2
1075
795
682
711
334
187
280
604
95
836
745
1580
1341
507
1252
293
124
1606
945
897
396
465
468
1391
875
440
1299
232
1290
65
765
271
150
65
171
1424
157
48
271
916
1460
468
151
46
3088
401
2071
607
17
150
505
177
126
792
784
74
773
291
1011
623
33
1036
96
528
45
160
51
409
414
871
302
370
642
356
341
1116
33
20
491
37
98
143
1546
424
360
713
40
526
502
1001
101
1038
249
26
1155
658
381
947
456
1761
710
278
396
504
1420
55
58
1852
1525
336
38
50
483
423
203
751
393
164
1033
103
34
113
3249
1658
965
999
3861
326
165
123
365
278
342
259
1382
102
299
572
1308
1128
1054
489
342
437
399
259
133
220
206
1766
1483
573
87
840
146
315
247
358
344
939
1179
572
350
168
3059
107
436
1308
113
1246
35
150
1991
1425
86
243
2022
128
3153
55
1494
1100
381
584
510
62
184
35
1694
75
1018
79
626
1540
191
910
901
2488
764
2350
1030
897
2064
164
713
605
1684
709
285
400
240
3
818
1671
397
782
477
1402
250
588
66
99
224
179
1154
154
461
429
190
300
968
90
330
1220
1449
171
170
170
63
140
431
397
205
46
2926
188
65
95
6
253
46
255
620
246
759
136
574
216
35
162
57
2989
835
225
360
1007
911
788
324
464
639
1374
17
9
59
502
963
1169
242
6
342
150
263
377
1077
1496
85
1906
1302
531
110
1313
260
40
632
776
487
1348
484
144
32
631
526
216
118
212
252
928
687
75
340
531
515
50
418
3276
435
1306
789
1625
751
1559
408
1228
710
512
86
102
65
75
45
199
22
2597
510
1224
93
1550
212
1482
353
123
21
1224
1971
683
784
1576
705
191
420
2121
492
2218
214
448
24
381
59
65
582
1272
87
737
286
943
252
100
897
847
722
1694
116
59
30
26
319
735
29
3482
1083
363
59
549
1712
31
883
228
649
467
1592
977
280
50
412
147
71
672
563
317
558
627
2107
2043
1575
239
273
1030
1983
6
1138
238
466
27
1681
1173
228
228
258
1028
1176
820
421
2432
245
367
98
986
517
454
140
2593
7
1752
895
400
630
8
227
501
895
1255
941
113
5010
261
102
1731
1087
231
313
118
125
102
100
164
271
452
442
45
1073
1565
474
333
53
1353
5
3562
641
393
150
471
3355
4046
334
1754
1929
1365
2597
78
1674
714
136
186
137
1068
155
1605
1124
1494
24
2295
2473
156
269
600
146
444
1408
764
440
24
65
341
160
540
270
90
248
120
414
542
727
1114
750
744
503
62
1097
693
207
242
64
1048
714
729
370
653
11
566
2259
1340
942
343
206
42
199
723
3060
358
172
499
569
2
322
1449
414
884
222
6
2
3213
616
255
1448
126
27
706
1307
125
178
298
431
340
107
1449
37
338
5987
1170
475
1704
640
1099
1215
2804
110
1412
234
108
53
52
935
710
1233
143
532
949
93
781
19
252
157
8
1200
132
16
291
78
1119
2
92
36
948
188
361
2080
297
256
530
27
114
522
451
841
714
432
203
1272
50
905
1229
207
418
4544
205
912
1455
927
1025
51
714
1925
1085
997
1512
495
440
72
117
1178
136
500
701
236
619
752
2648
111
811
444
728
1851
70
264
1123
800
44
852
608
1111
532
18
1098
183
398
233
571
148
107
749
1800
33
1165
42
875
52
62
371
1112
228
138
1067
20
54
206
583
811
325
498
849
979
111
370
578
398
431
236
403
77
550
37
129
1274
806
266
388
1012
1644
123
1006
487
988
175
162
374
802
3867
45
731
394
1043
72
1872
883
402
1736
446
1271
721
617
828
359
258
692
268
291
248
318
775
1094
316
1302
420
752
148
1031
560
541
300
115
657
542
1351
1693
122
658
1398
474
141
354
1152
272
351
1070
255
478
268
1047
28
508
1046
1065
101
154
626
393
400
144
202
491
1311
2501
328
475
446
177
1039
635
575
62
281
386
544
552
166
55
505
30
1001
2168
660
543
200
400
146
3804
374
3593
393
1234
138
2458
1036
720
171
1892
1288
338
4
44
498
1251
249
7
156
1558
778
138
1087
252
739
815
180
135
19
333
200
698
108
1624
1424
309
199
78
131
2678
127
44
31
70
126
257
2460
771
182
1155
253
1570
527
827
3
561
45
108
5
358
36
587
155
731
1062
450
428
528
1819
422
2888
41
1136
2458
721
871
121
1382
436
526
12
645
1135
1007
315
700
2579
330
97
316
2385
958
456
1221
774
378
647
945
940
497
518
408
217
537
534
90
895
231
44
683
305
1025
448
339
628
1417
356
34
337
18
1762
96
1344
319
1154
95
124
745
369
2578
1667
58
1170
19
723
471
3666
110
545
37
1038
508
774
1088
604
403
1506
356
157
172
20
534
794
193
647
967
347
974
86
29
222
55
878
760
429
11
246
20
1053
376
859
1195
50
300
802
861
507
812
888
1371
19
316
479
42
586
159
191
1333
556
1760
908
1328
1375
127
2488
412
605
595
402
612
1730
2601
1848
636
144
413
39
758
1592
3209
3763
542
21
1230
755
175
129
9
85
608
551
33
2029
110
177
986
1022
99
712
3
59
216
61
331
249
1646
87
370
742
1
107
184
1595
421
452
194
1932
326
2308
655
460
556
941
802
69
110
456
10
138
865
729
169
295
83
571
630
217
551
924
2693
37
886
614
1699
48
2869
179
528
215
424
608
93
581
723
431
31
151
140
495
10
116
143
508
1288
72
225
389
154
189
450
252
2393
51
579
67
805
146
4
81
263
213
981
403
665
838
591
15
776
688
469
3199
297
495
311
97
738
1039
1243
5052
132
589
165
715
7
558
3581
542
130
141
1491
499
99
855
1672
435
801
2313
658
329
408
18
42
1372
131
916
928
702
3904
137
349
1392
900
186
542
2093
521
1197
1074
143
121
1870
29
172
63
444
269
376
28
2299
604
240
84
21
440
110
2299
560
972
1404
395
23
478
44
319
218
925
1156
44
331
403
2965
205
138
1551
2728
430
202
28
861
324
253
1283
740
887
528
391
874
1187
2414
283
1250
71
104
1557
492
175
125
1676
150
1117
233
986
307
830
62
977
218
1914
2750
84
1664
57
636
119
364
322
476
291
197
476
1396
905
144
153
688
24
13
101
1759
963
310
700
624
647
1003
210
136
90
1185
110
434
143
61
151
172
439
1079
136
281
1093
648
74
415
542
3280
80
293
5056
123
1444
1268
1007
787
557
1217
2312
230
1049
741
2053
505
640
663
627
692
369
827
935
876
348
1532
621
623
1870
364
2146
99
604
658
373
493
12
546
1606
16
552
495
95
1515
105
98
207
442
70
517
194
42
922
124
2370
888
81
92
420
367
635
370
609
334
1279
453
1256
22
738
3958
10
165
927
66
972
23
310
927
45
697
659
40
495
17
116
2636
673
14
309
70
885
213
645
273
1959
1082
303
1383
438
284
1543
128
33
692
345
70
97
362
422
2244
233
155
703
1134
1688
364
83
185
693
66
3413
304
17
724
578
745
61
704
394
254
2232
345
418
595
121
132
74
882
298
53
104
84
53
45
918
48
2322
19
1591
235
1197
124
1004
2034
950
1810
952
213
822
1331
699
536
170
60
64
202
942
2045
114
55
161
729
527
1856
902
599
214
182
1082
101
220
1200
986
338
79
112
1051
109
2545
1122
75
59
1862
76
434
508
1276
1225
629
718
2227
180
679
1625
2541
420
211
1874
477
501
2787
151
574
338
374
924
199
105
154
658
1389
595
2
7
267
1100
159
5
14
1520
2071
45
148
197
3
466
548
190
139
781
1109
122
235
92
98
62
765
933
2130
62
5
486
316
982
82
2343
890
1062
1401
3872
419
454
395
896
106
2242
543
499
648
1678
2099
111
544
188
252
256
461
27
1155
706
9
2088
4274
1972
196
1952
968
23
921
869
228
1304
183
238
1646
517
2602
326
59
82
399
441
187
1556
971
660
1278
698
23
118
1482
1111
1138
279
775
546
596
58
1657
2783
1524
356
1097
89
70
462
598
877
1030
1384
196
702
1044
749
833
767
763
148
348
526
2430
78
1027
505
215
2652
15
1919
561
723
335
177
225
78
123
172
61
1129
30
1514
67
402
15
126
1347
626
1110
899
800
501
138
964
637
38
673
257
132
147
455
905
239
609
985
41
1951
904
558
144
398
603
602
126
154
147
390
2553
972
247
1137
89
65
357
668
1201
639
843
919
210
440
140
950
629
619
365
1751
403
947
189
420
889
1519
205
218
435
651
162
919
171
689
23
210
57
664
703
66
589
201
140
378
94
1426
9
89
54
2145
936
827
42
446
553
4
39
234
166
1021
405
793
925
1499
449
38
434
244
65
182
1785
976
3
158
596
316
196
1459
415
136
123
1089
209
356
65
217
718
192
117
115
1002
55
608
92
682
367
68
320
203
181
955
1620
422
466
112
349
168
431
824
66
137
2045
1870
1314
43
112
38
592
606
51
827
1088
658
884
3283
1345
543
196
439
1325
221
1213
502
502
1136
1631
916
2536
167
396
376
657
1624
116
1081
980
484
236
930
237
232
512
525
87
516
616
93
561
9
260
1703
50
606
279
1144
32
1721
1071
479
2394
21
2382
640
331
457
25
70
603
1654
1953
78
2519
642
657
606
469
473
652
1440
305
538
222
97
1458
305
540
852
2006
409
998
900
227
115
367
1549
511
1192
8
35
594
730
404
1866
552
10
643
79
3048
1769
933
332
225
233
432
308
560
405
772
157
460
139
55
717
648
167
1183
363
912
176
178
1054
963
713
82
1459
306
251
879
657
1226
48
9
17
855
16
42
1477
603
876
946
321
711
23
493
670
255
45
1099
591
117
438
41
409
150
709
1113
1077
1629
405
126
242
1921
656
256
631
293
239
47
1164
462
660
6
178
42
843
63
830
651
343
866
277
871
1326
457
241
281
147
120
1460
1075
650
682
591
741
488
2980
851
161
103
227
111
153
144
795
297
1604
22
300
350
137
310
92
964
238
1193
178
209
566
380
236
1200
482
942
170
49
572
307
190
625
735
775
56
193
87
282
2173
228
1477
1194
450
148
433
1874
226
1083
176
132
733
1621
1374
211
1123
691
704
827
2703
732
49
665
459
1263
23
211
1303
697
178
812
785
575
61
208
224
34
774
391
1105
861
620
544
12
572
651
1269
1938
66
1667
23
460
58
1337
343
15
548
247
288
864
441
930
566
219
265
1072
193
669
53
535
2150
63
1396
386
362
564
11
581
306
1344
48
373
1248
432
557
409
370
1069
831
380
71
335
485
2095
445
216
153
348
522
984
137
976
764
1382
440
655
542
615
113
65
468
1111
749
2291
1334
445
1202
244
259
731
458
504
1494
324
748
1439
601
1232
1753
613
335
261
185
50
889
582
329
133
37
2369
594
251
221
79
606
272
148
1962
45
750
772
6
951
1058
1221
169
11
43
288
354
907
257
1986
536
840
1559
563
287
569
185
1169
143
4
11
23
394
80
753
439
1270
525
282
1840
164
181
679
499
1203
871
549
95
1053
417
952
183
1244
1338
268
502
548
1375
736
216
726
2325
914
927
454
92
289
2802
208
2293
764
6
1012
13
195
97
1107
339
98
803
1290
568
619
279
1551
1676
303
355
288
202
2412
1020
1779
34
774
476
497
811
470
1863
101
192
256
1096
349
788
583
2913
229
136
48
106
3404
686
150
535
1479
630
579
37
1167
658
104
2308
161
261
711
1474
111
625
57
84
705
387
657
958
1858
199
680
81
1216
3078
1539
2619
2847
1591
576
110
451
536
34
153
932
127
717
2463
1010
2098
78
487
1178
225
234
372
6171
499
335
423
767
1279
1025
285
1963
324
679
901
33
954
97
104
1835
466
354
216
827
138
848
829
212
1264
715
642
688
351
358
906
175
1809
643
282
658
24
1212
76
705
256
110
1420
310
580
903
1957
451
103
718
109
469
1122
707
320
258
253
183
262
1703
376
876
295
248
151
105
136
209
765
253
498
635
454
175
67
1062
562
521
650
105
852
340
20
247
388
116
140
278
1366
605
3124
358
361
28
3721
10
888
564
465
581
331
2198
72
145
678
470
718
1374
1725
153
409
144
853
1172
2077
205
1790
1355
33
174
26
921
204
517
380
22
725
3667
617
627
1268
187
250
16
1068
218
276
165
208
458
639
57
16
1766
452
119
1324
367
475
904
1602
333
38
399
586
300
281
438
248
748
504
214
311
368
1065
1275
484
480
91
13
491
75
1098
651
1773
1303
108
790
1174
1372
1223
108
2329
176
1227
1100
227
2280
29
1445
1249
70
10
22
103
693
41
269
48
2299
443
1252
420
3
718
293
53
88
281
517
362
122
1825
39
1524
2107
1056
141
1365
109
165
153
553
842
137
34
467
207
217
609
214
172
181
156
245
42
645
919
667
425
69
270
354
1219
1456
1470
160
364
497
105
668
929
336
554
373
323
1129
888
232
209
159
4
205
420
299
756
159
646
625
49
63
12
360
1792
438
9
1260
709
615
2506
56
1832
106
277
144
658
661
1477
1509
1023
448
199
74
163
262
81
347
755
1023
291
551
47
134
1832
813
97
398
2424
1321
1752
674
423
277
218
362
1624
478
443
327
606
245
136
66
1166
94
795
114
81
473
876
335
759
405
1332
364
28
172
987
895
1369
479
534
239
856
1809
2965
206
491
91
811
307
138
166
746
1533
713
1432
826
85
702
59
101
105
15
111
801
36
63
156
170
41
1001
370
354
157
50
706
159
8
405
52
673
256
456
822
150
1139
379
1993
7
645
439
989
30
270
455
685
586
603
37
718
206
809
120
1105
394
223
90
951
1339
231
220
230
108
85
317
358
446
1102
182
788
444
1338
128
198
366
351
1331
31
347
99
160
148
299
467
515
392
141
532
1273
277
553
44
1528
1508
437
347
721
1757
326
847
297
2005
336
81
80
1370
513
343
338
44
101
178
597
72
446
394
437
235
502
29
1528
105
324
250
575
51
370
642
1206
267
39
874
720
336
36
403
914
321
180
314
825
246
235
1313
619
175
377
1856
928
5
720
742
1536
163
267
7
90
1768
259
397
133
963
424
58
12
988
324
232
1365
814
227
907
1370
1263
1015
394
1610
386
1773
247
353
576
393
755
645
5
2065
1083
776
460
1262
384
967
906
562
1015
823
100
2110
179
1456
3158
58
259
778
641
27
374
884
113
1252
6
384
512
496
141
101
689
815
2607
257
256
686
109
719
54
152
1760
366
130
125
5
821
739
229
646
3878
157
55
500
881
696
64
888
1765
594
169
407
570
185
295
74
40
1505
434
349
545
1005
158
580
798
775
1784
648
943
71
91
1493
29
1379
28
1311
878
323
76
921
192
1175
180
1022
218
1644
1075
2407
357
1174
1453
74
1709
2
59
248
792
2294
332
1507
215
40
740
431
4486
387
335
368
570
3
624
884
227
1683
262
213
1106
254
1793
467
627
358
474
47
1252
293
54
505
2424
883
55
119
1750
530
6
114
310
237
311
652
363
93
826
93
435
336
1423
156
414
1065
845
652
862
151
103
2148
224
263
74
222
40
394
1213
161
937
1224
429
667
337
1117
295
90
76
1112
240
243
248
508
363
151
1667
26
1629
623
179
632
328
1529
625
5395
152
984
1770
129
7
1363
18
696
103
468
774
246
1691
409
207
1839
629
618
1159
256
877
45
298
284
339
845
1137
143
30
620
690
345
283
220
1354
2259
936
389
1851
1424
186
140
539
569
486
24
5
58
30
858
1589
468
142
602
622
261
1152
1190
2088
134
134
53
947
434
809
431
34
611
943
23
434
374
63
2013
133
1113
55
565
923
148
1730
437
574
964
208
277
1374
1497
42
42
93
304
783
67
132
1586
1222
197
27
1613
738
385
208
688
514
301
480
319
12
46
76
2476
2088
986
121
467
137
78
166
249
263
853
697
530
409
524
124
123
140
621
720
46
477
362
129
870
1441
383
93
285
1337
113
938
684
2715
187
369
341
747
664
25
1151
1443
171
44
94
213
179
536
373
335
182
154
330
166
335
115
13
87
762
966
590
1050
482
1011
308
2455
1229
491
567
1162
770
150
665
290
617
171
410
1635
903
532
446
736
154
115
90
193
3213
325
106
335
498
748
928
294
566
123
1833
594
136
175
1170
2537
224
1256
854
251
935
188
1334
1916
370
48
573
708
305
765
735
464
150
853
985
827
570
8
120
333
489
152
1325
2825
736
512
314
840
1096
1296
1400
548
1109
193
1523
1635
227
189
122
147
1585
1526
66
1506
2089
444
94
2543
473
329
252
429
1466
594
2302
2588
617
903
65
417
421
833
261
252
273
291
743
1076
29
2348
23
180
803
1481
40
8
871
25
443
516
372
50
1376
203
896
579
235
557
101
2661
1692
628
188
26
422
18
63
584
1692
306
396
447
463
147
838
996
545
476
247
2420
486
308
218
495
32
26
715
2032
814
347
75
2346
3948
852
1827
716
491
426
101
1651
790
538
799
1101
2044
1618
25
281
985
50
207
3769
891
467
163
785
888
78
616
16
322
41
707
55
126
924
144
132
26
165
362
653
379
1561
442
751
247
630
831
24
95
208
62
1418
59
557
1475
291
1501
216
81
1320
447
329
169
117
915
183
980
407
548
822
242
245
263
825
16
1878
834
336
1031
936
281
696
1006
55
189
262
233
435
333
17
2261
924
11
225
1607
67
12
1525
703
289
1141
567
85
421
4
903
1590
109
70
155
290
1076
810
1928
156
739
285
344
471
1295
105
1134
330
1212
76
275
285
646
50
35
974
1478
76
5
956
1326
292
604
1133
353
433
1549
889
747
282
828
445
1131
65
1084
667
919
626
456
962
636
233
1553
543
36
657
457
538
1330
193
7
148
998
36
1020
1529
1146
694
618
1113
217
60
707
215
101
13
396
4
635
947
191
531
371
205
448
812
20
77
1298
596
803
436
1427
125
202
916
125
321
118
49
1032
178
1886
1547
192
469
70
1199
1038
2055
272
233
564
1381
23
419
1296
286
50
530
1387
253
383
182
604
881
78
387
113
103
648
178
278
1311
1147
258
1231
154
309
1188
828
1181
1056
1669
260
216
1158
30
330
3
109
198
863
2093
242
310
447
2272
1291
239
869
2417
1157
164
55
642
80
519
581
1098
652
1635
127
1648
1875
203
274
104
434
380
640
204
915
55
96
102
2282
30
757
1977
82
1379
542
55
1160
61
1553
190
276
82
37
140
146
157
296
451
617
156
1601
1784
475
908
1593
207
1408
1380
312
145
1345
10
415
2255
536
506
77
94
168
122
954
448
707
16
355
933
871
85
93
676
2404
1048
1618
427
605
78
271
251
95
264
757
146
580
394
272
626
899
395
2626
1181
703
1037
58
1406
121
105
871
2116
1513
630
52
770
1116
392
494
705
139
967
2
2921
141
854
542
845
334
1097
1065
160
10
34
318
225
462
99
1043
84
181
797
581
426
753
320
187
1539
275
527
603
65
39
170
1174
157
762
2
304
507
143
914
126
558
20
1390
94
162
667
71
441
1158
44
1377
2257
402
342
1340
672
827
671
1052
259
806
195
694
787
726
611
127
187
500
496
506
1856
929
526
329
463
1403
5
59
320
19
566
344
225
1671
663
679
77
228
1902
973
414
1047
825
810
527
430
11
407
188
77
535
754
585
915
589
580
734
47
980
73
273
115
519
297
520
123
181
255
103
2666
77
198
64
375
622
985
1073
1166
416
19
93
1555
70
2084
935
1079
41
1300
208
629
32
708
2546
406
837
1898
630
664
2033
432
734
766
245
170
183
102
708
995
245
4
114
342
313
318
51
99
687
201
167
500
149
550
777
161
1349
1163
466
721
161
169
936
882
456
244
482
3470
835
1386
1103
373
243
64
66
1041
554
154
1058
707
664
952
202
1508
78
204
612
105
123
810
1466
1207
91
1
1025
1392
964
312
122
274
233
1751
88
625
830
1684
75
92
136
212
127
890
105
33
2
400
1174
276
246
112
103
737
420
511
610
1046
183
1424
499
1326
1845
301
1613
51
232
1758
145
341
330
860
3725
110
623
151
538
42
515
328
835
216
696
487
1141
1401
186
840
16
1774
173
102
1096
33
51
795
457
720
379
820
1097
902
613
763
169
2146
2431
681
1283
516
1692
886
429
702
1171
294
185
1094
293
711
821
35
515
1563
716
926
775
275
1698
2455
745
501
214
578
4
1347
461
157
69
275
584
398
106
507
170
1812
242
170
144
343
863
524
543
102
1035
1788
434
100
520
35
473
524
2418
250
443
579
849
955
1880
1270
425
2403
688
281
34
30
531
995
665
7
1920
43
141
808
1357
79
649
1749
443
104
2024
205
31
1142
1361
109
639
42
80
346
217
111
288
1720
976
616
143
1142
468
530
438
243
1144
1290
13
8
1583
70
401
7
2509
370
353
650
1072
281
923
483
563
553
62
141
156
1168
434
563
2927
1488
1670
711
1811
1412
595
2906
1992
1164
1295
475
16
58
3127
1553
181
1696
23
11
248
530
114
387
483
339
558
1287
195
2063
1579
213
205
78
838
13
293
354
659
1233
1252
1435
1840
93
1553
1863
503
126
941
526
17
155
263
644
2009
165
207
89
2725
1555
10
311
41
273
957
908
584
72
10
124
193
873
1088
2500
815
961
555
175
1184
505
68
6866
1294
608
424
271
689
552
284
79
128
1312
106
37
132
314
207
84
35
1445
431
534
238
895
374
1681
303
1014
435
28
1439
230
1085
1856
1197
1339
249
1801
134
463
356
558
397
385
119
154
3
1428
145
173
2663
705
589
801
2984
117
684
891
104
1365
425
1586
1500
482
483
1813
508
604
145
201
118
1372
1535
821
135
308
1912
552
53
491
146
136
546
217
295
699
1778
62
72
256
298
81
1169
136
759
169
2027
1335
178
105
616
749
97
6
181
1007
305
105
89
444
138
226
96
499
953
2814
429
594
1260
172
665
1034
266
768
3374
2206
198
1326
1419
200
2246
794
327
46
115
25
272
1488
191
53
212
1108
70
705
1249
182
219
61
315
424
233
1633
256
275
767
139
213
388
889
134
579
215
1394
31
106
512
69
405
1197
775
1722
1018
3740
72
1128
41
4
540
148
234
33
789
465
2
786
355
535
22
2468
993
1683
52
540
398
165
1887
367
732
423
413
49
198
1728
368
1895
1023
189
1351
1012
508
185
170
849
332
129
313
459
664
1639
76
1236
1
34
365
799
2152
1125
699
355
231
646
969
364
54
78
122
1293
170
174
2071
2566
532
341
567
30
102
236
531
331
452
207
30
932
290
739
739
282
673
432
215
1197
632
590
1074
169
68
388
2595
1433
109
1222
515
684
920
760
676
970
221
549
576
80
341
561
1360
12
373
1126
21
818
24
183
3319
247
393
47
853
83
478
377
375
372
581
24
146
1555
717
78
326
174
142
193
415
74
174
483
66
924
132
1326
749
399
66
444
203
1015
525
519
686
1539
279
126
1150
82
818
104
657
1209
320
268
1017
280
872
52
5
12
5
1689
471
485
535
497
596
143
1479
1307
2382
1142
397
837
2
1344
745
1146
1414
464
72
597
338
1320
1508
471
1024
638
548
1439
576
356
1256
1131
860
375
2332
3348
145
18
528
55
641
213
366
1017
150
344
1657
199
699
409
248
1048
2243
620
2467
482
897
244
60
800
1760
125
147
1370
1252
3087
519
138
16
198
147
360
23
2212
67
439
561
236
233
207
20
242
110
310
1608
305
346
1166
645
15
2584
293
145
47
722
1369
2066
76
456
906
271
54
313
668
1111
16
1541
790
534
546
384
480
1506
252
861
627
315
315
1934
331
434
3059
484
373
533
1054
35
431
559
81
293
410
172
292
675
301
689
1719
960
527
452
101
137
43
75
18
90
372
920
1389
709
1063
679
5
54
525
633
49
1809
173
227
386
1729
361
14
168
854
287
507
4
674
502
773
86
925
84
278
114
58
306
605
2108
647
79
1646
97
552
1338
618
95
14
1027
154
385
17
718
935
314
44
663
727
940
1055
343
463
198
86
525
188
909
221
1003
367
325
1501
956
263
2915
804
101
693
1949
1446
187
533
442
49
132
218
285
166
948
64
741
570
184
286
367
2225
1306
500
157
3870
144
686
40
383
82
30
1018
125
112
1182
1240
741
1116
138
193
378
77
10
383
22
915
1570
407
1212
372
1292
703
8
359
2563
347
395
43
1068
948
275
249
3274
233
211
1660
378
692
8
359
319
77
1687
1647
939
622
1552
240
156
501
78
503
616
1366
1549
270
1528
620
1765
336
142
142
1212
693
64
1537
44
369
54
417
113
2075
975
785
1466
6
897
989
568
435
221
757
1396
952
888
359
406
825
