real_Parameters :  gammq 	 failrate:  8.3E-4	 Fm: 1097.9864  且最后的Fart/Frt: 0.911328712		   Time :  20.8602

651
1611
669
173
36
1974
400
517
112
1147
64
336
1234
432
242
64
379
1051
820
1683
685
838
180
263
2907
3703
39
198
708
795
1470
880
1667
777
731
3
75
290
353
4260
2472
511
1356
199
792
131
17
174
858
1043
2275
667
1262
1118
1428
1948
1030
146
1016
400
655
325
1391
514
2559
67
2123
6
1896
97
2151
32
1653
1682
748
640
513
196
486
538
226
139
204
2
1847
1281
1172
570
382
1030
246
309
1521
924
103
218
204
44
867
656
417
1306
43
474
661
373
1219
604
861
1237
14
961
233
45
2497
237
1782
239
357
395
818
116
46
3488
657
33
175
825
1796
3142
331
375
986
147
1066
313
12
2814
256
928
1454
80
811
1304
2185
318
417
483
1579
683
318
2407
6
1282
1338
21
3057
1572
1237
1391
2020
1686
502
224
3272
338
840
709
3436
371
827
2028
2087
2124
22
2275
2140
1752
591
1985
467
1687
6
591
7
82
180
99
205
260
835
1745
1083
2114
1047
1494
2354
44
780
3237
5481
72
68
1320
2238
866
257
470
1085
81
497
335
653
737
351
124
1784
90
429
665
293
4088
150
13
34
758
473
47
5552
2973
1
933
450
833
2891
872
291
2559
296
636
889
1642
5
901
3047
1105
1191
1530
21
1965
468
2148
793
429
556
839
2279
98
1200
473
475
2
184
2115
393
88
1745
2141
76
2386
1467
1392
738
975
27
1131
611
1523
860
1380
1073
437
270
222
1397
3
1406
3202
59
695
748
1850
1132
789
2568
3288
1582
4272
92
12
1759
3229
871
1669
499
9
2110
2344
3367
1079
357
1136
218
19
502
451
3698
549
924
1542
737
3823
3862
42
427
2574
1361
415
557
385
1459
8887
1243
1807
967
184
477
350
1159
119
1945
2
2522
12
20
345
1252
3095
184
176
6
814
2368
1433
2064
363
846
1322
729
1713
1361
327
42
435
491
1359
713
528
368
540
2382
417
66
785
435
998
377
1217
469
20
1059
1061
421
492
21
621
431
2101
320
2604
2193
592
2040
29
936
1047
6201
942
4142
176
57
607
1734
2794
389
340
2004
2241
828
3734
972
151
2
1057
2722
207
1740
3041
3112
54
649
1234
110
5
835
6795
2846
2261
3463
552
405
424
10
5262
1893
2843
1909
282
3231
2163
1494
1765
92
1726
100
1679
3092
849
25
694
750
3109
1719
2112
54
352
2214
1667
407
4832
1603
747
1255
3815
128
178
878
478
1005
74
275
1236
78
755
570
44
1701
320
759
433
3
58
1677
744
973
782
455
119
819
23
1406
367
161
2281
2803
38
889
173
951
10
564
19
216
17
369
956
2399
2049
639
569
2124
438
23
625
598
281
1158
1420
2795
74
184
1311
52
3969
416
280
22
347
1373
1151
377
1809
653
2410
404
106
567
1308
1812
315
1279
1595
376
1472
1486
3714
731
745
1275
84
1778
2865
5215
585
1031
195
102
673
1778
1055
415
38
9
1032
554
194
2370
17
701
3756
895
458
573
2
23
316
1970
1216
1
1896
1743
2103
1542
1349
2312
665
28
39
1528
724
2375
568
2143
12
1618
1139
737
37
501
1423
855
1737
690
553
655
696
297
107
1113
7
1176
842
623
2287
1318
1415
78
581
1655
1534
702
1916
2889
822
2272
1648
1396
206
755
1174
35
6
257
1861
81
56
1561
2204
3146
258
2148
46
928
297
48
790
569
2593
2
1310
2062
45
85
1317
3512
315
1000
3233
708
1616
3026
293
1289
216
854
772
1473
50
1563
1430
3369
4190
2918
352
628
2300
400
313
539
611
512
2
1300
225
185
419
945
19
1137
1727
1038
835
81
3155
398
1296
1763
49
809
311
1704
3337
1019
2046
3101
241
375
2378
1101
1782
666
328
1123
2561
885
654
386
624
152
227
1171
25
2318
1343
3015
3829
1174
1538
1299
87
2
47
261
248
418
592
80
136
2645
6769
51
414
3198
1010
147
1094
15
617
300
76
409
1596
770
283
29
151
322
2775
734
1084
1795
107
25
661
1017
2052
798
4760
3260
1299
1048
622
949
536
94
728
449
484
1456
1232
2430
2739
1408
53
198
116
2844
413
1178
3929
16
260
265
266
615
375
354
21
1259
133
2239
3169
63
1507
653
1751
451
696
1532
710
125
1203
2778
14
2696
605
1110
355
1530
1373
2182
1574
60
299
3331
781
1314
174
1795
1022
1058
377
348
1600
126
1515
1495
107
1079
1428
1001
20
1003
173
2976
121
677
5319
918
1457
1925
437
1857
353
96
1082
246
41
697
10
196
55
20
293
713
1333
964
2125
6
1933
279
431
525
80
608
1358
923
467
8
363
1742
1094
2684
1020
66
1638
487
896
327
439
1129
3
21
679
381
4661
964
1341
1097
659
25
81
1809
632
2634
1041
40
858
2028
801
269
1054
37
528
374
33
137
4589
1204
1520
449
1685
842
727
857
7186
16
580
1517
1008
2088
602
173
1067
7
951
632
1427
1633
632
70
331
1348
136
46
1723
1487
1637
1949
1004
119
158
881
1031
668
24
436
35
2025
2713
102
2745
1686
95
876
1376
80
889
13
3537
207
997
2
577
1373
189
1673
1216
87
3327
6966
891
2074
656
2218
1536
112
271
438
328
6
1822
727
2487
3089
4351
355
1836
515
602
1043
591
111
2682
406
1736
2015
299
1186
4102
185
470
1026
95
17
471
1024
1706
4227
3621
889
2999
362
2491
520
734
2265
1313
184
3215
220
2596
1212
704
237
1035
3134
620
1792
384
1934
784
568
334
68
1653
1091
363
991
49
189
46
673
2097
1587
292
552
210
1525
298
485
894
527
4372
1189
1198
233
1694
1540
35
1388
3381
549
5720
1213
62
926
2460
3626
1544
3417
11
397
716
1114
1350
988
1141
361
1289
727
171
104
92
89
490
2929
1057
2087
329
1620
884
183
3
4425
3316
2733
1188
190
1433
540
134
366
859
4260
1105
775
41
984
270
522
149
2011
368
125
3465
2149
727
3197
2068
2010
2108
1062
1431
45
856
77
35
1434
424
291
15
370
111
878
3737
363
1043
440
1663
551
1335
536
1345
225
2871
933
3176
70
3807
38
2577
5700
408
949
2131
928
2057
942
2949
636
1078
5351
241
2183
571
67
221
819
239
250
2
2287
1398
7
859
111
1006
454
383
12
180
1848
1791
1027
497
389
203
1059
356
3204
1261
1040
963
80
57
1947
1520
1079
561
818
2755
1018
2972
3997
5340
23
2378
895
3854
62
499
40
828
1706
384
528
1916
169
998
1011
545
347
243
3231
2011
121
129
982
2024
86
187
306
86
37
832
1740
33
459
3518
450
193
286
115
260
827
691
678
511
2496
1421
1011
1260
1428
1373
878
39
559
57
382
785
2553
212
540
2494
1291
1107
240
1397
133
728
206
1254
1331
469
995
1036
1149
1631
5949
731
6
1243
790
3581
2129
1068
88
5836
1989
209
1124
1567
2989
701
4946
1204
420
2928
63
934
127
27
1377
1324
396
1091
1670
279
107
3047
1653
3318
1398
820
882
171
539
707
1136
946
319
1904
87
506
1858
30
2098
1407
25
278
2142
672
2625
1328
1898
2
18
712
497
994
780
1774
364
291
1952
232
939
4584
1054
430
2107
574
71
1796
491
329
65
597
424
2864
1955
1240
179
1498
1476
593
992
900
2890
1065
617
1215
704
935
1328
300
989
2932
979
2402
1249
975
3
1780
297
3
615
1249
31
1483
529
697
787
882
236
2733
2229
1772
95
1888
251
1628
1069
70
1349
504
1834
307
155
14
2011
946
302
1972
1588
103
420
310
141
831
318
319
2331
992
1356
638
6
1238
992
941
1383
402
146
1352
1710
61
1690
2857
284
702
249
133
1263
1039
477
1858
783
1021
482
1458
685
3129
3367
10
577
1900
621
2790
1971
687
209
926
1279
1088
2209
32
1010
3161
446
3518
2172
228
2311
490
1875
2052
514
83
353
1703
566
2304
1239
825
206
823
91
624
1433
1887
776
1171
1228
327
328
636
1276
1722
702
1752
569
1777
2016
378
2193
2300
316
590
1080
117
1844
1898
22
262
1558
453
1614
347
97
1896
77
1602
125
2202
827
2466
163
560
1197
154
2101
322
853
262
3
51
632
1702
1933
2642
77
689
79
54
344
1867
2325
1381
1164
1171
2020
872
2485
62
106
1660
1319
4324
3781
872
1794
2099
120
113
1489
2210
70
1085
1667
133
1125
924
105
347
184
1119
1008
97
1508
1669
496
1056
970
95
363
280
846
841
412
1410
3246
2681
2672
1207
840
595
1089
520
483
1353
181
23
916
77
1718
146
760
1998
54
668
2005
679
1215
328
174
4046
592
1838
254
300
173
912
1446
389
1944
1257
1213
2152
1883
815
961
655
715
932
132
888
27
391
241
1998
131
2276
244
10
726
98
722
1173
3173
1760
783
1131
2234
501
160
1031
1729
659
532
809
24
212
115
104
519
560
539
453
1009
588
21
919
2178
1442
6741
468
545
5304
4641
164
307
8
702
927
2419
1633
664
142
2196
1206
660
2409
9
867
2502
649
1259
2200
950
1183
905
452
531
3575
2742
1296
3297
701
1513
206
1415
997
1233
418
970
947
151
816
414
698
904
728
1419
1856
305
42
1325
53
496
706
531
26
29
1400
1025
586
586
561
913
940
501
2276
6286
149
88
650
818
982
170
416
1514
979
426
238
896
81
261
797
1524
188
2241
582
270
2528
896
351
391
546
2201
17
2560
1611
2
257
260
1994
109
355
649
289
77
2553
472
270
848
305
379
2291
2266
1079
333
3329
1044
1823
571
11
2668
690
742
564
685
552
38
67
106
1834
552
240
182
110
3230
1080
647
2431
1057
2089
151
1051
154
494
798
611
1556
1761
99
2121
590
981
3208
1124
118
1431
95
2128
2509
872
949
109
632
1267
708
587
1365
1579
501
493
645
194
393
1980
985
817
540
113
1778
243
458
2170
1841
967
816
469
1174
214
1035
784
1352
47
43
373
2309
9
2810
1084
1171
307
1387
3461
699
2883
728
1261
752
5245
524
1444
637
761
394
504
16
972
2058
3591
1413
625
839
228
1192
452
651
7
88
1269
292
1497
1514
88
1918
659
3646
123
630
55
1093
951
1288
134
129
880
4368
550
337
1366
2732
296
166
1146
1689
475
520
33
174
433
256
975
2734
15
1153
3758
108
1004
3467
576
276
868
1060
512
67
3922
98
1262
634
1231
375
2972
674
1984
2687
235
349
452
34
1636
216
245
1401
1277
24
310
1058
3728
994
861
999
1581
2347
2928
4106
5
223
1104
2591
147
2469
91
2914
13
26
8
892
258
2052
749
2161
949
601
917
8
4130
1500
764
3211
1919
586
981
617
523
2184
1577
2238
997
26
2453
1324
633
4
2260
2153
6
1087
1260
993
798
2042
7
5926
337
757
42
2248
5127
1007
145
1202
1885
367
68
238
1397
75
1497
300
2823
544
3753
909
3268
382
1591
2003
426
3241
3999
728
869
868
1821
834
2321
972
4663
1679
47
2447
1686
1031
889
1015
865
688
96
2889
29
854
1759
5
832
77
2544
680
542
4035
19
2404
1157
1878
73
332
3421
360
566
2081
775
277
95
693
1430
1429
1415
618
1066
920
1190
813
890
5437
2758
7
371
23
60
3937
20
65
2829
2780
1016
581
42
167
9
481
849
488
2357
922
5562
918
626
369
65
898
1288
1536
479
1330
24
4172
2430
762
1698
82
623
3459
1837
618
270
2022
2888
482
887
5
2212
327
414
3889
398
2855
1996
97
553
368
2600
1049
890
194
6457
22
329
1080
2871
2161
2242
545
49
1585
270
84
263
675
449
845
31
84
2890
450
383
518
2312
920
1454
2169
4178
3
39
2833
1309
535
25
971
688
647
2279
4
615
964
2306
950
870
56
66
127
495
1963
602
54
3307
1075
140
1686
207
1136
287
839
42
261
928
508
625
42
365
1984
920
283
52
1484
3220
709
778
2076
654
1091
862
745
1303
2172
1215
185
661
1482
336
1466
1583
105
342
49
835
1576
1287
39
188
1530
482
66
53
6
410
994
1944
357
463
94
643
993
883
982
2197
9
2102
434
3075
129
2724
589
100
118
69
1348
677
2067
393
164
290
3164
108
3342
203
978
655
549
698
154
1783
671
169
1815
1655
235
2545
365
2683
51
1196
1274
1333
1091
1993
377
1632
753
303
609
185
253
409
637
1309
957
985
1518
1792
678
1879
738
477
1380
2667
510
605
944
2407
2178
795
1956
742
1906
432
743
1740
3923
731
523
87
930
467
756
595
2614
50
1433
357
894
29
544
470
543
886
2509
1461
2807
138
27
1259
2141
3
3411
38
904
1783
450
2120
378
1310
861
393
226
569
4871
45
31
180
2034
357
25
2076
2729
2615
682
990
2191
1148
152
2352
1170
1636
793
2083
436
31
6
102
6269
1187
915
969
295
81
731
246
367
817
379
357
593
513
105
1337
578
1269
482
101
3093
4143
1046
2414
430
2052
117
1402
10
147
197
828
19
108
2181
578
501
16
1963
459
657
108
2060
724
342
365
1801
910
109
241
1005
981
1019
867
2570
585
554
1142
3227
230
156
501
599
632
897
1402
407
2723
222
2659
858
4
11
267
1345
424
1211
1746
1714
2928
364
465
1823
1632
19
113
91
1480
815
415
260
520
1700
776
1123
483
475
941
199
1745
799
992
2392
1374
414
1493
327
1232
3873
140
535
1503
3735
648
194
475
1634
101
1065
1044
2716
755
275
1901
1695
63
2911
2003
1228
12
1168
4454
475
1728
1481
773
1645
837
1429
604
1330
4613
3852
46
45
866
723
1109
2251
1803
654
1924
2406
1287
12
120
24
1759
1165
253
113
1891
676
732
970
147
5
33
42
99
320
151
793
2213
910
1754
732
1255
3288
2192
1568
673
265
32
245
4025
246
483
1058
1552
293
507
3579
1425
1185
1181
333
85
4989
1464
701
852
1955
855
2782
618
150
1797
306
4725
1192
123
1042
406
2750
8
83
457
440
2347
1473
614
235
3
1194
2560
1848
202
530
1356
184
146
1198
5
640
1369
1809
1106
184
1692
878
1013
470
1385
735
214
64
2410
656
244
3525
2255
507
2354
382
1823
3427
921
66
736
318
1219
319
10
2218
832
1368
204
2898
737
2116
5842
1237
1522
3195
1070
965
795
114
1191
1054
2587
1452
1872
749
1432
112
269
3150
889
2510
948
1476
1584
1783
23
893
303
1201
523
117
1699
1039
115
83
855
2380
693
379
416
667
932
51
1754
1729
1103
1851
1118
1050
1616
1657
1931
404
633
2266
496
522
498
996
508
2309
321
862
23
905
25
445
1380
348
1530
41
1568
457
31
37
1732
1665
153
57
1061
1096
919
749
2074
5
151
483
1242
1839
231
387
750
1762
643
1237
585
1328
47
499
27
1158
1156
2839
4191
83
6780
779
668
942
579
4158
60
1408
2172
980
38
1798
949
1312
818
9
583
590
800
158
252
215
874
752
707
714
18
2651
871
264
301
162
528
503
1336
313
611
1569
1866
6683
1231
812
82
3357
589
3879
2585
115
68
1160
764
202
1915
860
1257
56
92
1161
2284
599
729
1816
37
2499
2
666
161
58
901
114
2374
2132
316
1421
1741
280
894
1536
1741
731
504
815
493
434
578
19
438
3208
1575
839
2553
428
2767
671
3196
481
30
9
692
118
2119
309
629
219
1754
516
1142
4315
63
18
1184
1848
2303
2139
210
361
709
1072
99
2712
2332
189
1181
138
148
70
308
1013
918
1554
2948
1838
17
311
1310
85
549
73
2761
441
2142
722
248
2990
8
390
733
53
1722
951
262
1293
1110
222
113
2270
728
1439
1380
4634
73
67
759
811
476
297
3971
2
17
265
3667
190
4007
1420
121
1127
682
4859
608
125
472
464
2625
610
1
357
480
746
71
1673
979
48
37
1027
36
706
23
1304
1682
431
20
488
2279
871
1031
1881
2360
524
715
1443
1273
190
2226
3069
1951
3298
1079
3929
1343
994
799
92
1186
436
1219
390
145
1412
3793
1716
1779
96
323
115
2010
123
87
781
312
178
531
2734
1229
733
416
1009
1334
14
1131
1525
779
2064
3866
130
1287
2
194
341
155
5405
816
38
49
2138
1552
768
1109
11
621
2499
831
77
576
6231
677
854
2003
1151
1950
676
1383
688
205
652
1464
29
781
798
1641
2
598
4820
524
625
59
193
1224
882
937
858
799
2364
620
3061
127
1068
109
830
67
1539
99
594
1413
1092
654
1218
575
353
37
428
663
292
114
1605
2151
865
816
761
459
1699
2018
2549
258
34
185
3013
809
1068
4093
678
737
1031
36
1565
811
1539
1210
1163
210
70
1576
639
1191
1166
2488
969
690
1661
1251
27
837
1695
98
1187
458
681
509
87
1568
1534
279
62
1518
3013
1367
403
494
655
187
285
88
300
872
262
334
1217
5
4242
2124
154
672
151
2282
665
7975
1189
1203
589
2042
135
1216
1387
1119
884
917
1321
161
1517
1231
1954
1189
1058
731
792
2187
1856
1217
3490
1453
3687
581
1646
656
1022
1869
1643
912
1433
1156
2264
1298
1207
847
453
822
418
625
72
174
2838
579
1399
581
1652
9
1003
1269
1156
70
349
1384
1039
147
2111
1091
323
1781
218
5209
917
162
404
291
993
812
2996
213
165
1589
28
2022
1676
739
74
2694
2185
2061
3256
541
6485
3
530
507
2673
1201
45
913
1099
505
107
27
1574
1118
257
1589
810
888
3638
2142
2018
1620
644
1909
609
1791
14
699
3234
670
262
263
1449
1460
932
484
71
9
8
4667
96
1502
1099
2086
512
2642
2069
117
318
338
550
803
2199
23
2505
8
86
1112
764
280
847
2215
440
553
189
1706
5170
2346
240
677
1749
444
1259
2349
8
316
867
1959
404
1738
22
36
161
8
4340
3
2050
1060
653
633
334
35
27
82
745
526
3
1383
38
789
650
328
4180
2393
1011
2408
391
13
817
5101
386
95
115
2023
1284
928
183
878
681
5037
27
584
1276
112
1654
521
431
1479
33
280
251
3535
2293
1422
94
464
2732
689
221
26
258
341
1190
707
1954
3132
993
1069
841
1043
122
138
2409
23
938
1176
1548
439
207
2161
598
6
613
582
49
448
275
964
1559
4044
77
480
2581
576
1833
445
559
838
4759
720
61
2218
165
263
2456
904
809
2311
866
1713
721
306
1148
2024
95
49
718
542
1679
3056
246
890
894
191
2151
3263
2895
616
1346
3443
2255
317
1631
467
27
157
4
374
493
913
131
2948
499
31
247
3346
1254
630
3090
1436
792
212
896
23
3139
1443
2711
774
386
128
751
1317
1021
132
11
971
1580
1337
996
1692
1621
499
1699
2557
2178
1311
2735
799
1349
1055
1333
1074
1565
240
660
930
2010
357
532
559
1368
714
489
686
737
4869
1610
575
703
972
57
56
1054
4520
589
1843
1004
2497
126
1972
2386
1561
3180
363
55
47
3683
2027
76
1917
425
968
493
435
916
958
363
646
551
1697
448
1591
187
2768
686
2
2268
1095
1455
624
3108
1255
181
805
323
1059
926
715
2182
933
2426
98
576
1063
1480
3053
5
511
74
1053
123
183
876
1649
1892
3991
197
192
532
826
831
1019
8
2334
1679
446
698
766
54
2589
1246
69
521
2541
3840
38
54
48
2183
801
93
214
18
374
88
1421
1760
684
1239
338
182
2786
244
362
2
1398
80
637
361
553
2400
14
3078
522
912
1057
6465
2336
408
1020
578
1569
606
5905
342
9
196
785
401
828
2657
467
198
203
1422
6
417
1837
4101
240
1024
211
1972
590
666
1125
590
4
923
664
2150
504
1023
1648
130
34
1609
313
478
67
569
1722
164
650
242
137
721
330
1686
1432
4963
1446
770
155
909
2288
1299
538
1023
2436
65
1463
376
2363
1621
286
710
1264
1335
2547
999
1188
638
556
534
452
446
1694
447
1494
1055
693
544
999
442
792
65
201
1369
77
92
927
209
4754
302
2060
466
251
1567
673
965
532
3031
473
1343
484
7
1557
161
318
165
2
2086
13
119
37
325
68
2498
886
821
757
73
789
1812
469
11
922
1155
183
347
882
433
2431
308
2790
2217
19
1127
1639
933
658
81
201
1290
18
457
113
681
119
364
3132
380
369
758
1937
1111
2178
70
65
785
485
2310
1991
527
866
552
2102
7791
2491
551
412
759
4482
413
681
1387
887
2758
813
317
37
1173
409
825
1361
984
1069
15
908
740
26
3032
968
778
5826
509
435
1076
1639
358
1161
1077
1473
1462
35
1135
128
46
1011
147
481
625
1612
175
1435
45
549
3286
44
2605
832
948
589
23
167
751
873
18
1089
482
351
1114
569
8
126
693
1371
599
308
485
85
2327
1164
4
670
2011
1668
1033
981
2725
6753
261
1233
757
429
2084
93
2706
4
185
1115
1434
9
1362
74
1914
1810
1664
148
355
550
554
1136
2998
2117
2388
9
172
938
57
322
1764
795
3539
161
558
487
1173
52
3303
33
27
3029
86
203
1293
37
1534
2978
30
5305
1023
3059
2465
3100
18
460
353
2
1173
1048
265
837
367
2186
1066
1281
1457
921
1052
1858
5
65
1488
3946
60
883
1061
501
604
4384
1411
1944
1138
1550
84
1173
749
116
2039
1737
794
17
4678
405
3502
722
3197
2042
720
3565
1002
1806
5087
1530
181
114
1629
986
503
848
826
135
2241
3198
2358
137
2057
6840
817
2190
547
453
2104
1376
822
69
1761
2636
589
1117
8
625
618
391
1917
4715
146
1544
1947
203
4361
39
2404
1841
229
634
1470
257
1899
56
6781
695
2220
4
1058
272
28
1234
166
1198
779
3023
18
1338
3278
342
525
17
696
179
313
1216
1138
1783
445
469
11
3121
7
231
1529
778
269
70
3267
1774
2441
603
606
2022
469
14
10
2202
1022
1946
531
2098
427
73
21
1729
1216
82
427
117
1061
836
146
2041
970
1834
640
719
833
1568
1228
4293
210
525
771
2242
30
2208
1300
778
2329
133
1716
660
532
411
801
1146
201
857
81
86
104
47
535
33
3021
14
77
1604
11
1997
338
4445
883
146
3169
136
644
7
358
318
66
74
46
14
674
732
1588
4726
30
366
951
1497
312
414
832
2230
2472
325
345
1585
310
869
2535
646
376
953
437
142
3823
140
1116
1311
2063
2449
765
491
11
1544
1052
1133
865
3028
616
486
545
6272
377
367
876
1647
1948
670
1322
112
1772
497
5255
705
276
960
2189
293
539
898
7
343
257
1555
3357
3904
949
1244
103
799
1199
33
11
500
60
1031
1911
148
2486
2249
1881
88
24
1388
7
322
33
1899
2336
1510
1922
1775
83
299
1744
1250
1145
1333
2994
894
2140
65
11
1169
275
3095
575
3921
347
1755
813
830
652
34
57
85
645
1802
1035
75
442
3
3051
763
12
211
1995
1589
274
310
582
988
1329
136
2088
965
66
484
973
1199
173
493
1908
636
112
1201
399
807
1468
2424
859
1435
220
7391
25
1021
1019
163
2008
9
160
708
612
180
1078
215
2380
755
1028
773
1816
777
6987
42
1217
1343
567
1721
118
78
524
526
661
250
258
2901
3474
19
25
449
7
1661
275
1101
1400
1458
1871
4
141
270
442
1902
76
901
291
1350
2190
190
60
683
5
145
3813
2148
587
853
954
52
3391
643
2767
1537
8
881
2072
441
1685
990
723
1434
334
2083
69
1061
1500
593
1191
577
1100
3644
1070
904
846
6341
89
131
3203
28
46
348
12
510
759
1559
655
322
3380
136
152
276
191
434
310
279
1536
1153
18
236
288
2036
2062
899
988
1863
2475
1225
3142
116
1907
1171
1154
1852
14
422
2686
906
1059
2
459
550
448
1021
81
512
1124
778
664
2106
581
608
137
1074
839
1081
1009
4781
838
330
2973
253
48
165
57
1345
452
749
693
4518
242
483
5976
5176
3958
2545
1296
999
1360
1225
924
134
128
1899
505
1458
1193
800
130
475
63
711
1944
2452
664
6217
62
770
446
286
1080
841
227
971
3280
588
50
385
2224
4761
2146
283
1843
139
7598
1838
1783
833
349
318
1530
415
1351
906
1503
69
1452
516
571
577
1568
1299
1110
579
18
2
1744
374
681
1212
2063
972
113
1328
5
508
1139
1040
820
937
178
182
797
674
1224
2773
757
740
1530
201
385
456
1012
80
145
260
659
953
1307
1418
4247
264
134
808
4
527
504
600
27
946
812
995
266
689
1057
455
1147
786
549
464
845
1469
606
1191
645
3706
589
425
2582
2272
1749
211
618
602
1245
202
3155
1346
315
229
327
1422
1255
1288
3859
46
452
1454
1730
1680
954
497
2277
1841
3050
1200
105
2344
1612
134
80
639
1302
393
468
796
290
144
177
1199
331
54
702
2573
351
824
1454
1540
16
1477
502
2173
1052
485
42
98
1284
599
1145
571
1830
458
55
2845
1321
9
195
160
944
686
615
329
663
2018
1849
534
861
1043
2131
315
550
1434
1120
2823
76
4730
1368
6
1180
1191
1628
772
78
1963
1894
283
5217
800
4818
514
38
2150
789
1382
19
1988
2144
862
861
1082
118
1517
3006
46
2379
89
5135
1469
141
210
409
1093
66
3
760
957
433
2817
1515
595
18
289
9
496
170
26
3964
1336
4022
1158
486
647
1371
229
319
586
80
1664
660
716
1282
741
284
728
6564
3
286
2996
3929
1208
26
949
278
943
726
345
1359
3109
300
429
1322
1836
7
752
356
249
116
1263
2728
3532
233
283
1219
1950
396
3934
1497
319
692
2438
187
431
1552
1719
2870
2518
998
867
1051
1532
2642
904
986
473
1467
2615
1049
3846
35
616
339
47
1500
1574
1028
2751
1921
468
99
2052
14
661
792
994
2656
52
259
1825
715
1455
87
1102
1750
28
2172
1797
1118
515
192
1361
701
771
5
297
597
302
1192
53
3135
526
7
1119
256
652
1328
361
625
106
1582
572
783
744
1459
1872
738
1747
17
203
62
46
849
4
1201
2294
767
136
482
2894
93
2432
144
115
249
2469
849
1105
1107
169
1830
315
1520
24
938
576
7342
197
29
3241
32
684
1375
988
61
89
1104
22
352
1798
1381
410
3370
1693
91
1367
81
624
27
1132
1461
1293
923
265
2552
733
1317
1332
2468
1309
1240
3180
69
1624
375
2575
1692
46
3280
1369
14
965
983
1129
2930
568
471
279
2394
519
725
385
3359
1370
2354
1444
1908
350
1350
242
69
1771
971
