real_Parameters :  sncndn 	 failrate:  0.001623	 Fm: 620.7498  且最后的Fart/Frt: 1.0074769254000002		   Time :  8.6436

4709
1036
543
683
1050
1085
1720
1061
581
1186
783
75
810
963
485
69
87
590
843
425
205
75
1053
448
477
39
450
144
650
700
204
311
115
1126
6
1005
1425
1140
572
149
520
234
51
1654
1195
1881
716
532
846
850
716
1807
272
100
441
346
279
918
1200
490
243
135
759
18
40
986
704
700
1148
56
304
479
167
126
240
1420
134
313
578
622
1437
259
1246
298
758
4201
53
492
69
2232
398
218
157
354
718
447
182
305
1542
260
74
267
573
58
575
452
137
76
2209
74
473
222
2948
162
522
1079
1437
537
160
1
543
46
2392
569
624
175
837
45
118
1614
1750
1179
274
237
2932
852
144
446
518
223
1004
478
961
739
169
141
168
604
180
107
199
1414
3781
280
176
374
1491
648
509
710
503
1760
547
156
368
2222
829
815
553
919
488
342
1235
2131
500
3499
26
679
1893
2386
390
724
409
23
390
896
113
219
215
757
2333
302
218
1046
136
1216
1002
1052
446
2598
619
219
313
204
1350
133
541
1307
306
1295
136
263
463
459
268
920
149
151
156
2560
376
591
341
86
242
76
889
2318
871
531
5
802
125
682
6
843
1052
546
338
682
461
415
615
661
1045
773
2212
454
1039
378
639
288
525
583
1247
178
64
226
235
1353
281
734
658
56
293
1530
148
896
3
258
1129
2
1795
553
931
53
325
706
1198
1668
2497
1988
168
896
999
325
159
8
1159
2324
576
854
1149
521
666
1499
321
385
243
1572
455
133
813
850
55
1248
704
739
1864
523
99
820
313
815
69
2191
1367
691
973
620
1765
110
341
583
1625
695
608
105
420
126
415
576
515
739
234
967
167
1034
132
740
520
501
385
854
689
225
338
801
565
24
36
33
529
227
76
608
189
1583
1724
2783
891
1333
319
66
577
528
10
418
2583
867
87
3216
13
5
2104
349
351
15
164
16
1075
384
67
656
200
8
997
67
1347
1609
3784
759
288
255
433
354
292
802
1448
301
444
72
485
1553
32
2482
394
107
217
972
499
1849
126
69
894
317
474
198
5
297
1444
369
513
200
931
204
847
821
2328
81
564
201
844
484
2403
387
29
1169
1739
970
297
556
1773
753
69
1093
262
64
12
213
1305
292
1215
367
453
1543
513
149
476
279
242
75
398
1079
665
199
1097
95
138
508
104
512
556
736
598
659
980
369
1051
789
77
170
51
558
110
219
1650
787
2446
96
903
3
2029
210
163
783
439
1072
687
37
1169
120
379
2462
797
373
370
105
1789
1923
2154
34
415
1545
57
372
356
241
2602
872
29
19
155
113
399
70
67
1378
71
183
556
383
474
637
1181
110
342
650
754
865
861
267
302
58
463
202
137
1242
1732
990
791
115
428
1434
765
1857
630
252
761
27
150
4267
290
1985
268
15
364
1870
613
326
997
284
1149
91
403
817
417
1167
114
324
160
635
1763
107
332
276
827
235
837
1659
363
26
329
107
938
324
50
123
1049
99
474
2337
607
1795
286
37
228
193
24
4113
284
261
804
560
98
932
23
353
50
486
280
692
703
155
275
1339
1466
262
177
919
400
88
1319
33
1266
909
1374
1288
1203
2576
1287
978
777
2409
258
160
19
192
687
593
141
472
1151
672
117
1066
918
639
947
1560
369
1894
823
42
71
835
234
33
119
843
284
366
778
157
759
10
935
1031
452
72
1036
339
1499
342
106
373
115
25
395
1345
512
975
110
174
456
708
1507
4076
40
296
813
368
1095
303
137
1315
677
89
17
190
525
1313
207
579
596
5
549
1243
409
1175
249
364
155
572
260
290
373
380
458
537
941
962
196
97
25
1332
95
118
213
184
172
166
617
746
346
235
646
66
319
318
340
121
3553
217
820
417
1095
307
538
340
691
801
572
176
711
246
126
62
382
20
140
167
1465
1180
748
161
196
29
2229
201
459
642
48
94
192
632
522
375
868
700
45
117
218
157
599
127
233
411
646
20
76
35
1174
3326
227
157
1849
828
215
495
287
2251
162
97
992
445
27
426
2246
600
1407
107
88
504
1113
111
1641
1097
882
26
446
1126
106
316
494
768
424
932
831
361
427
1597
824
655
160
275
220
707
1316
67
484
319
1114
1273
209
907
115
1718
231
1292
136
896
594
935
1449
19
305
1393
1039
434
765
740
766
62
32
370
235
148
286
141
1262
151
744
1329
1377
332
547
1658
1081
43
590
2434
395
1610
1444
1018
1610
83
595
421
403
107
105
815
64
419
54
307
130
320
113
7
563
1483
322
77
1583
1144
603
364
2190
2695
218
733
708
474
721
649
268
15
714
919
117
1050
433
98
307
299
171
61
263
78
896
115
347
213
648
226
1945
111
1488
2136
19
139
957
571
67
93
1175
717
118
68
650
909
62
478
37
2265
372
108
40
1264
572
50
16
203
676
911
594
433
821
572
79
1450
603
486
403
539
27
615
795
15
482
566
560
920
109
144
936
523
1931
838
5
150
151
118
1493
365
870
181
363
219
980
2782
41
27
930
1141
96
180
1388
760
1353
422
156
1271
535
863
239
436
57
283
121
745
175
367
1212
282
29
233
323
102
501
709
202
4921
635
90
810
93
73
566
1209
139
468
68
736
584
727
17
538
218
2
368
395
381
344
1157
555
3746
414
767
23
33
1138
102
871
208
258
990
742
6
665
951
751
650
315
373
211
1419
294
645
43
482
464
2843
257
286
494
509
208
1547
2748
328
123
284
4468
319
694
131
64
806
187
1083
1005
616
48
417
469
331
1294
49
282
3074
1012
2122
1347
1555
126
1353
107
27
70
49
845
1273
1010
336
119
37
274
478
794
668
169
109
259
613
795
182
849
871
786
336
3878
573
668
553
160
235
252
39
244
322
331
141
1836
168
353
462
32
348
260
82
227
901
500
593
345
97
447
1065
16
713
58
376
5
751
144
1116
212
35
502
446
988
1269
773
76
307
1697
405
2363
316
1364
431
304
323
2541
875
240
6
1255
521
246
57
59
250
212
4
324
1122
265
163
82
422
17
1058
599
2417
43
107
1178
318
71
342
168
844
1166
1679
722
263
1416
263
837
819
21
1395
39
297
468
600
685
1733
456
93
141
1166
373
726
1112
192
1235
188
75
449
1422
494
759
386
533
1682
334
69
176
612
45
1448
1197
24
293
89
2247
30
1088
433
111
430
676
229
746
525
74
507
650
1598
292
110
75
777
341
650
1344
1628
58
777
872
1131
143
264
597
2435
336
306
470
300
48
287
816
391
645
209
932
203
235
494
552
230
1205
114
664
223
820
1632
51
171
386
148
246
1462
561
3127
1228
638
494
50
744
83
46
187
291
1831
1005
553
1106
21
522
102
453
684
363
54
26
445
289
244
454
16
112
290
237
506
248
70
365
448
172
1277
83
175
603
228
945
631
1322
188
756
1273
78
25
1338
335
130
1964
595
83
1766
306
865
370
233
82
2039
253
647
411
7
1232
3152
366
1662
194
1457
772
156
113
27
437
27
2502
2844
402
2956
1665
762
662
1555
286
346
1105
76
2155
50
193
2531
1874
1362
189
646
718
78
1584
2239
61
880
212
30
236
684
555
780
1531
693
853
59
251
410
1598
2208
301
563
208
277
76
706
648
465
21
995
1767
703
22
389
36
425
88
3611
1220
57
324
592
418
870
627
144
561
2320
598
8
1610
84
73
1103
2469
485
225
1128
802
338
371
237
2033
235
774
1747
547
182
1702
178
299
214
930
287
219
182
232
425
836
85
504
2049
61
246
1156
1183
92
2079
1334
109
30
1033
243
822
309
66
93
499
62
138
162
676
1441
78
771
1899
284
1284
720
396
148
443
413
108
72
228
233
265
111
433
1237
271
488
277
272
580
325
544
262
832
14
976
1322
420
212
328
1214
361
971
101
176
27
136
774
991
151
1168
482
383
188
161
246
355
353
499
413
913
742
1029
49
407
1141
308
338
293
845
53
53
1145
808
166
36
896
240
211
252
772
134
64
168
2297
825
463
205
630
1643
108
1009
82
737
934
1282
262
219
739
524
766
1767
410
81
11
123
1004
88
655
614
989
103
50
333
301
133
65
625
267
50
388
630
171
198
1026
249
370
1132
2383
1631
2062
230
724
228
1520
41
846
1095
163
36
891
223
919
1283
385
63
967
60
623
1186
472
563
354
1330
485
558
1042
1322
215
256
25
2049
1352
115
9
530
82
405
298
1627
57
46
1134
735
1000
1014
985
167
821
1079
7
796
150
993
307
294
179
645
103
1353
574
962
1075
864
361
191
185
324
788
178
544
1558
18
242
1733
508
84
623
1090
127
329
15
107
994
252
13
1532
2372
345
304
20
261
103
61
270
640
3592
461
497
6
431
1012
153
441
883
614
1520
534
723
164
110
436
16
233
405
91
67
549
307
110
1067
872
1551
1397
409
2147
331
1091
544
604
540
274
268
387
552
792
43
37
152
1239
813
374
550
1726
316
1084
380
373
142
1564
1482
1059
1693
126
1037
76
115
452
1224
1391
88
652
732
173
80
395
958
457
38
1309
486
130
92
1147
153
1484
47
760
178
1798
1695
2079
969
1131
1804
389
745
824
77
275
649
65
653
1376
239
385
658
839
174
299
282
392
89
977
623
45
951
600
37
384
56
791
266
652
160
2315
64
457
620
2241
371
955
356
884
738
1354
526
36
546
688
170
19
332
234
128
764
950
515
850
126
199
239
638
460
460
207
74
361
88
16
543
238
18
57
59
85
739
440
214
414
534
1829
829
51
1165
768
1074
119
125
567
1983
2154
141
261
863
832
1195
712
36
84
1339
651
530
2168
947
53
74
184
73
246
125
1957
1252
1661
259
1792
515
320
557
71
1365
1161
1133
864
173
6
339
237
680
3
151
37
3822
959
26
106
909
219
181
218
122
279
141
230
369
524
179
282
2231
392
477
298
125
453
1042
130
856
311
370
824
88
189
313
524
554
4157
938
168
1235
362
55
701
28
283
60
61
249
42
513
527
374
123
1987
2908
390
162
313
790
373
587
1719
186
474
189
723
213
905
288
782
182
53
208
900
744
208
1284
378
895
728
472
15
282
1177
434
253
330
292
466
64
867
404
121
117
29
315
233
167
467
642
12
303
274
80
260
186
739
21
417
842
49
658
1287
575
374
1253
40
374
182
156
821
38
62
1069
395
66
674
120
92
686
580
343
2416
155
731
2212
391
1193
141
169
77
63
332
510
660
644
871
266
160
154
606
1505
626
782
832
910
119
577
1724
165
132
2664
256
70
247
997
1094
569
182
986
498
1037
230
78
746
725
74
133
334
320
73
709
157
1027
928
77
76
342
358
815
224
542
33
181
903
5
471
143
318
19
879
187
52
448
1195
668
1516
990
15
329
334
11
70
53
99
2
90
731
377
1086
457
118
1759
264
618
135
459
2943
1262
952
83
362
117
877
1471
333
241
184
867
117
1605
1205
18
758
400
576
62
263
642
803
258
402
4
488
774
141
472
168
1485
172
242
524
278
75
195
357
432
14
228
871
512
281
333
619
591
161
16
833
210
603
514
103
80
1224
1475
771
1409
332
266
281
56
987
788
154
117
354
388
151
876
246
478
167
638
77
826
889
543
2205
272
449
502
1216
779
739
2326
1285
219
216
250
1062
197
57
471
216
377
87
1285
998
903
394
578
263
1232
164
109
397
435
106
1725
4
270
64
123
290
490
277
1038
54
254
56
1873
2683
264
355
346
2040
1325
303
352
66
262
322
161
308
261
1721
1617
1235
245
319
654
31
3388
618
498
1245
40
7
112
525
1447
996
740
292
471
1545
720
814
705
127
402
95
53
332
251
537
1423
1982
51
194
3078
854
141
607
2300
388
702
1483
166
432
50
183
472
250
728
1173
365
703
160
135
252
3046
13
142
605
9
1453
248
789
625
2200
315
1356
179
32
485
182
1713
124
274
42
1810
17
214
848
25
829
492
90
332
1464
183
2145
441
212
46
154
712
48
768
55
592
77
892
2043
868
673
566
240
433
299
509
27
699
21
162
86
70
18
288
82
401
2
135
59
2079
1020
1833
1496
301
160
198
1969
31
109
2666
84
967
555
211
350
59
291
282
120
770
1162
2411
1012
441
831
46
2009
200
64
398
693
92
920
810
64
48
85
940
203
536
515
3
533
194
140
279
44
1085
3943
208
1500
811
1020
753
386
432
465
119
262
933
1360
333
324
637
157
462
5
489
216
364
194
147
54
289
1006
241
274
1882
91
23
21
1828
939
164
30
1249
94
95
1062
438
658
419
549
892
130
107
1157
12
122
62
1466
62
29
210
1384
1635
205
267
811
362
2
261
2028
70
824
546
538
265
11
697
939
569
439
328
1793
713
261
335
1433
866
473
704
522
2
372
163
75
697
1875
468
141
458
296
720
736
725
2211
645
45
345
1788
683
1719
896
396
1021
121
85
561
634
1183
368
804
719
27
3
561
838
766
705
1075
172
429
10
584
437
229
379
3
416
595
134
202
99
699
238
851
547
958
499
26
109
160
339
439
1518
49
66
271
242
1218
294
498
375
1338
1073
27
766
1029
90
894
1323
482
1124
29
52
1237
837
142
1157
393
272
594
839
441
122
1345
486
3502
1216
1428
1060
1065
3273
249
155
318
49
1909
168
63
706
147
162
119
237
1654
267
549
2962
347
445
1469
883
143
23
377
2620
687
628
429
376
1112
668
84
875
896
75
1254
747
531
576
285
33
298
776
169
826
280
870
245
48
126
321
547
282
229
108
335
395
74
1668
10
614
953
784
310
1704
381
65
184
365
188
322
582
519
365
13
542
1823
1377
46
183
1526
602
267
60
337
694
2071
1214
171
21
250
150
187
1500
1248
373
447
125
256
1317
55
490
1604
456
18
408
745
550
161
150
2183
456
5
210
1200
66
37
84
144
1008
313
1633
404
1011
63
701
1073
267
108
20
627
389
33
1046
747
169
2097
100
76
1111
337
590
330
7
622
1067
2400
1128
923
201
97
247
1262
20
757
1712
80
1071
1552
126
424
248
70
1097
216
216
189
814
210
114
1063
2427
106
1190
64
664
606
720
162
772
1008
351
314
49
99
336
923
525
1186
396
379
775
1128
13
1156
57
610
944
89
183
863
110
1563
6
88
1428
54
225
877
620
161
3434
201
18
875
473
704
746
1706
719
261
159
534
204
645
259
1009
415
1418
1064
97
437
521
697
218
209
761
588
942
110
2
58
56
77
1646
583
963
347
2168
3070
504
9
1253
573
22
1262
3308
12
361
542
1481
115
106
464
984
1336
134
439
89
558
1162
1015
501
243
585
23
28
416
8
2967
464
78
70
1097
1
167
1058
323
1504
795
413
765
648
482
17
11
181
1657
540
362
177
287
36
147
662
352
354
237
1079
302
441
518
745
119
709
70
709
314
1468
796
412
105
110
235
1
125
2692
103
1065
371
370
200
109
524
98
964
347
38
501
303
206
142
38
19
326
766
296
1323
638
188
787
795
1849
1500
64
46
129
64
977
530
354
446
170
721
350
274
1083
1077
285
354
891
790
740
520
1359
575
3967
381
825
69
83
335
1378
247
266
1187
323
380
1098
1056
696
453
959
22
315
389
821
1340
712
380
1227
248
225
1103
562
533
784
556
288
179
109
116
1393
342
403
143
38
650
1240
367
189
1039
340
482
96
51
243
1826
1842
1511
442
818
225
769
687
142
183
500
1449
442
1280
827
415
1040
39
1246
197
433
50
140
1562
60
243
304
1159
493
883
1006
1452
335
306
558
238
14
528
307
590
304
698
175
1059
3580
674
527
298
352
346
359
149
1309
102
21
342
1891
1101
258
886
776
119
53
3634
992
143
266
749
323
1474
55
188
1119
194
1736
512
881
1122
385
716
1002
270
1903
44
279
1518
641
603
553
590
232
2053
209
17
1749
1244
270
1929
1022
163
1769
4183
957
470
1056
732
1247
15
354
450
870
817
86
15
378
414
680
974
1540
1307
808
178
96
345
696
148
417
1197
2007
533
185
319
679
454
594
910
532
631
422
950
179
372
3139
262
74
474
273
188
328
828
189
624
652
1638
296
195
2362
155
1280
219
50
331
803
1028
78
229
501
627
2874
636
852
470
106
267
359
862
1697
265
2344
978
2209
716
188
54
259
115
48
743
113
885
1005
1254
382
1488
1023
88
189
13
167
1304
175
1238
1527
751
233
3
50
991
185
874
562
585
83
286
219
512
2096
91
267
842
1665
803
252
647
374
333
92
83
101
872
1336
356
524
200
1327
445
1244
714
1334
1048
538
346
510
1396
731
57
879
138
146
7
986
336
25
186
48
113
684
429
419
795
1554
206
210
316
919
891
175
116
592
1162
135
505
1640
42
568
62
467
31
445
316
1051
356
1074
2343
197
1293
1247
30
625
1194
1423
2041
295
98
395
127
243
136
290
907
2280
95
312
1059
445
142
2312
144
564
3672
1037
76
3604
94
1396
230
621
1157
519
261
3333
752
129
1637
51
33
1189
1560
818
501
347
845
422
532
249
430
1965
1373
33
1267
486
87
1403
2008
221
624
874
360
352
257
718
162
246
1742
1503
393
66
445
216
2016
72
433
882
649
120
487
815
733
1144
1657
536
128
368
489
1700
672
1245
854
115
173
90
123
1423
1620
1225
406
297
242
1355
43
1718
215
49
720
503
770
48
609
324
116
61
418
1686
231
582
3040
2063
137
1749
301
347
1199
117
73
184
2
883
195
1282
744
1167
3807
456
1138
647
221
787
325
107
251
1160
1491
68
46
387
179
879
555
518
469
177
200
592
60
638
526
435
244
832
1447
20
66
1571
126
1055
280
342
74
1325
344
539
1884
342
143
88
148
2652
1373
166
1214
3176
1030
353
470
335
653
70
14
412
669
619
5
622
486
268
16
648
1470
57
19
475
441
389
2044
23
305
408
218
304
3
1072
56
854
21
127
90
1164
82
185
482
1176
563
4
435
24
1715
689
389
1
248
222
939
136
166
530
1497
1293
446
2378
1767
231
1484
362
191
295
2107
264
173
862
1790
1120
1167
76
133
28
160
636
1292
261
1317
147
108
1825
192
128
442
711
516
298
126
201
46
330
490
541
1834
255
35
1796
1521
1100
819
2621
193
679
1828
352
280
59
2516
607
203
473
311
2088
757
1230
358
259
1875
98
522
297
1474
66
1518
811
55
71
48
119
1078
40
307
973
332
310
626
680
1289
743
249
22
74
355
930
358
668
19
993
107
233
1301
341
105
1522
624
452
1163
325
694
162
44
488
325
484
112
2194
135
1225
158
235
579
503
1745
126
897
267
1135
125
4
961
442
2291
20
210
206
269
912
696
568
25
44
401
860
2158
354
317
547
552
395
543
748
344
354
203
114
999
273
146
132
2020
289
159
36
90
989
78
388
81
1117
679
247
62
5
1170
1182
24
20
168
129
649
1514
18
85
145
1473
24
424
347
1645
739
43
290
1116
118
208
1574
1213
181
48
687
14
494
169
913
81
3
910
1794
483
667
1544
1178
1965
326
132
1060
2678
249
245
2269
216
1800
1144
174
1784
225
749
1449
105
318
185
141
529
228
871
836
905
150
1003
713
474
180
2379
63
182
168
1001
4325
626
589
73
125
76
1209
604
969
470
848
271
1314
200
1788
33
9
775
46
433
923
855
604
44
362
263
333
394
469
616
1001
317
436
241
705
216
150
20
799
72
299
1027
1244
832
355
838
567
1364
44
408
521
380
491
221
894
45
587
521
313
387
1690
763
119
135
276
1885
412
77
1142
162
356
577
883
84
372
492
565
652
125
332
285
109
1327
975
272
750
521
66
1534
95
963
309
591
945
219
108
194
109
75
1735
851
587
1002
570
433
205
132
517
747
288
432
646
950
239
246
1197
488
436
648
472
336
966
2026
611
651
454
94
1472
410
462
308
357
162
117
340
759
1729
1158
575
2361
1080
1907
249
260
307
67
904
162
389
1723
43
486
75
313
307
83
225
48
41
428
209
458
243
686
324
710
170
195
549
714
4255
1791
237
476
444
1242
199
99
417
560
378
291
267
595
409
810
1006
446
880
303
43
139
2088
873
559
341
510
1495
108
596
500
634
664
1380
587
70
198
31
1944
425
1071
549
644
370
1364
559
1501
1261
1388
117
1640
209
278
732
30
305
344
756
130
196
254
164
1402
1054
1269
532
341
551
162
483
406
234
587
85
15
580
669
774
198
2432
740
330
329
289
74
327
1129
49
300
220
325
101
339
1059
405
77
1120
537
34
249
90
556
781
939
290
1805
2398
20
151
77
1023
136
1893
693
230
1460
344
966
152
120
498
1020
553
598
39
821
516
207
394
2369
904
196
898
130
1746
9
155
121
972
82
287
1362
433
93
1
281
1060
1281
59
973
421
74
173
604
164
951
965
200
450
53
129
343
361
1552
48
287
501
74
1227
937
170
265
58
1011
74
786
130
240
55
632
39
194
88
1541
1386
678
108
1463
131
680
577
756
1980
756
555
320
1188
739
11
706
345
1443
185
1329
820
1046
1283
796
341
369
30
1317
101
371
70
27
1477
865
160
509
156
300
150
1533
906
582
279
1395
252
582
418
704
77
2215
945
187
388
113
351
1620
77
1012
2801
800
568
1182
196
341
356
347
252
885
130
244
138
749
420
1051
485
519
26
374
616
345
65
91
1370
54
429
110
558
319
259
56
444
1530
488
960
47
1527
1686
1162
168
612
1055
127
478
445
476
757
906
85
470
270
82
560
85
1108
1187
183
1281
25
30
961
350
1616
861
1574
583
866
188
1702
39
201
26
720
286
99
463
654
342
782
201
727
407
195
599
1327
6
204
101
2252
1170
1042
276
683
21
1710
262
158
2369
59
150
1050
187
355
1202
1147
505
36
325
77
1100
111
165
37
758
1309
521
1149
1024
517
359
11
966
646
586
60
1328
2022
214
297
144
136
1004
505
240
622
1005
238
1393
239
1239
174
966
923
160
389
60
1159
1416
92
589
10
1521
806
4
198
90
670
605
130
1264
72
234
194
73
167
63
175
871
47
786
555
240
9
385
175
49
1096
152
547
694
74
1457
59
570
286
99
98
186
1499
827
459
705
371
376
978
108
261
4
625
174
273
217
173
50
51
283
703
1119
2245
651
157
434
115
552
960
378
501
35
576
713
551
925
417
198
245
459
1054
885
63
66
476
385
77
8
11
1087
3013
362
2706
758
737
920
13
777
154
93
340
121
231
168
13
251
100
19
195
548
866
347
230
660
531
897
18
233
519
214
347
421
257
705
709
689
1563
286
778
37
842
841
144
1220
44
370
37
11
1501
686
94
1056
970
335
758
402
345
221
650
384
612
1757
663
321
625
185
378
1013
447
242
357
1967
223
150
1144
259
818
1375
1351
653
304
343
1391
933
1590
802
328
205
63
12
1293
8
494
693
144
263
607
2332
345
668
89
139
45
421
976
781
498
515
386
1111
1266
449
91
194
1680
1260
469
61
2314
193
937
355
468
331
133
1774
21
285
94
846
520
263
79
156
629
70
273
412
557
377
2884
540
797
551
66
1178
2934
142
381
750
903
327
15
1417
698
888
391
886
215
51
664
842
151
2101
495
77
184
1473
64
39
591
266
670
393
470
754
707
180
138
1670
44
476
241
1384
109
352
327
1426
401
855
376
660
532
166
26
247
121
1016
1658
1819
1636
353
461
125
950
1085
789
154
709
369
1192
894
1170
413
50
51
292
314
467
39
167
1146
1646
326
1303
852
169
779
656
1209
140
688
1185
119
404
502
944
593
217
673
1909
1488
45
387
767
741
1075
160
366
745
333
1255
360
475
390
717
589
803
2102
553
26
201
23
552
351
890
281
1900
521
285
867
412
186
283
159
120
8
109
624
756
94
29
115
22
735
656
1566
89
59
68
2264
355
194
57
676
196
190
3
200
291
1245
19
1803
13
295
555
354
183
265
55
1023
142
2121
1
770
355
507
25
1921
1530
481
123
1877
313
1217
188
564
275
373
616
406
108
602
769
514
364
765
41
1112
364
295
1140
1034
334
1078
124
123
444
73
21
407
142
279
176
1910
125
1121
783
471
548
357
541
156
1455
132
988
450
389
518
37
200
508
7
1960
1761
10
400
409
431
695
309
21
165
1296
324
141
3907
1280
931
8
522
571
187
234
126
480
33
932
1000
265
611
744
1018
259
1693
958
588
1316
73
1822
382
277
167
40
290
403
328
471
2864
1155
458
1445
69
1759
307
967
930
95
907
914
245
270
720
93
324
1822
11
85
188
362
465
176
14
570
302
109
2126
347
1100
1618
28
560
783
485
913
142
1056
1695
537
3401
64
357
1260
