real_Parameters :  erfcc 	 failrate:  5.74E-4	 Fm: 959.9208  且最后的Fart/Frt: 0.5509945392		   Time :  6.4784

904
88
94
2610
1514
92
1381
795
1953
1187
566
1128
1426
254
123
520
1746
9
1713
881
408
1555
953
1967
667
1292
27
1725
1247
1732
448
15
132
1935
1399
77
2270
203
1788
20
1463
319
1535
1831
1672
1764
1296
1202
38
1069
33
1610
1168
1511
483
403
1436
922
879
1625
565
524
74
2591
1508
755
1167
39
139
786
262
1602
1927
815
2811
1863
795
543
1718
183
1127
857
1792
768
1813
666
33
1
363
790
1810
1549
311
749
537
2397
928
137
601
209
1603
610
1206
1898
323
1155
98
967
1372
1897
1140
1263
587
1319
170
2011
34
98
2001
1551
1177
17
1423
1895
1787
846
258
102
1189
1884
806
819
203
280
2030
825
441
979
1916
801
1457
1038
1073
340
2720
456
1161
442
1748
1304
1760
1265
3
1981
1132
74
680
1354
161
1116
209
560
871
1612
3398
826
653
37
12
2425
1402
476
146
145
488
1575
860
72
171
1697
2618
593
584
867
1417
952
497
1050
691
80
730
1100
28
2076
2164
1984
214
1128
1095
309
1502
720
160
11
529
513
20
654
713
1636
1027
1418
1641
284
1998
1188
35
283
873
1750
1082
839
1516
1582
140
1952
75
620
635
1806
1303
933
204
1144
330
963
396
1014
765
161
43
106
1959
1412
1548
1192
76
1615
350
1244
342
1612
1077
672
87
1868
1915
1400
1994
1164
1725
1808
1269
1047
280
1
146
570
709
1116
56
651
1493
610
914
207
1750
105
186
1005
1588
207
1190
217
1996
131
1547
299
266
1078
1130
1039
1686
828
146
1291
707
86
787
1316
1542
1132
1974
76
299
1569
842
1383
1065
1318
343
48
1823
1692
869
1228
472
1191
1782
162
1220
2920
757
1291
167
382
70
1788
1030
858
766
1603
71
789
3
862
2012
677
340
1064
289
1400
103
259
1136
1474
846
1579
3
916
2032
706
339
146
1408
1965
2013
1687
1902
1251
1377
334
407
3713
2014
557
1814
1268
638
2415
159
1698
1141
647
994
321
148
67
1345
780
94
1884
1116
180
214
1093
140
800
2041
532
592
1351
1145
1145
1216
3046
872
872
190
1497
2543
884
458
1183
1368
747
95
722
1579
341
974
1087
1458
327
1415
162
46
1451
615
546
285
1451
851
1303
1658
146
690
2848
1259
537
534
1245
1691
596
496
1114
1253
65
799
105
271
1472
1594
1859
1039
1698
1425
2033
557
1934
1634
1080
1376
913
1557
485
240
274
1199
1810
317
1959
1612
1358
601
1139
800
792
1986
3849
1049
571
396
653
3
1518
684
456
1229
563
1977
307
1011
44
163
352
1105
588
363
875
330
67
1882
1712
154
1295
1485
965
752
848
1614
1441
1883
1394
590
2410
1504
5
470
1762
1515
1791
1929
2026
3844
585
610
1032
266
1586
909
280
260
325
923
411
896
1118
646
1928
678
538
1896
1014
353
620
1609
1249
1749
288
771
1215
4013
1631
110
558
1010
532
693
184
1727
1422
1684
312
1113
866
1210
623
116
274
1685
623
53
74
359
1373
1823
137
1386
206
1547
953
568
1682
1192
1976
1826
752
498
1258
870
219
2015
602
1291
858
1435
1228
1328
1816
426
2044
1240
1926
1161
988
816
1160
1968
1361
85
382
1096
1398
545
874
862
57
1384
528
1996
525
514
25
733
524
1233
1042
1006
1937
1180
367
1759
339
1995
826
1686
392
1427
659
395
747
1679
634
65
259
813
1291
1440
310
1395
93
1714
1220
1806
1646
154
85
1267
689
1585
1043
1471
1456
1610
137
1138
656
266
545
156
1659
776
319
1119
1881
1940
162
378
1608
1234
650
405
1583
647
141
1108
6
817
585
2027
1119
1957
735
301
703
1383
90
6
1491
985
397
94
2823
1533
776
656
368
367
1926
1263
463
1982
162
152
1899
1440
1525
1336
1087
1175
1967
1506
1357
748
1778
263
1168
320
205
1728
609
174
1381
135
278
288
1259
2664
1840
1185
184
741
1920
1516
1397
144
801
17
624
1324
1255
1667
1363
1441
1529
669
524
820
502
280
64
311
1152
1702
1474
527
1221
1177
1038
1285
70
1105
931
1862
1662
1372
730
89
545
1237
1008
1876
141
243
1519
1695
1290
873
1882
293
1338
380
833
163
1934
2840
1233
1282
1185
1655
1957
1096
764
883
371
743
379
2045
188
850
3
619
2012
153
1097
1551
1218
1232
336
466
129
1315
737
708
1594
1125
281
444
1630
1975
537
174
1490
1045
1854
747
88
40
416
1500
171
281
1364
102
1877
315
3
1442
1341
151
1372
601
1735
740
139
1206
1548
595
1757
22
808
1011
412
118
830
826
333
610
1903
1540
1334
1122
1581
757
305
675
232
1932
456
277
1643
101
3876
1646
1289
796
1881
95
1140
786
617
1182
1717
139
1673
1083
1368
1185
1554
313
264
1428
598
1282
148
663
1770
1172
18
1244
1124
1455
115
515
779
2310
280
1915
78
1245
879
573
745
102
1857
1451
514
1358
348
302
1880
134
673
1965
962
2525
77
652
1256
480
563
71
1391
1455
913
211
2042
1637
871
104
294
613
1402
1894
1239
1008
1673
1659
901
2897
1938
413
281
447
1079
1079
1395
80
1636
1170
258
345
93
354
1200
1110
1241
321
377
633
3
198
404
138
5
2016
662
23
629
633
1623
1479
513
783
115
1645
108
102
882
600
1512
1133
1029
661
886
451
333
1546
1889
486
2337
144
1281
384
660
3612
4070
1345
1647
980
686
288
764
428
1213
308
1971
144
179
714
637
1159
279
1891
2001
1239
1391
1445
1962
46
758
1068
228
930
1055
1248
1678
577
1721
589
1588
1246
1045
874
381
88
658
269
70
179
873
1729
573
304
1425
93
1705
381
697
508
79
1748
176
623
663
48
1390
643
1623
161
1005
990
1623
2448
1833
2019
1227
1785
1646
1441
1013
2325
1931
135
345
360
3062
841
768
417
23
365
731
933
183
345
165
60
204
1583
961
1664
2106
916
184
574
3
814
6
1710
3977
42
791
2762
5
926
820
1378
789
139
296
552
724
1504
183
1968
1023
895
561
1883
1207
1679
1562
93
192
641
534
921
289
76
1443
1893
1734
737
1253
704
1383
1119
1526
762
1225
829
1178
1740
1308
54
1880
744
191
1613
1727
629
699
700
1100
1258
1828
2014
1253
356
1889
650
1497
463
1308
150
789
971
914
145
286
2033
2023
682
1090
529
1451
1826
871
550
679
193
900
1102
5
397
581
1800
468
1005
1790
389
405
73
443
1096
1057
819
1370
1552
1654
749
1464
1724
1315
2047
1435
299
787
565
563
436
1167
165
1275
1297
1983
262
1373
96
3238
930
1068
103
690
1339
264
392
320
111
1638
1284
1341
1979
962
295
1288
1492
1681
816
1854
47
267
1198
3797
1006
355
80
532
146
601
210
1775
1951
688
1076
236
3445
855
1655
550
1880
1487
421
455
1515
1344
206
1272
1065
709
1619
1599
1367
1074
702
1645
699
1295
3037
1493
562
186
74
144
2005
4008
1903
449
660
444
695
1455
566
1497
632
1261
43
729
1156
659
72
514
1658
620
323
458
1501
697
957
341
425
124
1260
662
116
832
1686
401
1642
187
282
394
675
148
612
994
2565
209
79
1061
352
1622
728
777
152
409
285
1950
701
1517
561
842
1728
881
812
2023
166
1794
1338
1509
96
2037
37
1214
1725
278
259
1415
1590
1373
1898
919
939
835
1715
1565
222
531
2035
991
1597
1806
781
1871
1627
272
1535
186
412
1749
49
722
941
585
460
1888
1752
676
1972
1225
1813
352
755
819
635
623
446
294
1
90
1528
758
1035
1640
626
1370
1080
939
743
1069
354
536
999
1238
11
139
685
179
1034
496
204
71
969
162
1192
1577
1722
1414
531
1384
403
1596
679
316
1923
1392
561
790
1255
148
2019
466
165
1160
227
1960
526
702
1779
310
308
888
760
1569
414
3888
1851
74
37
1301
1172
498
1111
309
1200
1350
3267
919
1618
365
314
1402
1257
1210
2038
1138
392
1891
1238
161
1321
1117
488
347
1651
67
134
1012
1581
656
1431
823
872
1347
1615
903
901
1934
1237
3675
484
2009
1626
1108
673
166
1798
1404
1942
1101
78
1202
81
558
1556
1980
467
1278
684
1011
429
2000
855
2000
265
520
1526
1051
280
3256
197
1410
1335
649
1080
1096
1254
473
1818
875
2034
515
360
1829
1031
1871
1629
1597
148
581
1051
1221
1057
359
81
596
392
1701
1019
2645
1247
393
1360
800
166
2492
535
648
1508
407
610
1595
239
1413
3519
1992
577
17
414
263
408
869
1641
1217
760
248
784
566
1601
94
746
189
1046
369
550
1766
65
1281
783
572
1263
39
311
1408
201
1853
1952
1962
1234
848
633
1254
1733
457
1471
1111
172
1924
1130
909
90
918
37
697
1516
338
3557
21
1306
1576
732
168
2016
17
721
870
1406
1340
58
634
436
1901
836
1335
2062
289
784
416
350
706
234
196
1205
1513
1411
152
272
1921
88
289
1473
947
1148
627
470
3314
671
581
1819
45
1203
145
412
690
986
149
505
169
1168
115
645
530
1686
1830
1574
80
1748
365
86
1570
667
193
1248
253
1078
360
225
1909
43
69
1125
203
1912
622
1253
1150
4023
597
834
274
1895
15
974
1679
655
1588
1011
358
1490
1406
605
1333
792
1232
1908
2288
183
588
277
1032
1221
2247
318
1169
417
364
446
2682
1146
3
1255
1723
324
529
1722
1631
2225
757
1807
1305
863
2879
1166
1767
1111
1274
2586
629
1286
844
298
948
996
1089
1924
1084
144
1888
1392
1685
944
536
736
416
734
317
362
235
1280
39
727
1803
388
809
1452
1806
1448
1510
1352
1223
828
735
1268
1845
323
1043
261
339
2512
1487
233
276
731
153
457
1389
1304
76
1188
76
2294
1754
1871
884
853
1436
1616
3695
1298
670
450
376
768
1795
1138
1172
48
579
1886
1316
301
1318
678
2033
1678
83
2058
158
1930
1579
1955
338
1539
670
1375
766
1891
525
876
186
622
1506
868
309
1554
390
1156
958
633
360
1600
1854
1338
1588
125
808
278
3879
1372
403
877
210
1228
987
97
1286
72
698
784
154
2454
2028
694
262
106
145
626
1127
347
304
84
465
1256
1532
736
95
1277
919
857
1350
1869
283
661
979
293
652
1581
1129
2024
1510
622
1168
840
563
3214
945
1653
1967
1070
709
1520
164
1649
1813
1009
67
1630
19
69
784
775
1452
704
1338
102
156
268
498
1436
44
85
1373
775
279
1335
1496
670
1714
1790
674
414
870
75
384
1150
1459
422
151
1773
1168
1198
366
1036
996
413
715
1561
166
737
748
75
2043
823
725
645
39
1292
2027
720
259
1293
648
1594
1076
1122
72
1956
1333
1382
750
348
231
1576
346
752
1034
933
264
259
1898
2593
266
1650
1777
870
259
1560
147
174
131
1301
68
626
179
424
1861
1571
3174
1667
283
559
561
1300
78
1763
1351
777
857
1553
781
1052
523
222
1110
976
315
892
1073
282
1992
1539
1539
1985
1101
513
852
1766
392
2174
656
99
98
877
1121
98
288
1871
629
202
645
804
850
188
270
566
1459
631
1642
1552
2010
3021
628
180
517
383
339
299
572
3061
259
191
1534
584
1688
1436
595
1919
258
650
899
297
439
1037
360
977
1539
2523
1680
1906
673
1211
1415
72
180
326
702
381
693
1686
605
692
836
150
1806
1333
67
1641
301
1588
2032
47
1864
1003
1375
265
405
1433
704
3454
1032
410
1116
607
68
102
617
345
714
18
947
1193
77
1306
346
1147
1813
563
986
1064
1494
1103
320
1729
1963
431
201
95
1615
1248
275
724
380
2034
672
705
5
143
1017
275
1923
72
610
323
1478
83
1607
1803
1920
73
1687
508
635
698
671
1098
1180
1158
1645
1667
434
962
1878
130
671
444
1346
1830
860
1499
1652
21
138
453
166
765
1566
1253
433
856
2003
728
318
1698
19
490
1383
270
1450
1240
802
627
768
1336
829
531
1890
555
399
319
796
133
3820
598
1232
439
365
1028
187
902
1928
1895
1520
803
67
1848
1310
276
34
1329
621
1308
1654
591
267
1102
188
108
479
670
970
277
1689
617
1228
393
270
555
1099
430
389
299
880
1208
798
825
192
1965
91
861
699
690
721
137
1714
110
822
1420
1764
1453
1753
922
1265
1071
48
1627
353
100
302
762
906
283
1249
1281
366
724
626
683
427
888
1321
172
316
180
1859
792
1591
10
1680
1875
516
132
741
303
74
563
1006
274
490
595
1100
1946
1272
234
1235
349
1843
369
339
797
87
162
1045
394
1375
2004
635
1241
1125
1120
569
606
131
339
1611
843
1338
1500
1421
968
1782
1438
859
227
1313
1174
287
1341
1085
623
933
877
667
1318
322
1535
304
454
154
296
284
280
311
587
1285
1502
61
610
190
1148
358
1702
182
2222
302
723
317
2761
1670
21
615
335
1956
1138
628
1437
329
1168
1092
711
1215
219
1505
1620
513
379
1321
1291
314
908
1885
333
1303
1930
318
820
682
1249
377
553
1019
1799
615
1349
1736
1125
1349
216
312
1636
520
1243
1762
1804
337
361
436
1554
772
1071
95
79
1804
539
166
1489
266
860
628
1792
284
1614
341
154
1173
90
1449
360
1261
325
543
1815
702
285
1210
819
20
810
68
2203
1025
1539
1699
1419
606
444
21
971
352
684
1564
696
991
224
1561
384
138
542
724
498
328
1410
1123
1459
1078
86
1370
1357
643
1480
853
648
1551
1493
316
1428
745
192
1214
1311
1830
36
897
610
463
1380
1594
407
938
317
1205
1358
1236
1073
363
364
778
1323
1130
1183
756
1393
692
321
1227
537
827
617
940
373
748
626
571
1523
70
381
824
1746
682
19
1651
1734
1144
1975
1767
182
312
295
1190
129
1263
712
1967
1353
27
1292
896
1881
977
1476
681
1055
521
142
1483
1729
1595
1110
195
1790
894
1044
652
619
737
3464
1544
1263
327
86
1594
798
835
1374
33
1378
109
1083
892
1418
512
1583
283
1010
532
1341
1259
365
1139
1590
644
317
586
818
810
1407
6
1510
629
1519
680
413
1851
1780
1590
904
2583
154
828
37
1788
2044
207
547
2048
841
215
862
1471
877
1272
70
288
966
14
2736
1328
700
1471
308
1122
361
1075
1903
205
567
42
1486
6
565
1652
1167
368
219
2292
768
467
35
1581
1916
692
815
170
646
1368
1009
1296
1434
1197
1135
597
1063
932
827
519
836
731
387
163
1093
714
651
1690
1996
210
988
386
649
315
46
744
1326
71
156
2007
669
1367
624
663
662
631
1163
1140
745
2228
28
1768
839
426
711
680
1399
638
833
1965
280
109
205
676
1811
327
2023
1612
429
275
815
1517
558
1548
164
151
393
698
1919
1765
1815
1123
780
1492
1542
1740
687
630
1223
479
47
690
3320
784
1591
1538
807
173
1582
1991
1047
1995
1269
3107
1260
1916
35
1234
265
277
2525
77
647
221
1853
617
569
1259
808
1892
1161
1919
92
608
162
89
1339
892
1708
590
2021
663
1365
738
430
1564
1220
831
2021
1197
1150
994
1225
1438
756
69
1283
1476
1115
1969
1335
1083
910
787
568
307
215
1325
1940
1959
383
218
638
289
753
1606
1969
1152
302
916
742
1692
1341
1318
557
729
989
667
1215
1106
715
185
313
17
641
523
1552
1540
1482
553
552
1158
949
1831
1959
372
2033
575
702
1269
688
1516
146
792
1420
1971
171
739
2004
5
145
1504
131
1401
238
1092
1319
1090
696
1777
2045
795
149
979
1925
177
4026
1673
617
1950
652
1215
327
366
1704
1821
1125
2046
1462
279
1592
1117
26
1698
318
362
272
1533
1507
722
727
1948
863
942
1349
1920
55
707
1559
149
106
1346
695
641
807
1547
1221
238
1997
1733
1241
959
344
811
2330
655
74
1302
21
540
586
1300
1296
811
582
1742
2013
405
2476
943
20
3
825
850
279
896
1200
481
1360
1656
385
1355
1619
175
1949
2538
841
1429
1305
2949
1426
1189
218
760
322
836
1411
1300
3460
1613
802
1835
1239
1472
695
173
42
1537
278
83
1002
620
2068
150
137
2014
211
623
38
73
704
918
1368
383
325
1392
1618
259
800
66
577
1160
1110
1425
1640
650
188
1230
1135
1490
325
691
616
1273
1094
1949
1883
673
71
1992
177
96
432
66
337
1601
1321
1350
637
805
42
561
1220
1745
929
655
1054
1191
545
566
1426
1055
1064
174
2575
744
362
42
1105
368
1171
567
983
1065
1337
632
1704
24
881
1565
1540
652
892
239
74
1582
496
1494
372
1300
268
108
25
1795
146
1586
299
1165
923
1181
153
205
901
1333
1758
828
1234
1307
457
1813
692
485
778
589
1439
826
415
1090
792
2714
627
1694
585
312
594
1881
645
547
304
1421
775
352
176
589
1147
151
491
392
86
157
1615
932
633
1028
1867
822
766
873
718
107
383
1144
2357
461
829
255
513
983
7
805
1859
171
1299
1308
34
1352
964
739
1246
1237
680
1176
2028
641
1583
267
689
968
553
1343
1268
1738
220
1243
144
1841
1181
1596
572
141
808
765
65
1840
1462
558
289
1123
1659
907
366
831
2797
47
2033
1644
76
590
791
624
174
569
1779
359
10
681
217
1907
1059
1759
1977
1294
1289
162
651
873
270
653
432
1376
1546
106
706
3
636
694
133
1105
184
896
754
558
719
1526
215
75
21
55
111
1540
649
1192
1879
1540
1987
1179
482
865
831
1131
3269
1529
1851
1596
1783
1532
430
1810
197
1017
1337
47
33
1083
946
166
246
1031
1957
685
19
806
319
371
269
1049
713
1077
650
66
127
612
184
1978
69
106
393
623
260
111
876
1743
655
524
238
1901
1361
422
1116
202
20
1277
644
2019
367
1144
577
1241
1339
292
1636
751
7
1436
2877
692
209
101
1066
536
1047
1494
149
1632
716
939
2014
1007
3995
1547
1206
803
1694
1149
1147
614
1647
1885
89
1920
586
259
327
67
38
1282
1985
340
1146
1685
928
95
357
270
734
1438
1249
1602
1469
1202
1612
347
1131
2021
870
978
3
823
1452
1152
1432
1183
617
1215
784
1107
5
682
1097
614
1460
1680
1083
574
305
145
1968
1112
1633
569
2251
483
265
1010
1663
1201
444
379
958
1160
1040
570
361
1041
1904
647
1962
661
3923
2025
1864
628
174
675
1347
1208
303
675
1266
1952
505
1620
575
1562
382
1044
163
2247
1148
647
1594
162
395
1833
1630
494
1730
1584
940
1352
1549
3629
841
724
1461
218
764
142
38
766
1657
1416
1300
1385
1519
1755
791
1937
169
794
135
1740
608
563
832
1001
558
838
891
706
1221
1082
562
339
401
173
395
977
343
1372
1104
895
1738
1597
316
1351
1568
96
432
1289
21
131
1787
1250
155
1199
3018
823
1464
1915
766
1643
1743
752
1386
912
326
1265
223
879
52
759
537
648
1078
552
297
248
286
2120
876
460
859
1727
266
218
894
353
388
475
1839
376
303
464
1070
270
656
212
626
563
1276
1836
1114
1559
1481
1093
23
1823
573
2433
105
3123
864
3136
160
1868
1311
2026
531
561
31
1859
455
537
77
863
257
700
1514
331
1611
524
91
840
684
645
133
145
1405
1988
1329
207
132
160
663
1315
1221
1533
1459
135
571
106
1772
771
1330
349
347
52
1380
660
1770
235
841
205
1329
873
1502
3203
1130
838
69
588
396
1137
1115
835
884
1604
434
79
1438
1125
1904
521
2148
1549
24
765
134
1067
68
862
1412
1294
1185
1269
583
1085
40
138
160
317
1233
1459
793
1663
1056
1432
453
2682
333
786
1552
1238
2917
2472
518
642
1287
1713
461
953
1697
633
983
140
1432
1447
571
1155
1996
2925
692
768
869
1010
1026
1132
1487
1667
216
1388
778
2046
1531
160
1389
1217
542
1157
47
1064
1011
657
85
913
1576
1239
131
676
1550
3969
836
1447
150
887
1390
348
288
68
401
676
795
1096
525
1990
1063
539
103
505
1201
1570
524
358
1398
1171
1871
444
18
212
1624
293
5
701
3
1169
1708
209
2651
621
954
1702
1269
613
173
527
932
917
1088
445
956
807
795
3
269
929
1148
1236
1343
1297
1781
503
1854
782
1653
1709
927
1762
434
166
1718
775
1928
2566
1603
311
1561
264
671
637
65
356
1105
316
407
608
216
1404
589
5
40
26
1996
1522
1157
1105
627
1762
312
35
663
679
1484
676
408
1922
1098
640
1181
296
292
1175
412
2803
695
1570
1275
1663
1558
1337
754
140
480
835
185
1285
583
42
71
629
496
14
1851
1813
1394
541
1000
1902
2039
737
207
382
1639
336
231
1923
1843
1191
1521
1904
584
176
1489
401
947
1711
820
1024
1968
676
527
594
1676
184
574
286
1684
569
212
1094
1390
201
685
1214
1432
1052
306
1889
1503
291
2918
39
219
848
604
2037
1571
58
555
1068
1219
1869
1330
426
3223
232
1473
1740
212
1442
1755
88
385
1430
86
899
174
3298
1311
388
841
37
979
1734
1442
1900
1344
887
3421
1877
627
1884
96
1008
315
1566
1202
577
572
1380
1260
1485
1661
3069
598
351
765
527
1174
1845
1082
1435
130
1567
1548
1267
166
879
1242
931
1745
2046
692
944
748
802
1888
593
262
401
800
1769
1723
761
1099
1480
259
36
69
633
1439
1032
1057
185
1990
76
1047
87
87
1042
765
1186
143
756
1745
1671
155
22
525
760
793
570
735
1499
646
1444
124
97
630
1514
1158
1573
473
1848
1062
1206
222
518
1404
783
381
595
77
469
1148
17
280
629
1950
1483
183
140
404
781
2023
1706
813
1942
873
42
1616
722
3636
520
752
75
1229
1219
1152
721
965
520
958
1235
1838
1821
1021
588
192
1826
1795
621
1689
1351
712
1141
1866
280
1624
982
3420
5
1249
2002
1423
1903
49
607
1677
1039
408
1280
310
696
1380
427
527
36
717
712
653
90
688
319
1766
1666
772
953
1454
1673
1333
2938
940
1570
1168
352
1373
1952
1744
1081
1291
66
2008
1835
435
1552
139
33
1903
960
1158
1430
1630
1988
178
1285
1774
1515
886
382
476
911
1126
49
1804
1028
225
657
1272
735
76
863
1105
2757
284
1099
179
1443
838
754
36
307
854
1083
287
737
559
665
385
1031
1955
1480
1320
1691
43
1347
1040
335
1678
698
641
1783
17
173
633
705
2099
1187
1344
613
1604
789
1019
172
1270
260
1421
792
782
1069
808
1783
908
1294
1860
1418
819
307
1698
1106
2036
1502
140
2262
746
579
1173
771
17
643
1286
313
1105
539
65
33
1556
1778
1703
1008
641
1132
300
826
698
50
548
98
677
1694
1727
134
1398
333
1599
131
41
698
679
561
391
665
611
592
1065
763
2015
1172
160
610
539
3
1818
1417
2523
1924
1404
696
129
397
134
46
1087
135
1541
880
1232
549
193
978
1088
1814
1010
41
929
125
17
99
1900
658
293
699
650
472
352
278
622
250
11
1100
526
338
282
52
612
1675
1685
1445
1449
2025
432
335
1569
372
603
1678
1227
658
1203
137
737
1115
1221
625
1725
856
1705
719
557
1791
1632
321
3403
77
1449
269
1372
493
582
84
466
2616
1105
549
800
1191
1293
1595
243
1357
1016
585
1227
559
72
1096
749
1304
103
412
602
426
293
134
998
1251
609
371
811
1162
1285
19
631
1130
1873
962
760
1456
1285
6
777
1870
1388
404
1040
1270
1077
1853
1742
784
1424
1196
169
1645
1243
935
1164
602
1244
1039
280
825
565
776
401
1012
340
1042
1706
135
644
1277
1485
1069
287
552
1784
137
1798
645
1142
1143
906
583
71
287
1663
1365
71
1488
273
965
342
441
33
578
1108
1086
86
726
172
991
1626
1514
771
1651
95
202
1447
318
1256
306
1074
762
1291
305
1880
710
1536
476
211
419
1350
523
580
1981
72
1403
1373
1655
1262
1086
1556
1346
1838
526
188
129
1466
1311
1814
896
889
1131
1923
776
279
738
629
601
167
763
1666
1871
1459
620
279
554
141
750
1348
198
165
276
967
807
1769
709
864
978
1249
1128
1079
1121
1707
935
1448
1158
385
695
1943
1716
274
1161
266
372
595
277
1521
987
3313
679
19
303
435
297
630
653
199
3487
1572
1025
291
1151
659
2429
1166
743
867
429
893
1827
388
955
1139
70
1350
887
5
182
1391
1859
1581
1116
149
158
935
508
1716
734
561
563
172
768
304
39
574
70
54
1745
1458
472
1338
1247
148
862
1134
1841
687
1436
2320
1061
1644
280
1463
130
1422
1119
1415
308
19
1270
418
1320
900
1663
1298
567
1633
202
98
579
2039
295
1416
978
780
264
139
903
45
523
1092
506
211
1333
683
1704
66
1948
167
6
770
844
889
779
314
2575
36
1252
1977
1025
1641
675
700
1370
2083
337
319
2783
1044
549
1108
3122
301
518
1825
1587
1324
882
293
1216
641
12
1039
1197
1048
67
496
1175
1314
844
1656
783
1719
187
754
1463
1735
940
718
1869
712
433
165
1031
1596
287
572
668
173
199
183
721
1854
1915
1789
1012
798
373
531
146
137
3071
1054
148
1830
3106
544
1419
582
1733
1325
1117
1857
1396
1801
533
755
514
1243
65
1655
257
1335
194
136
2271
1678
986
1682
534
1216
1341
863
1115
345
291
456
1879
735
1509
1265
393
610
506
1834
167
1673
455
971
1091
1281
770
1752
1085
3
672
1671
40
1844
73
556
1224
522
194
800
1187
1690
1658
1007
1901
454
1632
74
1507
1908
359
788
631
1528
1909
107
1834
1834
1614
627
341
1398
690
1517
1027
40
1984
2187
2270
851
2045
1662
1939
516
744
574
1373
608
1893
652
1146
2025
879
1461
553
271
1512
331
1997
329
891
2045
1094
377
338
3121
1875
73
1288
886
117
2505
240
547
408
1561
1878
170
207
19
183
1386
615
80
1373
456
136
73
1510
961
340
407
387
39
2016
1038
262
1244
12
705
1118
1315
448
38
1277
1588
784
793
434
168
1191
714
722
953
1902
596
297
919
1209
1581
269
163
848
375
544
733
1098
1103
1889
883
1594
620
524
187
164
412
1379
168
1028
747
1522
1540
937
1371
1255
1916
1264
1355
180
179
1289
856
1268
1370
923
1139
730
2743
354
753
54
869
3197
596
1159
395
1174
350
1219
77
896
2518
750
165
77
1802
688
396
331
261
399
870
1330
190
707
586
1755
1939
1512
1856
1569
826
2014
1081
1531
2147
1525
740
1262
104
316
1923
590
1993
80
187
921
35
1299
1351
153
1396
1395
346
5
1895
1342
580
647
1003
146
140
1826
97
365
43
139
437
526
839
419
800
2242
405
1742
307
90
