real_Parameters :  bessj 	 failrate:  0.001298	 Fm: 599.3084  且最后的Fart/Frt: 0.7779023032		   Time :  10.3876

84
449
102
497
208
206
196
275
589
786
1336
189
303
932
68
427
372
2660
141
269
600
675
96
90
198
32
1111
1818
690
345
573
1045
417
1229
311
213
146
69
316
710
83
660
555
363
123
119
97
175
207
116
112
181
662
102
74
501
290
323
326
1216
87
397
70
125
43
76
146
128
1374
273
498
486
104
471
2417
349
86
669
362
65
905
243
280
508
186
285
103
177
139
277
61
374
1268
756
1515
318
171
1248
803
2414
438
347
911
53
159
325
836
831
1106
263
1732
260
370
334
15
133
263
89
147
376
1263
1065
270
1104
79
156
998
1668
1141
448
1106
287
265
73
305
99
749
150
429
366
769
151
66
569
459
69
340
148
2409
1446
424
504
720
77
838
294
1105
436
264
447
1302
862
276
773
5
479
633
1439
2679
575
1328
2224
742
257
617
109
502
378
716
93
361
89
86
176
388
265
61
638
537
264
484
157
1319
840
112
49
119
98
42
105
792
271
2511
2353
744
100
1068
363
48
342
166
557
383
300
179
1645
134
409
991
445
514
274
1295
565
1260
86
138
132
367
938
466
443
250
1366
1046
92
1800
1101
544
540
357
343
1200
1967
209
1638
551
648
258
954
121
101
657
68
613
429
124
293
98
292
98
1001
177
349
88
450
259
688
1066
273
1523
736
117
674
76
1709
1428
1301
280
1090
372
697
248
481
49
1246
373
668
1000
608
487
360
1379
336
276
169
3791
221
133
1370
564
755
492
187
953
326
1017
88
437
398
2035
553
449
464
632
2277
270
1204
127
438
1578
248
377
1130
1590
108
200
1473
968
490
802
307
81
392
636
507
113
812
751
281
323
934
954
367
481
336
57
676
684
101
83
680
79
734
215
59
576
934
332
56
553
39
1753
876
115
2596
1045
1337
285
2522
732
68
300
70
113
83
297
324
160
265
672
296
374
262
704
506
945
267
203
1450
28
271
806
134
3421
222
721
465
315
853
187
109
498
174
295
363
463
605
421
84
409
934
55
500
568
461
132
487
79
142
535
179
1266
180
70
397
1210
294
83
68
1025
83
194
464
289
199
3
144
269
2952
298
451
259
3284
39
1161
406
1570
1361
796
387
718
522
933
2014
141
68
169
300
2212
270
6
211
72
1306
253
1248
1893
177
231
562
543
233
186
2415
99
673
168
2449
262
1330
107
543
1562
120
395
777
201
596
462
75
1527
175
1632
139
575
326
391
589
524
42
200
79
667
121
718
373
1031
653
1433
62
76
177
523
420
269
232
565
119
656
724
162
134
490
823
1594
159
334
119
69
764
303
944
65
29
105
258
8
551
391
412
1091
8
155
211
419
899
587
363
473
401
721
572
1207
628
645
145
91
168
981
578
601
340
167
337
698
596
115
80
100
74
632
487
99
322
2883
406
163
84
565
704
277
504
830
415
1367
308
122
950
2756
141
392
1479
750
2007
1898
8
748
1641
496
123
693
547
317
365
958
595
211
33
72
711
408
300
318
895
1256
394
1359
446
136
102
115
1495
594
310
364
89
1478
1346
131
1499
210
835
3
612
479
145
559
268
7
370
3
330
292
162
78
1192
374
262
257
547
57
1511
3718
83
2310
474
215
312
92
260
341
298
185
378
96
104
425
35
456
92
508
800
272
65
3895
858
2534
80
62
739
1532
123
1842
59
601
229
523
466
1360
148
548
398
1444
752
137
87
223
118
144
348
864
87
862
586
370
230
404
1164
879
1106
61
1032
661
500
1199
74
493
385
431
992
732
296
191
286
381
2475
148
349
214
44
331
552
392
159
189
343
2226
560
626
478
1220
638
1416
275
212
351
2420
2442
279
1515
372
312
612
259
1005
448
484
879
201
516
1
800
473
479
293
1205
107
1498
364
441
1611
96
273
654
1624
66
63
88
341
255
227
553
533
365
274
277
67
1232
2351
787
54
739
1542
58
104
2086
370
194
1240
194
405
2318
39
879
319
2801
625
358
224
291
1054
284
407
182
612
513
77
411
91
913
1519
1078
543
370
644
49
107
319
825
46
865
875
307
864
91
591
547
1846
648
1939
748
279
854
761
140
619
454
1988
316
1064
70
792
897
243
833
219
446
417
1
87
1095
207
822
95
1125
286
729
212
412
322
97
1
1087
331
301
137
68
205
788
564
258
1212
319
147
346
1948
397
818
100
372
883
3125
323
202
760
481
1404
301
190
118
960
450
224
287
970
136
279
87
1597
466
673
84
120
1455
153
551
955
288
1169
258
289
353
296
426
502
625
398
660
291
347
351
106
339
645
88
97
1930
302
503
1276
94
494
1152
393
1054
758
647
1294
308
1149
1436
106
308
1150
80
514
195
1022
810
356
414
163
2103
76
837
1259
2041
21
2172
265
401
813
66
827
318
590
589
787
1570
723
800
1663
153
663
15
127
507
3245
703
379
94
835
307
446
4
454
1394
400
679
285
731
83
445
437
151
445
70
1398
1689
131
522
226
166
199
87
719
287
533
470
305
444
320
1554
202
163
689
314
842
158
502
187
84
163
2236
1674
189
23
491
1304
1116
1554
1109
991
1505
317
335
665
286
74
638
471
377
650
65
179
168
1165
282
591
865
1154
333
103
281
1535
43
802
527
161
333
114
8
477
587
173
50
180
666
428
675
127
21
1120
300
338
998
16
280
268
644
1249
859
272
409
2012
223
4
304
843
68
259
109
833
322
80
29
216
774
71
56
285
289
811
335
771
265
75
2916
892
128
459
108
618
542
637
787
177
2276
1119
1818
141
283
51
713
511
2090
1334
114
427
128
755
171
62
2423
314
843
579
1204
279
168
792
572
123
1174
1734
69
623
88
632
602
1541
168
957
860
453
1602
236
307
121
556
184
1822
230
372
481
1021
1047
970
414
1008
999
646
1131
75
99
199
1732
189
719
59
22
395
1874
900
474
3355
75
998
536
1380
356
266
1246
167
166
996
77
1390
526
195
370
60
572
543
70
821
455
368
83
48
344
78
618
1330
509
8
652
359
288
334
918
2468
258
295
1538
180
825
915
1505
383
77
288
3132
748
1374
122
482
8
352
369
51
1621
502
738
150
334
845
726
1548
1034
244
209
148
347
207
386
1256
64
222
1906
809
129
760
883
106
1048
363
795
847
560
97
455
882
370
125
402
592
68
239
469
261
679
771
102
833
1084
604
984
1357
172
1745
128
712
387
1151
103
108
679
149
424
274
291
1853
807
2524
1150
77
800
719
64
592
190
198
257
156
488
374
482
1358
398
151
1518
927
321
135
138
259
416
140
350
406
1881
1380
261
320
96
437
148
694
324
101
2522
450
174
1622
127
119
125
72
1351
205
633
92
135
81
1905
490
101
75
363
1571
21
58
87
1837
430
99
55
125
635
68
722
625
617
659
838
358
160
383
129
2022
1510
403
61
151
221
491
2026
273
199
53
79
1418
287
1112
512
330
110
703
400
96
1994
852
417
944
390
706
1218
132
219
665
82
554
128
558
152
974
759
2
347
541
348
275
188
989
4
292
779
103
469
534
3544
1242
243
535
153
360
154
690
1149
500
1133
270
93
53
993
53
272
689
151
819
151
699
378
1356
135
1291
539
279
260
500
771
722
198
212
800
300
86
2442
559
411
403
240
976
998
686
992
362
1628
366
61
84
709
122
1113
467
901
272
310
1885
109
322
316
671
131
216
655
76
582
426
877
1766
540
46
108
502
54
964
985
1465
250
168
96
141
101
282
569
239
437
435
735
1774
480
500
31
670
75
365
1526
2871
284
480
727
57
1259
325
739
603
617
192
335
441
589
1212
130
1066
360
968
708
644
1618
54
92
761
352
1078
417
148
315
966
306
487
1690
1247
1785
93
922
1582
760
262
162
919
2106
77
299
1956
3
110
303
681
789
611
78
503
373
365
570
94
316
595
489
524
121
194
638
1322
441
2370
1651
153
209
1252
267
309
1112
125
671
2010
43
3052
270
2055
500
475
120
103
1521
153
392
503
93
280
1063
305
52
69
377
96
1097
1331
88
357
631
897
582
71
122
110
162
2276
424
83
2858
73
180
471
88
2152
769
941
87
815
88
329
355
781
118
1163
344
82
1053
205
161
520
142
1227
93
77
1651
71
2120
329
1738
411
380
464
112
48
630
353
681
112
579
691
463
169
1811
283
2017
571
405
616
162
1415
452
205
272
336
1657
734
1090
236
980
179
817
391
3421
69
375
123
1769
265
66
160
73
514
45
535
470
1550
386
343
826
1793
384
1656
774
344
1338
746
958
1586
1494
548
92
959
73
311
65
56
420
753
71
42
1100
412
328
143
491
89
297
468
642
346
212
681
571
155
220
154
349
97
43
1042
650
1580
185
125
169
303
366
982
1225
1459
805
146
1092
308
1087
144
1289
316
385
425
427
1
134
480
338
2498
306
51
1368
2
375
689
722
289
677
387
343
957
513
279
83
2031
291
177
426
311
636
118
376
38
768
420
78
1451
1039
1329
310
1151
314
1141
279
393
2147
908
756
119
305
1896
276
461
248
58
182
91
118
1530
194
137
526
380
119
709
78
81
78
458
601
2238
87
921
129
990
90
518
860
675
111
416
1539
478
515
806
529
464
1781
1160
177
937
4
261
197
336
65
413
247
129
897
439
746
455
405
1742
390
346
351
796
1014
42
820
388
560
374
1225
1121
554
114
436
456
303
1636
78
1071
163
181
655
1338
139
281
339
842
467
82
550
332
591
414
1175
90
65
139
194
372
1470
429
687
275
611
1026
230
62
285
40
88
25
1114
904
547
602
1730
243
282
430
104
1253
182
357
216
79
539
424
553
718
503
371
1903
499
171
346
114
550
250
325
248
153
194
1085
131
1227
2
139
1446
460
283
166
1233
349
69
1175
946
2397
646
2
178
746
1339
1841
1407
371
84
531
2224
96
725
86
2187
858
134
90
123
309
121
518
650
70
55
734
370
300
74
584
900
259
985
844
123
41
764
516
944
381
929
111
723
234
761
462
1010
306
490
424
73
131
703
369
442
131
81
429
645
106
176
381
2436
598
261
771
334
547
1433
174
111
853
1130
117
569
484
214
318
158
473
66
762
871
610
284
1047
366
529
314
94
145
98
1310
364
197
102
1647
362
1044
1073
728
105
70
120
341
1987
2091
189
269
138
63
408
482
862
83
335
503
805
470
464
415
1495
170
2714
1180
361
339
207
1052
1832
392
759
195
286
73
75
829
344
458
1055
1649
149
277
194
525
87
579
472
1937
180
61
1179
1061
1367
241
1851
1014
100
129
207
163
72
145
50
70
476
384
266
17
1084
512
897
1759
2144
1589
1388
182
352
129
258
2204
450
27
243
302
1039
197
357
286
332
115
592
259
681
760
178
296
831
504
577
91
27
171
642
270
129
127
1263
876
894
284
1392
44
595
471
897
78
1021
210
971
431
1070
297
137
1415
367
482
284
161
54
234
432
305
323
1725
469
955
308
103
311
1032
117
2022
2141
259
2767
2333
135
646
764
361
893
573
40
294
2424
526
217
2327
42
706
997
270
244
2266
1956
95
283
104
1204
1985
203
298
544
1106
150
750
88
788
534
1929
67
748
1108
444
791
736
372
195
557
293
1099
177
763
112
152
745
76
1103
248
621
115
69
83
431
50
194
145
748
1548
97
156
2684
552
264
574
670
800
613
110
192
150
139
1459
1976
141
578
78
338
378
57
838
359
1478
1128
367
406
756
450
1764
96
276
932
128
206
470
481
1263
1518
555
966
811
1163
572
1302
339
2186
183
418
1872
67
185
297
90
729
1116
136
6
2233
435
265
1154
161
152
69
155
913
826
931
870
295
662
74
377
655
602
1117
35
581
1392
76
1078
1882
95
1703
396
312
487
1868
403
39
110
2376
896
477
1326
808
52
1332
1104
80
74
759
517
258
113
168
1467
68
498
560
524
294
184
1022
111
140
312
540
119
1267
564
368
337
170
2978
93
1495
589
2241
1686
3593
722
425
740
510
79
1069
1226
291
307
152
102
2216
3134
83
1226
127
200
284
1724
1139
258
389
2684
146
57
1020
1148
382
438
280
622
325
171
1537
525
173
706
569
142
26
337
106
114
822
1791
752
511
74
1358
295
904
205
1007
2607
91
336
253
93
422
616
402
833
109
375
1628
263
60
104
125
821
1744
1116
333
654
477
2208
378
692
670
1507
1811
357
436
1370
774
146
603
888
131
792
145
34
591
1
290
239
311
89
1446
1205
303
672
2760
2589
396
1558
843
1122
544
713
767
343
517
16
171
137
986
1086
418
2580
599
21
98
68
251
639
266
47
392
188
713
1418
623
849
614
1025
1826
158
1535
605
767
541
1923
10
531
141
504
281
472
489
745
40
270
328
742
665
605
23
67
703
104
263
235
509
638
1228
154
1151
528
1857
693
499
1016
879
2307
527
270
333
436
435
496
122
562
520
435
3622
115
245
552
3586
129
137
550
449
410
370
792
2345
564
902
383
67
282
317
106
763
2494
108
545
521
3187
100
256
163
638
1366
88
469
263
778
182
95
375
39
892
74
284
92
1642
1578
85
448
1501
161
250
268
192
489
223
258
27
786
390
324
113
287
497
973
1334
346
1840
596
818
322
102
1023
503
709
900
163
955
178
220
476
621
1092
394
1075
317
52
324
281
1461
404
2476
180
227
903
60
320
303
466
1722
190
313
268
449
1689
14
1552
328
140
594
2776
633
319
1170
171
150
289
1804
835
16
132
233
356
83
365
1083
779
985
482
143
210
96
303
155
654
1215
443
448
367
134
2438
3426
461
345
220
109
473
263
1068
238
213
148
80
110
1401
412
632
2131
708
1148
145
905
1708
354
452
186
258
219
106
335
450
634
150
402
321
1222
107
121
86
257
433
191
80
948
811
53
1689
312
619
214
382
140
1782
647
272
437
34
320
937
3
466
110
149
151
152
663
289
134
351
280
1488
66
584
363
172
526
645
830
884
430
544
861
67
743
881
531
101
1553
724
489
512
90
517
66
639
145
937
110
475
303
117
85
244
153
270
594
1054
420
192
118
32
109
1525
863
831
1880
564
2272
272
363
91
934
604
438
611
318
950
218
554
511
125
255
52
874
857
429
98
986
351
484
1406
56
273
127
65
2592
552
347
626
772
208
606
435
190
558
268
81
136
350
278
1
339
830
60
388
3
108
416
719
269
171
45
501
79
744
77
648
2865
87
680
1334
1491
461
564
144
1123
278
372
305
210
721
336
1268
248
358
173
936
46
2814
1787
860
257
555
547
138
149
389
586
1540
2676
3709
824
1032
51
88
198
102
1248
70
503
249
454
545
737
924
430
103
792
273
216
577
239
1449
876
360
590
118
705
171
422
143
806
426
1054
280
1275
51
612
270
705
938
278
1730
111
1022
641
92
865
412
547
423
196
483
65
119
230
1706
1048
178
485
755
858
144
138
2093
228
1803
66
137
789
1716
2600
379
486
22
732
57
1060
2963
270
172
643
704
154
304
769
263
1122
482
12
798
240
267
2693
160
392
466
380
1
299
48
553
187
662
1125
297
92
279
24
556
1264
268
100
306
69
49
541
968
1517
429
1589
548
86
168
1118
322
81
1082
376
691
441
772
51
2451
204
1657
1543
531
1332
168
93
647
604
1112
620
160
1382
360
538
3256
3150
327
82
137
926
458
195
104
1787
385
327
287
355
116
616
2596
1035
262
2543
272
559
525
103
765
2307
1071
550
669
187
777
515
149
481
419
108
671
148
943
117
604
126
264
1062
1601
204
303
290
768
487
784
179
1594
533
36
876
297
1744
4622
1502
1504
547
253
42
166
341
600
300
127
1714
1094
402
359
189
751
430
327
2699
656
1290
779
556
133
381
231
257
54
440
67
414
553
1402
1625
85
736
372
133
664
405
477
586
560
169
123
380
112
152
471
477
1091
1774
390
198
2789
1153
176
267
69
201
436
149
476
550
412
933
209
79
226
1304
975
715
272
105
487
138
61
206
226
669
86
804
72
52
1147
803
2756
1111
153
444
92
148
188
519
90
1798
1483
267
124
160
448
80
1016
891
609
227
76
443
1372
71
136
104
207
1583
76
207
164
1324
597
478
496
164
753
1278
258
72
887
152
1263
1130
106
1143
245
1851
105
351
109
366
186
447
757
287
1400
124
770
353
316
960
1436
409
292
1991
586
531
401
439
680
1205
1190
210
1167
168
96
765
1508
683
84
107
538
311
373
429
1065
188
1085
857
1805
782
789
828
73
900
406
958
516
815
81
163
1300
2135
190
828
405
115
14
2149
82
1466
193
94
478
831
307
239
214
286
202
530
2108
383
63
411
761
103
208
238
252
223
148
945
397
61
78
109
539
1451
223
2181
752
1130
94
393
124
341
1322
150
588
2883
79
182
119
2145
1528
183
293
537
576
121
284
1222
551
150
228
779
154
55
306
3159
1180
382
384
2959
1680
615
75
259
1483
165
319
219
366
210
16
372
340
117
1219
472
1887
89
805
329
342
114
99
561
944
77
747
116
512
72
2167
786
170
2475
563
413
675
113
1132
240
131
1423
315
858
16
181
351
1014
401
96
364
275
1354
943
991
273
409
199
2453
319
862
58
2504
1269
952
1236
132
349
986
349
79
386
163
495
798
74
49
1398
517
116
124
1199
258
459
150
674
909
321
98
10
1638
737
149
542
922
654
425
1288
285
131
2295
62
988
1319
141
786
83
262
144
191
927
383
592
586
624
938
1159
780
79
3042
399
2912
225
2251
41
830
332
102
1554
737
303
855
1808
1397
993
438
209
66
258
490
109
100
2211
572
97
1061
101
346
1
1500
66
264
1517
1098
609
363
443
255
324
369
173
772
1621
1030
143
842
1107
24
156
1015
490
168
1973
992
518
1328
83
316
15
935
475
1086
900
132
247
181
181
818
498
1122
213
1562
1531
8
329
348
514
946
320
333
129
312
507
603
303
626
409
81
2866
131
369
76
1520
1473
895
76
346
73
914
1065
963
451
527
429
929
605
786
888
293
852
74
1015
326
71
322
332
11
288
74
1385
445
350
1179
724
142
1252
1371
462
736
56
133
157
1158
46
154
317
564
476
271
1907
1032
323
2141
361
117
1677
1913
110
1468
285
1983
530
2629
258
1052
324
756
527
675
109
413
582
123
411
636
131
180
425
1127
740
299
91
838
365
538
1058
304
96
212
111
261
617
481
2494
182
778
464
72
815
642
265
343
566
103
601
630
2044
910
522
65
799
995
126
1547
1890
634
361
91
113
47
987
1085
251
204
102
225
481
407
305
111
1752
1081
654
1850
135
561
3978
653
2133
1075
822
1197
589
1098
112
1085
114
646
269
584
569
328
575
339
530
230
646
109
2
199
443
343
135
697
270
2153
298
547
510
483
87
1205
1937
284
429
790
458
72
792
811
114
264
220
65
452
316
529
926
635
52
3707
484
712
132
1269
142
52
538
1545
613
371
138
361
176
388
493
561
644
342
1231
635
873
500
1078
290
1050
328
536
2643
1750
306
78
664
775
1147
1235
2274
690
662
8
201
113
666
807
1307
1387
104
1553
220
900
137
368
517
121
2592
108
909
1089
1186
393
574
281
599
552
203
97
524
796
406
268
110
66
588
92
209
694
573
186
84
373
1065
462
279
228
109
153
340
322
58
135
156
542
381
1546
408
289
250
970
1360
85
386
494
241
618
697
67
1269
1222
555
333
656
457
977
715
725
975
313
295
315
77
318
755
1092
276
223
398
89
313
651
763
718
85
3
1608
487
306
116
130
503
1467
850
338
1245
102
63
231
1437
844
783
579
109
419
163
31
362
314
334
571
380
628
89
192
2204
1349
36
2352
640
89
85
268
380
43
758
199
241
663
89
221
2444
345
66
593
1940
2436
2
1207
62
727
637
538
126
993
101
9
223
362
705
377
1769
335
738
303
155
418
624
260
217
177
262
230
2662
396
2763
1254
1179
78
411
619
180
145
670
349
1114
35
1637
77
497
475
37
561
156
640
477
338
79
380
189
1519
15
113
502
118
486
271
707
296
1514
91
575
965
396
678
1014
1439
3337
316
1728
3322
1591
691
160
182
81
933
2316
1364
101
572
3919
472
779
126
500
52
1081
245
117
503
537
242
353
371
128
1065
1875
630
1666
1216
66
65
3173
115
2723
708
254
479
275
190
761
1125
549
691
152
494
681
2146
2744
851
1761
813
1730
346
849
807
313
119
261
259
755
537
1213
873
74
1148
151
974
64
260
1187
321
317
761
184
566
989
124
1685
193
1812
1454
148
90
171
124
213
516
231
251
596
297
304
204
6
1092
273
365
1397
516
478
408
265
1067
1040
149
281
593
101
54
62
88
129
1465
229
155
134
864
956
312
123
149
90
436
459
41
95
342
649
2723
746
1521
342
118
166
36
29
327
223
290
430
272
248
145
338
107
638
2006
986
1752
2
470
107
609
1140
540
397
407
797
357
997
1596
2627
902
1739
88
219
2
318
103
220
128
737
379
1339
234
789
739
82
281
11
460
260
60
1829
434
783
1856
111
200
47
1188
464
733
321
194
73
35
1473
156
189
2837
381
326
442
201
215
223
624
230
262
367
111
759
1581
287
139
652
574
167
70
144
614
95
283
559
406
123
286
421
384
1098
341
153
8
1175
827
126
1509
214
495
845
615
603
713
450
865
124
3008
441
79
2071
1151
469
324
646
10
6
99
2157
291
425
26
623
510
141
1298
155
922
720
491
647
141
433
236
263
1299
886
885
69
97
186
380
589
344
1133
619
208
200
802
138
1961
1088
1338
114
527
1450
76
258
409
131
617
263
554
2159
387
267
309
190
592
211
114
228
182
215
373
49
365
324
436
89
1102
80
1326
434
680
261
471
352
221
415
1256
293
88
491
1102
1254
52
858
365
238
873
143
147
468
130
462
63
1452
465
1435
538
91
748
1134
506
59
2317
484
752
90
981
242
333
261
510
717
625
397
602
4
684
353
844
868
3126
370
1238
430
101
558
1558
268
905
99
165
265
1525
368
75
1088
386
287
526
294
130
1609
471
738
646
242
127
1154
758
324
223
655
948
105
592
88
356
911
166
431
355
691
37
98
547
254
183
1873
136
97
633
316
514
488
149
50
132
1804
260
652
48
1047
65
159
505
92
72
423
218
61
845
474
1010
31
391
197
479
39
418
808
168
373
489
96
1413
154
3228
296
737
754
911
297
602
151
998
200
359
1141
849
302
755
239
606
490
655
134
114
158
492
217
787
419
127
63
193
306
1192
793
598
307
1246
277
1226
543
191
719
811
691
138
68
662
652
64
1057
245
429
429
101
1018
173
84
63
122
311
331
328
578
782
413
984
196
1474
347
267
346
1031
1731
115
533
70
266
633
16
667
483
527
73
198
260
323
215
458
1323
264
1327
1443
1228
581
96
746
65
265
511
278
70
73
59
76
103
141
222
3114
404
340
79
69
294
416
1186
571
4122
2088
333
803
282
312
1885
267
1077
194
215
1217
496
424
282
273
189
134
442
319
338
480
87
158
614
2142
145
690
906
561
591
690
116
1405
146
524
599
786
474
99
163
123
891
257
195
95
410
86
600
208
520
229
587
340
296
98
3
1419
721
142
363
148
761
131
139
68
1319
105
786
118
150
3220
365
287
480
714
317
725
535
1944
193
167
182
276
915
852
1210
444
8
295
257
102
46
316
764
604
137
703
331
890
136
609
371
71
43
1752
1392
2247
468
472
422
91
55
313
1079
1418
783
655
78
387
78
286
117
1322
2666
991
259
1049
586
1189
960
1110
307
268
271
2787
134
681
956
188
2610
896
304
51
71
258
434
1458
327
392
362
650
413
806
416
594
2089
349
313
277
346
672
557
236
49
407
260
161
355
407
558
324
267
345
1
1471
362
1168
2083
595
495
304
67
258
101
1156
546
509
402
133
1088
1753
14
116
645
470
68
260
190
614
402
593
478
89
387
316
470
912
85
1368
269
115
63
340
588
1062
102
391
130
1156
187
1623
128
283
697
738
347
73
322
1989
104
184
1289
304
1144
349
654
987
366
115
791
1945
559
484
607
406
449
568
234
412
1332
250
391
221
84
391
1497
445
2070
703
3621
144
702
2377
397
873
163
342
566
418
508
125
639
236
338
135
1277
186
352
87
88
157
480
373
51
67
417
344
2004
820
3
342
402
313
72
348
109
434
346
52
910
1269
401
687
96
98
341
168
261
109
347
59
78
116
494
341
337
420
321
589
932
1196
7
311
147
2
477
