real_Parameters :  airy 	 failrate:  7.16E-4	 Fm: 772.5048  且最后的Fart/Frt: 0.5531134368		   Time :  5.266

877
651
713
183
386
646
203
869
919
1733
592
1063
942
829
781
769
467
310
35
328
1728
1719
496
1330
454
832
789
663
596
78
114
371
239
434
178
177
203
1061
76
682
302
72
94
1072
1564
901
932
875
173
1660
1269
332
354
488
137
631
271
638
1752
1552
90
244
1076
420
1226
692
1405
1023
265
368
1341
49
68
793
413
812
702
1349
1898
974
3
373
624
903
1281
800
824
998
946
91
1132
38
1329
444
885
1370
988
725
429
1503
853
820
1072
38
503
267
1236
187
55
3
640
342
275
991
840
609
882
600
92
813
416
586
1842
821
566
1375
33
1671
18
1636
189
212
139
720
149
133
791
163
1028
895
89
877
710
104
899
898
1120
1533
917
1930
1378
85
1269
89
848
783
33
934
188
1296
763
281
254
209
83
213
3
665
508
406
115
72
285
76
303
944
974
318
801
106
1841
34
2006
793
421
706
234
1479
535
1166
281
1620
539
1515
83
2003
321
187
1961
578
757
374
69
274
753
770
140
145
520
2041
655
998
562
401
1853
69
696
964
1352
2003
1540
782
346
854
908
1615
483
242
146
170
1195
54
613
1324
1330
368
44
272
1735
287
75
33
1007
826
1607
1285
787
588
963
1618
493
964
993
3
703
790
2029
408
272
1748
1337
1807
387
165
690
953
921
913
272
307
1902
1246
1124
1752
1002
947
1368
1668
737
1848
633
1275
1692
847
1996
936
2016
597
1448
951
1713
505
521
729
757
169
620
600
1528
1191
3
184
934
1161
341
159
306
529
1304
585
1333
586
930
1174
1052
1015
534
621
613
94
1678
502
567
1562
1296
952
701
104
329
212
1017
23
571
1956
552
399
606
854
171
674
139
1525
1004
1540
1265
173
651
770
588
356
701
118
783
1360
323
750
539
661
68
551
192
1806
1677
129
1986
650
162
1255
772
408
1133
1917
995
569
858
9
344
786
699
141
923
890
870
861
763
765
565
3
135
908
1546
811
840
414
830
148
1072
761
765
908
829
430
73
1337
735
874
784
709
1002
252
606
1380
9
354
740
512
197
1649
179
993
546
1626
1657
198
21
1077
592
916
702
1128
856
845
724
383
226
76
702
917
757
977
805
750
768
282
160
306
548
603
752
2017
180
1813
43
1335
1143
71
1140
788
709
1449
52
826
218
952
438
307
1869
1847
619
739
1627
1649
1825
1270
68
1438
288
659
36
1522
515
207
171
1117
1480
1786
254
688
624
1717
1090
387
1809
244
44
163
279
567
510
777
801
1481
553
69
321
532
755
732
403
880
1227
1167
576
1061
226
1860
875
211
1677
1009
18
631
428
501
426
904
47
518
1328
800
781
1394
751
693
1554
811
1239
477
1391
38
2021
686
144
1246
1024
931
130
350
942
1181
1745
1593
1016
880
913
984
1826
1873
1639
887
895
305
581
746
1652
351
144
941
902
1947
854
1136
41
1908
61
77
336
324
528
321
846
1852
770
1180
809
572
84
643
331
1363
315
1324
940
132
951
136
859
189
1919
1174
838
1716
5
571
180
321
767
426
1651
879
355
378
1023
605
717
537
165
1416
1970
1943
70
1775
556
332
327
1887
552
544
1283
1901
1556
617
917
592
1367
1005
1618
388
1797
299
1867
823
1701
1160
550
331
882
620
1011
1256
466
721
557
1220
240
1141
140
2048
98
407
589
612
401
551
308
641
593
297
38
720
693
1126
578
789
469
41
572
999
105
964
966
1165
756
1686
953
583
56
1084
1162
84
1396
220
190
207
868
479
722
629
999
191
1712
9
1107
1196
764
786
183
402
1014
767
1314
630
557
1686
298
830
1300
1871
971
576
1789
891
994
36
517
1077
672
141
878
532
874
1086
627
410
1231
870
278
1357
1541
1359
74
381
956
392
262
469
1264
123
1411
1408
197
170
886
242
288
5
625
1156
369
421
170
573
201
856
3
282
596
692
17
1586
538
350
718
974
34
43
142
611
1787
451
660
369
1420
1424
884
159
646
1024
881
931
852
764
1212
2017
732
1182
699
1720
262
1374
464
1317
924
1011
702
537
1915
729
1812
994
968
415
90
1850
36
1006
596
1697
423
824
3
752
611
1475
78
744
634
172
962
1083
321
86
897
59
714
877
721
264
1217
787
217
1597
225
159
1225
1246
684
806
710
437
146
1798
787
1152
1973
264
48
1635
1643
827
749
101
183
33
1633
432
1536
69
201
208
20
178
281
1349
1795
273
829
411
941
323
981
1772
1134
541
758
648
312
448
1623
458
832
1405
927
748
1371
794
935
133
1687
214
1639
942
344
33
1788
846
1087
459
851
265
81
861
146
751
460
824
659
1596
169
711
555
958
955
1521
585
393
1735
642
65
732
246
934
484
1877
183
610
340
376
1079
1608
892
277
1036
1154
736
581
1002
1808
1291
683
301
767
1674
168
412
1523
450
408
937
364
1130
866
744
53
871
171
2022
1969
149
188
935
480
559
899
1006
1508
154
46
1818
292
817
892
902
1323
380
472
220
988
3
309
691
2047
184
963
549
96
1263
245
883
1591
146
1968
1793
1731
1598
905
1207
284
574
1470
190
551
917
870
115
379
646
57
1769
81
715
842
908
812
1213
646
1779
548
71
102
950
97
1422
649
873
514
1675
294
120
1338
585
1576
749
443
90
759
811
570
1063
745
1638
181
1773
972
375
515
1620
266
834
145
1745
868
1650
45
517
2046
1370
423
470
286
1901
859
226
1249
354
42
1050
264
885
1911
1386
434
954
1839
147
1342
714
817
861
651
532
150
2021
348
1227
5
684
297
144
2019
1752
683
606
1823
467
259
730
1449
3
172
809
340
871
800
774
69
6
563
74
1786
97
1613
275
1629
1190
177
193
1847
34
531
1003
982
1528
2043
329
506
385
717
268
384
249
521
739
796
343
772
76
337
600
88
111
298
2001
376
731
896
89
465
1017
1458
307
53
517
68
340
41
654
1337
405
313
278
564
614
1061
91
1751
269
678
3
566
1592
1928
1636
648
36
432
45
780
310
961
765
942
294
1841
725
1458
216
696
757
295
591
670
1289
794
1970
1814
1122
377
982
530
1299
274
66
483
884
556
273
1378
349
826
54
439
872
676
906
356
572
1023
1371
762
833
906
752
6
3
836
933
545
805
485
733
162
2011
1006
159
833
738
157
1426
38
781
466
527
44
1725
965
2029
102
1763
714
65
1008
650
575
302
319
2039
151
1277
889
361
131
544
1089
749
94
1561
111
34
891
748
1708
304
991
72
71
107
281
530
1836
1086
654
213
1617
70
1487
312
230
704
153
957
1660
637
132
294
1527
632
593
341
688
146
257
995
152
324
80
35
931
1016
635
859
513
1251
1956
1899
428
212
366
708
72
1143
370
538
290
1902
287
663
96
879
12
669
508
433
969
1184
1807
1684
174
435
72
583
1166
643
973
830
145
164
616
648
401
409
91
933
156
9
230
2003
456
1602
350
91
399
681
1018
939
1311
1028
49
461
549
641
429
716
52
17
259
1556
632
1587
638
661
400
438
1991
1525
1218
1113
311
626
915
76
3
1391
228
163
448
280
1955
805
1833
1451
1304
330
1473
517
954
20
1304
681
410
974
1802
1015
65
584
266
275
689
1890
39
530
1006
746
298
1916
346
296
1224
918
993
522
887
1553
1932
679
83
540
310
1645
1279
565
966
386
284
96
480
762
332
89
155
213
379
170
1371
253
1529
414
941
680
855
386
419
367
1298
949
148
920
922
757
375
815
1975
877
1702
118
680
182
1000
145
342
350
5
1992
1156
1882
121
916
426
261
724
1448
885
151
1066
370
905
801
226
1308
371
338
400
1808
176
159
174
864
836
969
3
842
932
209
518
750
1333
581
1637
503
700
129
362
922
190
983
261
74
815
1160
147
891
296
115
150
38
1194
1036
813
1696
823
533
370
1823
1681
875
529
145
151
580
551
732
552
459
395
1608
1896
674
21
393
715
1949
1537
532
200
654
908
852
10
948
478
771
535
1303
46
412
134
234
692
630
465
683
541
1484
585
144
68
540
1830
950
889
823
981
654
178
135
277
932
981
327
607
369
919
9
759
1703
158
1216
683
1706
50
1750
38
746
482
262
794
500
773
834
1814
723
89
6
78
826
1870
528
399
409
501
194
804
1908
1842
218
694
498
485
102
1299
709
1591
73
568
736
2030
1332
675
969
2037
1913
34
2017
786
896
1760
894
1233
68
1623
220
1598
587
633
780
362
549
527
192
420
168
486
761
1727
705
1770
138
795
1003
542
68
346
651
1731
678
570
470
603
38
612
365
1096
1483
1721
1691
1749
1567
76
562
1475
1603
1656
795
784
939
102
1823
1335
1664
924
975
605
1014
1265
84
997
802
1356
1978
692
974
51
913
1364
104
1059
1839
725
625
426
572
1350
87
751
778
624
3
876
488
1651
822
186
456
1478
845
854
156
909
731
673
1196
917
1023
1716
490
153
1687
173
408
180
246
840
372
1716
842
915
499
189
2026
2021
673
738
1185
1446
598
1389
1014
409
1836
862
321
846
798
948
1903
314
1425
1265
1050
798
497
737
529
374
643
1599
562
182
1924
986
36
293
1168
716
101
165
176
310
372
1023
385
411
1006
495
576
36
138
998
485
737
141
981
474
822
665
1397
42
114
404
840
1676
90
1052
79
668
2008
164
964
388
2019
280
1048
271
776
560
1721
843
120
73
1030
913
950
607
595
1057
353
314
1982
1199
486
360
759
1701
683
1733
1958
365
734
7
721
942
263
693
697
685
46
433
1537
1597
671
525
94
1002
720
1930
926
897
516
642
824
644
231
908
1575
1818
594
867
378
760
893
253
162
366
701
216
1133
39
297
1866
873
1593
1607
1958
1210
1359
312
76
160
657
581
462
280
640
1005
1218
658
1506
1020
67
1243
1348
691
69
130
402
132
816
1370
1186
717
1679
688
18
1744
1844
297
1040
202
503
719
820
1499
300
357
587
374
795
228
366
901
931
932
71
81
1072
718
430
3
271
308
130
812
488
857
1855
716
427
386
1064
774
1278
788
1645
832
78
302
820
101
1251
107
737
546
160
797
711
487
18
1426
466
3
96
149
3
1413
718
443
5
2021
168
707
693
1702
570
854
297
900
1872
1596
262
1114
778
1638
260
1104
250
95
1876
3
3
968
1365
1523
795
1132
174
873
819
574
635
968
1499
927
1820
1926
168
728
1849
600
1742
556
19
216
2040
165
1538
807
37
1137
579
911
1020
1011
846
761
33
1570
380
572
813
834
994
718
781
167
1994
515
722
961
275
740
800
1842
782
1155
304
1132
912
332
1018
979
280
681
1031
538
1876
35
89
1780
338
1788
1536
607
546
72
921
971
1017
107
1028
87
965
1383
19
92
340
356
1493
544
24
788
1936
983
522
611
663
623
24
1012
1918
1633
285
1865
1869
1995
40
940
1723
80
1361
755
584
859
1897
514
1818
738
106
1590
707
1221
1382
183
157
952
988
131
1728
545
1476
1346
613
583
1141
520
249
340
19
909
72
265
908
75
1046
103
1399
386
1633
815
1909
156
152
275
952
65
559
1641
418
1452
214
943
864
672
1536
3
307
378
982
1104
209
433
3
721
849
651
1829
406
887
1921
2044
958
521
576
1152
45
123
422
1423
352
1701
1279
1620
28
640
1130
94
936
1212
1215
1017
410
781
219
1005
836
1818
333
206
1953
168
858
1190
294
289
796
687
675
449
784
1147
438
239
363
693
1659
983
1533
978
44
1943
439
341
931
132
220
57
1209
2035
690
172
239
934
1249
584
683
996
599
1615
1757
707
333
1388
1728
1489
163
1251
293
7
252
195
347
953
959
653
704
2040
766
33
844
118
555
1415
811
689
759
959
1253
1800
154
701
152
114
909
1107
313
543
656
1297
326
1343
322
636
923
855
56
793
1149
230
1534
232
916
911
879
813
139
1253
825
1199
287
1411
78
87
166
1337
608
3
569
263
585
1762
262
915
981
616
1656
1349
815
919
1812
419
376
528
81
1941
1104
852
193
1482
751
447
1703
358
133
1686
129
1692
1038
1586
857
1963
105
777
1745
1635
619
353
113
741
893
1987
760
1238
1410
790
351
163
1624
373
72
296
119
654
348
516
545
1288
649
1381
1795
754
342
977
1647
343
692
27
76
1476
771
1897
807
554
1316
526
102
549
422
168
399
331
1218
309
789
171
81
677
1589
652
858
1009
807
784
265
988
617
659
971
155
766
293
1289
685
24
1564
838
236
162
474
91
84
753
389
546
77
1821
1940
992
1537
782
848
143
300
756
416
692
124
836
5
153
508
284
793
149
630
991
669
886
119
678
990
354
239
456
182
866
651
24
803
558
1509
876
425
88
791
15
33
928
1169
19
877
437
207
1045
1724
42
306
448
1256
492
1359
831
1687
129
932
1131
720
2036
1
240
1244
744
342
280
569
574
90
456
155
383
559
2006
231
520
27
350
73
1726
549
1099
687
540
270
561
1017
1926
1242
717
501
132
687
1080
1677
1203
1606
305
1175
1422
940
149
298
378
2002
310
1066
519
946
24
602
867
397
991
262
1338
1816
995
601
20
1298
1651
964
658
144
1593
300
885
1965
261
5
828
546
593
1456
1189
1245
1362
1430
1012
718
378
513
546
1
1109
1866
551
267
579
1156
654
667
206
300
411
555
308
211
517
900
276
697
748
420
639
821
793
1747
1445
699
312
138
886
821
710
1887
284
776
1466
671
610
808
1574
1856
996
546
1802
38
1486
20
83
408
635
236
727
895
545
766
919
365
528
575
207
530
696
392
920
603
75
1821
742
681
116
893
621
976
733
1546
190
924
1875
967
957
2003
931
175
1702
1017
741
1006
1409
153
1694
705
125
870
167
1578
382
1765
320
915
1199
911
549
343
43
259
852
275
841
174
825
848
767
884
906
824
1284
1927
524
247
2024
701
718
824
1709
272
1821
87
517
947
1506
1855
135
1765
1728
139
1952
1009
430
410
1089
328
803
519
922
1520
1864
1019
1005
810
927
485
1626
779
700
1002
397
65
830
1003
375
757
882
82
485
1893
453
1605
1352
67
899
702
133
326
839
165
1420
75
1518
1540
190
199
1021
593
711
637
545
545
82
901
716
37
396
256
1740
607
1993
1063
323
907
1205
1528
541
39
7
857
76
1030
820
699
17
917
719
887
697
777
44
588
1206
2038
627
101
468
1540
1501
901
911
1711
217
703
949
1007
534
1803
36
787
2031
2029
139
1151
23
317
282
1958
962
1336
829
525
2032
904
318
463
227
939
494
29
1741
1609
645
13
819
554
1463
322
934
932
300
1170
1268
898
109
1799
1018
1576
794
572
1430
283
1014
807
570
1031
755
5
1978
1942
633
777
370
953
66
216
641
132
952
583
1090
438
524
1110
670
390
551
521
1760
915
607
973
3
1710
2020
48
134
79
554
705
1657
145
753
636
860
158
301
792
134
545
565
668
212
1013
655
712
337
1354
682
1694
451
719
1371
787
708
395
898
569
1186
547
404
1652
952
915
181
181
3
66
776
7
51
1986
1937
586
770
93
1005
34
82
656
244
616
5
2039
665
779
955
976
922
1730
652
891
197
966
490
1641
667
403
1330
158
1762
1549
1635
1575
3
133
243
973
1195
157
837
567
1059
95
878
1547
703
327
892
205
912
1980
830
601
964
1858
986
1022
1259
1575
919
735
874
603
677
655
1289
1386
718
1110
174
169
39
1414
1122
858
1286
49
814
280
738
1958
782
568
79
983
1175
363
537
1860
1157
564
1005
516
273
481
1770
588
87
960
1469
41
793
1740
669
254
1427
956
566
1860
159
732
1791
45
142
667
220
531
292
3
360
1549
596
977
81
1640
727
847
707
228
836
1401
1007
629
84
1748
1720
18
186
102
589
1938
116
16
78
357
647
728
437
1228
1058
406
783
619
1257
34
892
991
432
1051
570
1991
404
157
1371
1016
1969
74
654
908
444
870
773
343
687
1676
335
52
1988
158
798
58
248
1366
524
1738
348
189
1292
1738
1371
1011
315
736
719
114
867
1007
992
533
601
579
1216
1327
641
309
536
732
557
1740
1456
736
1676
770
909
1057
978
1335
751
198
954
1897
596
1777
852
1928
78
397
939
1287
890
408
81
1006
5
586
390
1780
464
183
221
61
1533
18
308
838
785
541
138
344
1627
196
405
1633
1146
78
526
1664
774
1074
1940
990
531
1139
197
171
983
155
284
149
76
1511
973
1759
1507
1402
607
278
595
1969
1673
1090
398
88
946
931
896
879
150
841
824
887
1911
162
1594
233
917
1413
899
474
852
552
147
42
555
1664
972
358
614
800
1128
1307
520
355
263
671
972
335
92
1644
246
160
1878
637
701
988
555
1001
1785
93
1909
1616
593
921
915
190
106
670
1664
768
246
1132
556
66
785
112
415
1520
532
984
73
1091
1096
345
1340
721
1745
944
461
1531
1702
634
1566
578
1124
1791
432
759
558
859
1494
634
167
1919
256
944
1532
125
1967
965
373
1834
65
915
698
710
323
1443
700
739
594
547
37
604
1948
43
936
669
34
1561
114
768
1748
841
750
740
725
1756
667
635
1924
1905
50
657
17
270
676
420
220
201
1058
1948
881
147
300
1976
533
800
1967
278
300
1711
1015
1018
233
1805
194
333
83
96
340
1893
44
307
637
82
1202
642
1879
1812
1801
1032
334
207
679
619
514
719
790
967
473
70
619
807
1622
815
948
446
452
1845
945
199
547
35
982
14
1331
137
883
710
171
74
522
579
130
1202
538
1717
49
2018
384
1180
615
643
316
679
1889
791
58
1428
940
1518
457
536
1400
99
832
411
211
171
152
327
110
826
730
224
968
612
1599
94
394
74
828
929
578
1378
76
665
1376
3
1297
973
734
860
1657
1702
1016
1011
309
2023
410
821
981
93
517
160
1045
794
669
948
54
903
632
17
1309
71
518
1707
1574
1180
86
998
519
1280
723
676
1916
526
986
295
1372
424
1016
1874
1186
1544
1443
551
423
1697
1809
704
218
1094
1904
1898
555
792
768
804
769
1870
453
139
629
517
362
762
699
654
184
1668
1885
884
185
166
1195
127
630
262
1335
303
500
550
1455
336
3
384
1982
773
281
330
55
842
909
67
779
86
41
874
979
322
555
1118
471
1073
623
894
1889
735
218
1184
1928
999
1625
69
1485
139
753
1004
134
405
787
847
1075
70
1755
146
716
641
361
940
1635
874
2015
1376
488
214
42
840
705
470
1571
39
498
648
655
670
939
1418
76
84
683
1774
1252
952
44
982
749
67
23
905
108
261
938
404
435
512
996
585
360
1580
181
1756
603
959
1519
1934
516
30
351
389
810
1018
653
1333
90
1689
93
848
914
255
6
669
1321
870
505
264
917
592
780
857
798
1182
622
618
1764
1385
862
463
186
1013
509
794
836
607
84
1148
809
560
1785
889
1525
987
438
821
153
656
615
477
727
1505
509
732
574
713
1057
120
756
747
782
337
724
134
241
1108
956
1591
436
277
95
808
871
543
90
624
793
794
875
1110
786
1109
1395
1804
1909
482
614
833
648
838
904
993
204
325
294
1627
233
48
1482
407
271
132
372
552
1159
1017
1729
1410
1851
1574
1242
689
180
990
665
1716
752
727
1182
633
1301
1894
1787
267
515
1504
402
717
1489
286
1687
736
1278
847
437
198
322
737
153
1200
150
1651
1590
85
1419
5
1957
454
22
5
954
316
122
915
381
531
1176
645
949
6
510
42
43
909
845
40
1499
46
1329
818
280
1743
427
68
108
34
845
592
1664
547
99
1495
985
68
992
1853
1370
1460
739
257
991
1489
656
825
576
155
311
38
543
502
813
603
353
66
855
645
19
437
318
982
973
2036
41
2012
675
1064
2038
525
451
420
89
900
1430
1777
273
1344
1639
917
2018
1361
638
1008
1520
947
1564
144
767
449
978
671
691
459
306
839
425
1023
7
1181
1393
463
1819
893
773
1573
1887
673
492
499
2000
707
652
521
752
567
645
965
805
686
603
1369
323
233
618
1963
38
929
356
1268
802
963
2047
180
986
273
718
655
1368
431
962
268
1320
1816
1426
188
572
141
1229
855
180
665
313
1216
523
1568
1274
664
497
1905
410
1726
583
1172
716
475
145
375
1063
900
723
290
33
287
137
507
641
286
531
981
607
551
457
431
1292
1614
932
1738
668
1228
694
1093
1978
806
1189
138
611
31
766
576
1883
82
1179
671
503
895
66
303
390
1134
517
131
765
354
1623
1128
642
653
1509
88
669
895
793
1047
397
1086
139
488
768
691
567
463
1085
97
347
723
178
317
298
47
187
669
1014
1382
821
1622
1863
528
489
848
308
803
990
659
130
1013
1409
919
856
1142
136
900
1648
313
1058
531
778
746
413
604
549
377
1851
439
369
578
184
978
278
190
270
1682
950
696
997
1743
365
641
175
621
662
978
930
244
65
362
1606
139
490
974
647
1407
1783
2025
748
1919
1670
402
771
6
1204
134
33
1933
1469
167
170
899
416
563
130
928
3
996
532
708
764
873
1675
1619
298
1053
1456
1894
1599
218
365
790
651
752
751
1090
1404
1013
956
629
145
194
974
405
704
1747
1687
1480
915
1400
194
566
371
997
219
618
1049
942
1105
1115
1472
724
963
199
704
280
725
292
1915
190
566
836
262
1674
1135
570
214
1574
755
713
1515
277
3
441
551
186
832
35
775
929
929
396
573
210
21
672
927
1192
41
866
190
33
551
580
823
1940
1622
577
512
1464
1022
790
1134
615
1412
1687
619
430
732
148
1361
659
1847
262
690
995
287
777
1435
696
1297
66
905
1647
141
704
1274
320
817
114
793
740
943
918
65
706
760
534
568
782
141
46
36
1829
67
537
1893
575
132
1134
290
1725
86
544
710
867
167
600
207
618
744
1525
1659
1847
576
94
1176
920
1666
795
1698
295
420
38
589
975
293
71
1766
637
1294
741
987
1007
1010
526
962
1525
637
3
211
641
1262
136
932
356
42
1962
887
1087
1220
312
105
323
217
596
1460
1925
1048
696
166
1160
107
1576
1767
1500
1706
1805
1764
451
786
1862
328
523
1887
457
473
1801
970
997
638
930
74
1414
559
1454
1161
746
855
19
1000
265
335
70
894
999
3
634
1839
676
1861
1563
816
501
76
2016
1486
1032
837
436
261
931
1286
91
83
45
1032
744
607
44
65
1226
1181
64
738
1088
1665
984
1210
1866
948
1869
968
521
1567
223
47
965
946
744
173
437
335
992
955
1767
77
282
795
209
834
968
275
2002
836
22
310
266
968
897
648
1736
42
1830
659
174
18
914
687
806
93
39
815
793
664
626
823
535
1995
178
791
1423
406
432
439
807
1004
784
2002
816
1166
12
331
678
361
623
1845
102
655
758
135
1212
1092
606
1331
806
88
1029
790
558
1511
2033
136
68
1957
782
1235
381
1175
1450
713
426
774
874
1331
701
1559
91
1083
192
152
1722
702
1457
105
985
739
136
341
151
933
908
459
20
991
1459
930
39
1437
1628
1039
476
237
487
309
86
1731
854
836
462
691
636
1333
1067
61
3
872
1437
934
170
767
1384
1571
194
49
398
1206
966
44
1236
1750
1256
861
1522
1211
319
34
874
499
1186
673
861
787
1338
649
641
858
1449
1110
72
375
383
1571
447
925
570
73
220
620
129
325
41
1734
1172
1409
622
36
725
996
662
133
797
670
518
106
457
639
1390
279
210
603
618
2016
978
787
399
333
998
265
9
136
1631
847
493
391
2044
820
1008
1212
696
520
802
888
291
358
162
75
961
356
398
760
1844
954
682
916
1775
710
658
530
924
1140
54
1052
392
688
354
1128
621
150
512
1017
1031
1155
1288
367
35
1402
42
745
1767
263
1693
1850
1543
571
2042
53
580
228
314
1762
81
264
618
879
1273
3
1330
954
914
186
778
1803
181
861
1662
523
519
1547
605
690
463
1318
512
337
323
815
268
871
1820
420
591
379
582
260
1088
1518
1708
196
830
429
1790
749
1493
819
1983
1810
1001
696
586
307
1669
1613
676
628
220
847
1778
216
1119
1783
327
1988
153
225
39
1493
622
913
729
914
1388
577
1937
1376
1904
91
812
959
10
94
1252
88
73
804
947
1855
802
506
542
1628
782
153
151
750
690
288
570
397
113
620
1540
343
181
1014
1257
1885
139
687
1487
854
474
856
394
1404
827
401
504
837
383
424
1287
897
257
1723
911
175
702
1497
176
1087
973
756
838
110
545
341
476
295
352
1103
1526
868
419
848
701
114
5
728
515
1010
1180
917
893
440
322
133
140
470
535
73
157
1867
1074
1239
1192
1540
101
1474
706
462
1229
220
529
574
674
554
700
1422
83
271
68
14
167
1818
593
2017
3
345
552
345
1043
118
1462
600
799
1296
166
254
519
229
1526
660
177
522
996
442
557
183
474
1819
664
92
1006
3
69
947
640
1530
683
951
436
1916
758
1535
616
267
616
864
529
22
1822
142
521
668
324
877
258
695
1585
1780
1612
750
881
339
136
739
143
3
82
679
807
994
415
88
985
9
321
868
529
441
12
927
602
684
756
1446
1164
1280
733
581
858
461
1801
806
3
1200
1425
814
822
459
502
854
318
522
156
72
1018
421
927
277
1845
147
668
131
962
193
600
268
838
516
