real_Parameters :  probks 	 failrate:  25	 Fm:  1449.7784	 且最后的Fart/Frt:  0.5610642408		   Time :  159.6838

28
385
217
664
826
1222
306
1349
1136
1672
1634
1116
1996
1492
2262
288
2181
1425
2633
1822
1678
1532
2783
1303
1720
482
989
141
3136
416
1686
2200
272
1725
37
3946
800
2029
729
472
4561
228
445
456
1863
559
694
2631
2471
1176
36
3295
567
1408
1221
4692
1492
94
3128
573
1606
2211
1212
761
1148
2011
3324
1750
248
2226
1314
4171
212
974
4203
2432
3372
1713
3583
1243
1898
1517
236
2139
3767
1570
32
661
3386
3594
2272
146
575
1687
625
30
642
1851
795
1813
1665
2133
813
1801
615
1240
352
576
872
1242
1708
1899
1093
2903
1090
422
153
2004
1461
1944
3152
1672
1395
64
330
1094
3424
290
8
332
681
1357
648
1402
506
1113
235
2641
476
600
1542
851
2701
2408
1649
2484
437
2658
1462
494
1478
1160
2127
947
3046
984
1021
1971
498
3572
1334
1499
1532
3139
11
2209
3426
1907
2878
2695
228
2825
699
2874
48
452
625
1384
671
2480
1794
1123
3263
1394
417
681
79
406
374
1218
1753
2322
515
2200
100
2650
145
1895
3406
1896
394
2895
43
502
1196
2107
2685
1137
1065
531
1079
755
2118
4129
3161
2711
124
42
86
2483
1784
1412
2328
1239
4792
1542
2806
3722
1185
2037
13
118
1872
1606
2330
2173
1306
198
1089
2029
1260
2904
351
2428
2035
2899
1759
2148
1716
2401
1777
278
2212
1646
2387
1530
2186
73
66
875
2517
2499
3397
495
1255
4165
179
2073
330
659
1105
1957
344
992
3019
224
2148
2263
2033
2072
749
855
950
127
2115
525
1408
57
103
3273
666
1064
136
1365
882
1217
894
1848
1028
2689
4059
975
3615
973
978
1795
532
244
1529
427
1484
1043
2068
2681
1410
2766
1542
674
855
109
4387
375
1640
1549
1119
1518
1053
1464
3972
1666
1299
2473
1474
1650
2270
2357
5
731
3397
1866
1406
1163
2330
1928
757
1426
248
1681
899
979
794
177
1165
1037
2453
293
2064
2941
1014
1777
1688
1504
775
1675
2462
1242
181
89
3535
765
313
2350
2673
2517
3348
2288
1508
627
1109
1881
522
1820
806
715
849
2399
3403
2025
2791
2043
1851
906
1360
3057
1895
4150
652
1449
493
1495
1187
1487
2226
107
1095
3430
2104
461
2295
1405
1695
1319
3113
1440
2301
1827
525
160
601
1288
4245
502
380
123
333
4010
173
2714
713
3408
206
3
539
1341
1947
2865
2129
764
1627
985
490
2606
1726
2383
1918
1698
2161
1764
1955
3445
2083
1042
233
1477
198
1622
374
1282
704
2325
1878
1281
3209
1915
3654
1864
945
965
2296
2968
1416
3253
522
2259
262
1093
1815
1162
3413
988
297
2371
1685
3078
489
681
3028
2331
917
20
769
2004
2003
1214
1100
1307
853
1820
577
1738
1617
463
1262
675
1205
2276
1871
2290
1538
1876
2370
897
2250
2105
468
1246
3724
262
2187
1800
2305
1308
2804
1694
650
212
269
3317
846
1127
2373
888
1905
2905
880
1418
101
2149
387
1104
2954
2501
420
2388
1081
1081
519
919
3565
30
1638
2070
411
644
1979
2540
1097
1325
1347
153
909
1742
1349
1619
1358
882
1715
1107
2716
890
2182
1390
2398
3796
318
2475
431
1621
257
923
1897
1361
1641
39
26
3837
1471
838
1725
3162
2172
125
708
1847
647
1946
158
1903
761
4484
966
636
662
335
390
91
900
1482
946
829
1217
3367
2935
869
1539
2082
1813
1964
2869
3643
585
1251
1888
454
457
1432
1163
1067
2234
1372
2235
1246
980
2541
192
1015
588
1025
1068
2092
68
504
480
2756
1567
1011
519
1617
450
204
259
2375
1134
1465
1867
1973
723
260
3543
718
999
1036
36
907
2242
2103
763
61
3430
163
520
1567
534
2572
1259
859
1163
24
313
1292
119
80
1564
3127
807
243
186
2660
1472
4452
973
2415
2172
60
130
1454
186
1436
85
1417
322
692
1708
708
1317
2068
1662
1231
1896
1794
1863
2540
214
1423
1538
1619
482
2488
1213
3171
1430
727
1639
2849
3177
2237
684
665
1925
2490
1656
1509
1893
2424
354
1701
1320
1065
1965
1514
2609
593
1368
1506
462
2104
1851
1639
908
383
7
1634
344
2667
250
1485
1613
133
1279
1608
3202
230
819
3737
1495
1645
145
223
2406
2240
62
1519
1780
844
785
1435
340
1083
2837
98
800
1004
2100
1657
2589
4368
1234
902
1688
638
1479
1702
1884
654
1085
714
1467
870
340
25
1729
978
756
1021
2563
1628
1547
459
265
1270
817
686
686
1585
1732
1163
1970
2550
1363
774
424
2880
630
881
518
769
2297
1463
590
1362
1199
2283
1696
16
1839
225
201
1946
531
3288
2233
1585
2453
1931
517
1736
901
2827
3590
1241
1806
3565
219
1706
3517
1770
59
2034
3384
2149
915
1850
750
694
623
1047
603
2200
902
1573
1261
1767
977
527
2229
1397
235
1071
3191
3498
2574
623
1842
232
904
1734
318
2073
3159
597
2115
1061
508
1289
5196
2974
635
2471
2028
848
2687
1195
490
2342
1664
2444
1376
980
870
2714
1313
1839
699
1435
1974
429
480
1497
87
267
145
263
641
1077
2137
67
694
947
1221
2808
1119
400
454
3341
2826
565
1289
749
750
466
2548
3040
2686
1953
2413
1585
1359
403
4224
116
1435
1977
2437
1936
1754
2024
1547
94
3765
245
2692
848
2367
3119
40
386
1308
1987
883
1920
3279
1456
411
1738
1739
150
427
1598
1935
1925
932
515
183
56
744
1822
3127
878
364
4542
2040
736
974
716
4033
4747
2519
393
1586
2800
1277
2751
1243
2200
887
213
2728
2455
995
954
720
1772
4500
1348
1560
2729
527
2320
1291
708
1391
2359
88
632
78
660
2473
1058
3329
1692
74
1223
3528
226
952
1727
1472
3
2218
1878
1560
249
159
158
1881
1864
513
1759
60
780
763
1455
1731
334
2513
1805
777
580
1922
1199
574
1712
2572
715
1876
4090
4
2048
2968
218
856
630
491
53
2415
2233
606
1286
972
1184
945
917
721
1904
925
2181
2045
2186
3030
754
2585
2091
689
55
2423
3150
1157
1960
1831
1883
225
631
1606
1731
475
1655
1780
1893
866
2678
1258
610
1797
2555
1909
76
2606
730
1425
282
1954
1875
488
17
1422
2914
1474
670
3541
950
3538
458
115
490
695
146
920
344
1801
1617
2098
2746
831
1031
1252
2932
4559
312
1505
1234
1597
1643
2082
1171
2885
617
1328
908
1544
424
949
190
3795
272
1060
486
252
1130
891
1499
2008
433
941
129
343
243
315
831
2350
2430
465
1371
3268
861
337
855
266
432
1002
1863
211
945
1418
2170
1614
527
1138
704
1902
941
814
548
2318
1165
1469
1220
1705
4237
1241
82
1124
1271
3239
2131
3278
2533
2190
1276
909
376
1373
184
1544
1476
957
2186
1945
545
1153
526
713
1121
1549
223
2100
2133
996
2536
3013
114
4497
435
226
978
2270
582
2735
1425
1930
273
1382
586
1427
1642
2288
619
2022
985
1207
2984
789
1649
2426
173
1733
2060
614
3313
1500
542
1491
1100
3376
3434
1448
857
340
671
2529
1002
1792
1536
1278
377
2737
560
1609
1308
755
1967
1442
502
1479
2288
2096
2059
861
1287
599
1295
14
2007
2882
1637
1881
924
1281
2924
444
379
1832
295
1698
3384
559
296
2559
2001
1557
1854
1782
1843
228
1226
574
2011
1677
3322
676
928
2044
446
243
3417
160
625
1287
2270
742
2094
3758
3529
169
878
1165
3549
594
663
2161
761
1888
3489
765
1974
1283
2251
113
1704
837
64
4204
1393
2010
2944
1050
2801
2316
272
1986
605
348
3052
1894
1815
195
2519
2289
335
1493
1589
384
1439
1446
1391
618
2467
448
1124
277
2289
1044
1627
986
542
1101
327
471
1548
890
1708
961
3385
1746
839
1703
2931
1143
1374
2319
269
3407
1217
309
3487
527
228
1423
1811
1193
2812
480
3265
1554
3282
1964
1558
1297
3823
382
2690
1023
1903
105
1109
988
1674
3225
42
3838
177
2895
490
3922
1001
2855
2533
813
1395
232
3201
1824
763
2227
3066
1557
1720
445
24
237
1723
1521
1590
2446
355
2432
997
1963
660
264
5293
4614
1984
3069
749
309
16
1915
236
1662
1412
2291
614
640
1894
2413
1036
628
333
2210
938
2422
2299
1523
1125
2355
676
855
44
1137
1408
1373
1390
335
3292
855
1087
2504
128
1038
1821
2559
2752
180
2326
1554
2075
1272
360
2177
1394
544
1172
1464
1894
1280
1672
2474
303
1406
466
125
123
1945
1142
356
360
578
623
279
2188
576
2256
342
1400
1095
1519
2766
338
801
3085
304
3111
1752
648
420
480
2257
1178
3074
1269
864
1416
581
9
2141
625
2579
1018
2910
227
62
1159
100
1737
2137
2214
473
279
1791
681
2537
4242
932
1367
1032
672
2840
179
1194
1503
1624
151
271
501
561
282
2182
42
2641
2711
2268
1943
1848
4202
1272
216
204
2172
2274
688
1625
617
2997
692
1853
3903
586
2523
730
2585
1267
1438
3074
3026
1179
1742
4891
2824
2193
192
199
1305
1926
2728
1590
1998
1402
1392
276
4372
4162
669
1701
2591
1159
61
1882
2309
480
2198
3438
923
418
920
326
805
3132
1989
941
405
915
2200
2450
1729
876
764
4600
2523
1841
2928
380
977
816
1968
2141
188
4658
856
1034
1541
967
591
1379
88
271
1783
1089
2150
690
2764
860
397
996
4764
860
1537
2097
37
1901
3161
46
2584
2351
2614
417
2777
1497
1574
2735
1553
3052
440
2373
1668
1790
1887
1662
1185
1202
4722
1024
440
704
3399
2612
1175
809
1007
348
1291
877
1202
3011
996
291
1568
707
541
638
656
1061
3084
38
1607
586
812
2149
1567
1310
283
230
2444
221
1297
2315
1469
1796
2863
642
1351
2362
398
1548
711
341
345
560
117
2014
2457
871
1253
2947
1586
1908
910
2062
467
3000
601
267
1182
2306
805
891
1690
1892
3634
1263
1211
1244
1339
1452
900
1993
2384
1146
639
4091
1076
1304
251
197
3643
1436
1138
2533
325
1142
2999
561
1799
408
629
123
259
11
594
1669
1110
555
2633
2202
775
2846
1295
4193
966
1082
1087
749
1411
5063
1626
1121
562
183
1139
90
2678
1776
333
2788
828
1727
273
442
154
2416
2549
1399
2221
652
2753
4927
1682
2518
502
4221
2511
2456
818
2063
1176
2025
331
1531
2710
518
932
187
413
3800
1474
2483
1734
779
1313
1174
4443
1192
1107
2706
1482
1606
1262
691
3114
2139
2351
1363
372
2987
63
589
453
1916
112
507
2266
110
603
2630
1391
462
340
614
704
846
3703
1688
1373
11
3092
1885
2025
3230
2451
2033
2328
994
961
2145
1717
2054
1526
1163
987
126
476
4554
623
1453
347
32
1211
2227
1562
2845
2206
4863
46
1840
2223
574
3
2549
2143
1510
894
1329
2011
220
2088
353
1837
2578
176
1959
943
2049
1189
416
3774
457
661
223
1079
3823
1348
383
900
697
71
2646
955
976
1241
1391
1932
840
2813
797
2869
769
629
1637
1638
2865
1100
3675
442
1417
2454
1068
1172
742
1925
1871
1173
582
1575
1360
1512
1071
859
646
200
1557
375
1107
251
2179
161
1073
1074
46
950
2820
1959
263
3208
1439
1637
812
2863
1740
918
1304
516
751
754
1588
1415
263
447
3412
141
919
1685
4262
1896
1374
1737
2836
889
1844
1137
22
267
663
239
1698
2172
1470
4010
210
918
2188
2279
1127
2032
2351
2727
1789
464
79
3031
1352
712
3310
2815
16
3276
2408
679
649
1789
1175
3061
1589
15
694
309
332
95
89
957
1483
2195
2265
4140
2004
2018
1146
1293
224
2188
1292
918
215
1565
2524
1210
2106
2074
671
3056
1047
1630
969
2832
2139
1506
1003
2056
583
2686
1989
2365
2748
1793
1756
181
1241
913
4609
2002
1342
1213
2075
649
1224
1589
1787
3083
892
1329
965
1533
989
2147
2326
140
2416
589
1157
1436
546
2325
2776
1200
396
748
1616
803
1487
1098
2303
1703
2957
1384
2753
693
501
436
1123
704
1487
2644
1403
2698
1217
2101
1691
2850
742
2364
3474
1888
2048
1657
2359
1316
1747
2097
2024
258
476
1908
129
724
959
1653
498
3010
859
2504
1394
3160
834
1770
2949
1495
1116
262
1139
1338
631
737
1080
1390
561
1266
1959
862
2700
3490
877
2836
277
3404
310
2056
156
2070
514
326
1439
3990
1478
760
20
699
46
239
1332
3860
1158
2415
84
2699
264
2247
2241
495
21
827
621
1360
833
972
383
3695
15
237
300
678
532
1449
777
640
3785
655
1821
1424
103
2289
3044
879
981
925
1366
760
2588
2436
450
826
1944
195
450
1076
600
77
427
284
1166
1008
1240
713
3
694
1770
2240
2303
431
1239
1324
2669
2221
871
3168
1740
2020
3122
1301
1209
2923
1521
1192
62
426
3766
2707
2028
2418
678
1614
1294
810
2550
809
135
2770
1232
2462
923
1988
721
845
1241
1411
2961
263
1243
1469
1398
956
830
684
1998
1406
2076
540
2677
4334
3541
2276
1216
647
694
206
2732
178
2619
2522
1293
1964
644
2709
569
1115
3093
3312
987
739
484
554
2054
193
2621
393
1009
420
2111
172
2856
884
1334
916
520
784
175
877
1881
1285
1420
1111
1556
554
2157
1581
2116
654
267
2786
530
3517
2110
1773
1132
906
770
108
3317
2039
1116
125
517
986
3243
1237
3681
1932
859
570
1402
2682
670
499
877
1623
796
396
1373
1109
2447
43
1237
2178
1227
1728
238
2248
693
360
1112
1405
243
1668
2343
633
2641
2523
1840
1767
336
2814
3568
1947
689
1463
25
199
1971
1663
2566
1426
2195
125
2322
908
2749
1773
978
124
2006
1302
1345
3428
1461
2105
421
888
372
1609
894
2004
3582
190
899
784
1551
122
1703
1474
493
392
754
339
511
301
1167
34
2399
1490
1219
664
39
2093
2517
548
568
1193
1476
180
328
1385
693
1318
727
2637
1301
221
108
2564
1953
326
1008
271
1783
3091
352
2833
1684
1123
1883
850
251
919
108
991
1152
2202
1671
2000
873
418
398
2069
2663
1252
466
1826
927
1112
469
2320
2636
1550
1586
1502
707
1342
2223
1271
2615
1321
812
838
1829
2651
943
1606
1599
1101
2860
3150
956
202
1252
331
758
700
51
2392
897
1936
2587
1340
11
1353
1447
2362
1040
541
1141
1090
996
965
2679
2354
1226
2597
1444
1592
1720
335
2613
1080
565
613
435
74
3149
518
1622
2085
2135
3275
1738
596
2040
2048
178
1300
1124
1168
1651
435
1537
1589
223
851
2405
721
2149
3453
927
922
689
547
1176
4073
746
1203
1012
1232
437
264
485
921
2243
741
1804
918
1535
22
94
309
876
2572
1625
618
633
528
999
52
367
1224
2377
1272
1323
1681
646
470
223
2032
1441
642
2015
1941
1708
2733
1077
1483
482
2912
468
3363
647
2245
2519
1499
3343
1027
236
2202
2038
3738
945
2378
2502
1116
3545
1415
1543
260
839
810
1000
38
2474
359
2247
1097
681
347
1132
225
25
1284
759
295
544
1360
547
131
1102
349
2019
234
2805
2809
542
358
728
467
983
2551
754
603
653
2586
1046
2029
949
1138
795
2060
200
1130
709
2053
604
1704
1613
2569
2049
122
1153
539
399
984
2268
895
1318
345
876
3391
1000
1377
299
1719
840
1091
294
1067
2435
2916
1985
1593
369
219
2759
3357
1871
314
451
1129
799
456
2079
1074
1155
2344
1778
3006
2941
1119
809
616
1824
68
1939
2601
247
323
850
1883
808
1298
602
428
568
3973
104
2460
748
2192
219
463
1576
259
2229
3297
1448
2337
1126
1187
2984
1441
663
3554
1602
2021
623
1671
2784
1296
347
743
1021
1861
1493
2593
2115
2078
126
1456
3846
1002
3600
770
1382
1618
238
1407
340
1671
1585
1419
1987
1884
1680
4098
2892
1032
353
535
529
582
1574
646
221
185
2308
1841
264
920
4026
2232
2292
521
116
694
1355
3347
1153
2790
274
442
1517
875
2836
1499
1006
436
196
758
404
440
4447
1521
1460
196
3911
2192
3474
2577
1015
1759
74
3463
425
1030
3198
900
3616
2436
852
2734
2626
1299
4203
1302
926
1852
2798
249
4539
1407
154
2681
664
1884
581
2968
474
1647
512
2432
170
363
1434
1095
1223
1232
1610
822
956
383
1607
1532
1040
1334
756
2986
2353
3388
3064
2306
424
4345
418
3990
473
1990
1613
1662
4572
1810
2469
434
268
3040
80
1216
1945
1428
1891
2807
4452
1974
1088
1251
584
2945
2322
242
2308
1338
1218
1049
1008
843
182
285
716
4034
2012
1209
50
23
2102
3042
106
45
2607
1592
766
706
797
428
1184
2475
1397
899
2423
2091
253
39
3409
1891
558
1262
433
771
1058
2180
647
3558
1445
1876
159
927
2343
2383
1281
1629
1220
1347
19
1361
2378
44
789
1412
1872
1409
9
2547
1005
818
1383
759
570
2376
4609
236
668
1213
1760
1501
1332
273
655
1687
527
2140
498
2618
1374
1803
1094
1367
1280
1107
772
901
1511
1750
1271
901
2527
932
137
2587
1587
1691
1584
2021
170
2872
461
2839
2129
187
1824
997
2140
3710
87
1313
644
340
3311
150
1502
1595
616
985
694
1878
1563
4212
2339
3378
826
4222
1602
207
2809
828
3413
1913
746
1452
400
1057
1296
1711
952
3044
2122
3964
2665
2553
1646
251
322
992
1253
45
713
313
2481
1286
447
77
2573
1196
1520
1734
1049
732
3735
2406
3020
4091
635
580
2299
591
2193
2833
773
221
684
1398
450
728
1343
377
1080
2877
698
1445
1296
2008
58
380
1174
477
787
765
1898
751
2388
2959
1735
286
2861
3955
2984
1676
2878
1640
1768
2147
1650
1149
532
3017
1828
2036
1682
1457
2202
1623
415
2180
1505
382
350
2023
3115
1218
1111
908
68
755
2332
214
855
473
1798
261
1022
819
1656
320
2707
392
1815
1219
379
815
1581
946
1211
480
2234
2650
1557
1193
2950
1935
1332
995
1638
356
2786
1795
801
661
500
2649
599
330
1220
1380
3413
620
112
2515
1943
2594
1077
120
1464
2585
374
106
1635
1666
1628
412
1329
1302
570
1148
621
2675
702
896
888
580
747
792
1745
433
237
958
680
1564
1856
587
350
1047
3294
1989
2691
1246
608
563
2498
848
1136
1099
604
287
92
706
1627
1019
132
333
1132
467
365
708
1268
1588
2385
1846
359
179
1257
1951
1041
2501
1580
628
1475
3260
2108
1216
1820
4514
190
573
1344
1288
1152
331
3115
1982
1484
541
1752
2500
365
1220
2390
5243
67
2622
1558
2907
765
2098
2184
2065
463
1583
1866
2559
3684
1836
2185
1264
1204
2624
2034
3214
201
2417
577
879
2604
1939
512
56
1053
1692
643
2900
2559
1514
1835
1144
232
2271
2564
679
3796
2487
631
1624
1316
2639
1092
940
562
1493
1071
524
956
2542
1022
991
3860
226
460
213
134
1100
1944
3174
1021
629
1
3601
1680
1207
322
2906
1154
286
567
158
1832
2490
1997
1689
1842
2039
1823
737
2520
2089
130
1230
5710
2738
942
439
1180
1507
617
963
867
3487
1203
211
2846
1603
1820
708
63
2484
113
3246
1034
1256
1194
755
2617
3400
1851
915
1630
1538
866
166
1282
1578
999
2124
128
2963
1270
2265
412
966
1566
1743
147
6
1891
2310
2519
680
3256
1662
2056
731
1294
1385
609
383
2523
533
2506
2310
2976
2575
1528
512
2211
1418
808
1489
2551
2596
959
75
900
1230
442
808
1125
157
1110
824
479
24
2456
612
1195
2298
3627
2058
190
1737
1121
1786
1310
2775
553
786
3397
675
329
1772
1080
1049
1936
125
1295
2567
2057
2228
907
1615
8
628
999
1930
3853
658
633
2607
1904
405
3150
1191
216
1046
736
1637
2969
496
3614
2713
239
1785
1929
464
1062
706
151
599
1490
284
81
790
372
1485
1030
2279
142
64
4529
290
2894
3571
1561
715
1167
240
1150
538
2549
496
1169
2019
286
2231
1430
633
3036
444
1483
999
2206
1184
556
912
2231
590
2513
350
62
2028
1554
689
2643
4278
1148
1722
65
1135
2779
728
314
2280
2429
1579
1615
2156
799
1852
392
2120
412
1376
1147
1380
634
1594
907
1930
3134
1108
1385
59
2334
2351
1638
1169
1956
2792
2206
2723
1871
577
395
1258
555
859
524
1411
518
1497
3142
1847
1871
1402
2412
2486
2166
926
1769
3674
1368
2363
1813
1533
1130
1355
638
1129
2115
26
2499
258
1105
178
2071
2943
2225
1463
1250
787
870
476
2440
1976
3878
1280
2192
1033
492
5165
268
1311
1240
2624
2018
1133
50
1073
2985
1502
767
329
177
1729
1501
1001
1053
476
1048
517
638
67
2467
3160
1099
3143
1417
119
2432
551
517
1616
3903
2615
3995
2072
2808
911
2493
1355
926
1073
2245
267
721
3679
821
435
439
3426
2319
2556
40
1341
1286
2420
394
691
943
3926
1913
2746
2022
543
1391
2400
1211
548
64
552
950
778
1529
620
884
2401
2847
835
2691
677
546
1094
3798
884
36
757
3311
282
2542
60
1202
2212
1019
1395
1098
1821
2406
2664
2649
560
667
930
135
1300
1052
3
388
1505
2773
1221
2118
1388
1973
1349
2645
182
1702
1899
1689
1259
355
2616
965
1374
323
1035
919
157
1057
1040
3320
2457
2483
3449
437
2086
651
1527
2199
1821
2715
3
307
455
997
28
1769
1861
927
2112
281
704
1461
971
245
2420
2079
2793
99
411
762
1928
1507
119
2409
504
1605
3957
480
2395
1232
715
2282
1523
761
1801
94
308
527
1710
784
1388
1466
1573
1
3082
76
889
3946
851
1618
1746
658
314
322
1306
729
2872
2103
2519
173
778
120
835
2550
3066
2270
2035
3618
221
3036
366
260
294
513
2613
2141
29
1702
1898
1062
2610
982
1416
1009
1339
2050
247
1517
1517
1602
280
1375
1183
649
2668
1902
604
575
117
874
2223
1172
1610
1442
101
160
6312
1643
100
1403
930
351
4457
1466
323
864
1008
249
2130
1059
2910
2011
1150
1074
1522
1615
1955
5423
628
1024
1288
1444
1489
1615
906
362
1774
654
1495
2306
356
1639
1793
2305
1224
2009
976
3824
2333
493
2739
1343
1048
1302
2036
1153
13
1929
2477
294
1175
886
1960
2261
541
1166
1482
546
125
2323
579
306
85
1272
361
2587
2184
1652
137
1869
1731
1288
1385
1849
320
87
1858
1355
1793
578
2647
596
1468
2523
1172
1691
494
1086
1884
1381
1648
1611
1084
1171
835
2174
535
382
1025
86
3338
791
1702
1855
1541
3144
1961
4066
1647
38
812
1901
1601
1627
1192
1104
319
2622
521
2119
474
178
539
2862
1341
1589
1341
746
2344
2348
1575
1780
1160
506
2949
2779
2335
170
3105
835
2007
384
80
2978
2789
1902
1407
1606
222
1415
1118
3050
1996
935
3295
418
1014
304
36
1801
1286
1236
1124
774
2987
3429
185
1546
3842
1303
1397
251
392
197
1075
96
194
1971
2834
3238
2423
3364
1877
4486
498
2211
1710
800
1930
1421
1812
2507
339
8
2899
1670
3575
1849
586
593
844
81
3296
2019
1262
646
983
2027
246
249
1201
1503
805
1613
1715
334
743
289
2964
1478
890
2043
1592
142
300
2278
3935
21
1763
753
1840
923
810
3146
3152
480
3624
158
4531
1274
1298
2313
93
1967
1437
884
2175
3055
2186
1489
1687
1975
1111
1843
1744
66
2915
2685
1710
594
1116
832
694
738
3853
843
2206
430
1485
1464
184
1169
1942
660
1888
1107
769
2944
189
2429
257
1372
967
1731
103
524
1344
2340
835
2741
1732
2699
1115
2682
1303
433
848
615
1841
1225
1170
527
2246
2625
1396
1150
2116
2819
1147
54
428
1888
604
1718
1241
515
552
18
807
655
814
3819
1633
2005
432
525
1032
1825
222
147
1360
649
233
3584
2373
814
1215
3872
112
973
231
949
1863
2846
3468
1111
532
572
1816
1748
1405
1476
2323
1348
3208
1198
1596
1370
131
609
1580
2226
2553
2457
265
2370
1189
1960
920
1798
110
3038
2487
481
2305
562
2998
1007
2071
809
1236
1001
2522
2676
457
195
2933
964
1462
768
3499
1676
245
2162
728
420
1239
2188
2944
134
1081
1974
1257
656
1858
1096
2276
1831
1533
929
3594
1959
1392
2945
1506
519
1707
1361
459
348
2937
177
1000
90
2639
1158
1052
1620
3246
1772
1103
1802
1070
1563
4924
2349
525
2018
710
182
1899
1226
739
620
538
3780
721
584
112
2223
1808
703
1671
2971
2946
1564
247
1436
2178
256
363
1938
4050
552
1379
1406
772
950
705
3786
923
2894
2417
931
2728
1449
1128
2200
390
3167
406
1689
2782
494
463
1976
2495
1094
1549
301
894
2697
1998
513
3392
1606
1571
637
2014
1121
1068
464
916
169
270
963
2091
941
2394
992
1713
673
512
841
1727
848
652
831
1563
2812
4035
404
1892
226
2021
116
2408
1100
2022
1003
1157
695
4080
1079
1033
327
1400
608
665
1416
258
343
2502
1000
3039
2398
51
818
432
2183
207
3112
1930
1142
2541
636
3477
367
1522
1597
1975
1519
856
1995
184
3583
617
937
4031
1132
15
3043
2216
3147
206
234
2164
1480
1046
504
437
1485
394
1492
3771
1508
2282
2610
780
132
1264
1781
603
1676
708
2041
2090
1487
450
2006
1529
2220
1287
282
1184
2584
2237
2255
3046
90
1038
3838
2016
1310
314
825
1687
5167
58
134
2930
1059
1946
1045
1154
3092
543
944
1795
342
830
1737
639
955
2012
1295
1348
2003
2357
186
1116
2948
32
2362
2623
1443
1860
1372
2292
397
696
1189
620
1311
1582
1203
367
341
179
1217
633
283
249
985
1736
1196
2292
388
500
1029
1124
3491
27
860
1240
2136
668
227
1616
1070
2606
2085
253
1790
865
1452
1058
1526
1549
2472
854
1135
4666
833
1724
851
841
1524
105
504
983
1702
219
2093
100
1118
364
536
55
1873
770
1245
1465
861
1268
86
1592
2670
249
2101
1365
2121
216
112
1863
249
1623
243
917
2733
391
2507
2454
1907
1597
636
94
1107
2863
2343
201
346
1854
3251
2860
571
2071
60
2137
1241
957
351
2038
1523
4685
1333
591
1981
324
2882
563
1943
1132
1569
350
1220
1442
1048
1704
919
2248
1755
673
2413
1547
713
72
1475
2715
445
641
290
2193
1651
2299
1227
2255
541
1883
2690
139
1975
432
3494
518
2390
1184
2165
1421
2128
1989
3191
645
941
889
834
1250
677
1992
3047
1308
844
829
1787
824
2166
839
1136
3153
534
256
968
188
879
1002
2733
2158
2456
4896
3030
1009
1714
425
800
3080
421
1627
1037
628
961
282
360
3418
2242
948
2743
286
333
1780
1489
447
2333
1820
2079
1089
734
1650
1537
3028
578
1380
981
2175
1377
1635
2029
2461
242
1199
1111
1333
804
415
1685
645
1145
658
1173
241
984
1423
1865
3552
2603
1237
2152
1492
163
1697
1565
632
922
25
724
1458
576
1057
1903
325
1896
260
2743
1100
2749
1377
2211
2993
1118
1506
2582
997
1632
1578
1133
495
1598
3054
4359
1043
1859
1738
1547
633
571
639
2066
973
1494
253
2614
2157
3460
374
1592
641
3030
2069
895
1136
389
1833
2452
3749
157
28
1243
1137
1705
1238
637
2785
178
1843
16
1632
1341
1764
1882
88
2473
149
1613
1135
1514
2158
2015
1015
2347
1887
2407
1008
848
369
729
2097
2315
542
349
2246
1358
2952
68
410
164
1937
144
218
865
703
1646
1766
577
985
33
140
2017
839
1493
2211
615
716
863
455
1667
3217
1051
589
397
1721
2046
2603
1007
1387
221
2656
641
668
1676
717
1100
250
381
580
1360
2036
3179
1722
3097
1353
1068
2270
5372
2382
204
479
203
918
3077
793
1789
2142
2786
3454
