real_Parameters :  bessj0 	 failrate:  25	 Fm:  452.6824	 且最后的Fart/Frt:  0.6215329352		   Time :  15.6828

106
353
335
406
545
129
405
373
322
469
404
130
701
757
429
71
227
830
490
789
534
54
50
332
682
245
60
170
216
486
448
152
819
205
889
203
493
485
446
525
621
278
379
330
403
905
654
307
1061
703
382
6
107
43
347
62
627
109
583
397
145
1024
250
53
791
243
270
150
362
562
366
184
206
329
226
10
255
673
546
480
797
42
872
119
49
513
136
650
210
526
563
383
1006
9
140
12
556
193
919
265
743
140
664
313
1229
264
185
575
559
12
164
42
145
75
445
138
635
856
299
218
114
603
520
148
704
393
121
572
521
535
419
31
848
568
196
441
268
488
598
541
104
266
181
24
438
431
377
897
241
568
207
226
335
653
180
391
155
316
459
252
531
724
147
590
162
370
561
202
359
644
414
105
477
194
363
297
694
74
676
532
146
391
314
406
6
327
146
937
102
377
60
335
233
1101
1445
359
357
105
826
1149
225
681
674
773
519
496
64
1177
584
208
257
230
134
174
556
320
1140
222
615
51
1095
188
3
372
746
593
227
243
3
556
1130
34
55
974
118
172
30
179
317
822
237
731
481
294
389
49
31
599
345
342
296
933
478
231
170
82
438
5
54
904
317
1611
190
228
298
1069
313
386
672
380
532
417
499
641
326
48
215
343
695
199
166
679
836
203
383
625
262
7
743
1795
34
814
242
545
762
83
309
732
59
71
1163
316
308
1767
205
511
657
733
918
76
170
249
494
643
382
328
711
44
835
530
73
633
790
121
163
339
117
686
148
31
1266
814
222
1350
278
630
72
637
1729
650
7
297
232
36
345
433
286
731
58
325
62
354
1283
556
719
1343
132
570
469
831
125
444
599
710
1547
606
187
5
226
1029
309
153
130
262
641
855
437
177
402
208
923
794
594
1164
1203
451
1048
754
394
15
791
441
576
854
192
160
92
453
182
200
637
496
754
466
574
253
663
255
98
431
420
210
821
276
713
187
701
604
376
262
771
569
913
205
574
468
614
506
526
589
1533
63
554
414
892
197
87
889
553
9
70
429
108
270
82
1763
553
573
512
359
259
130
61
17
501
1003
342
514
837
324
193
1176
172
796
218
336
175
415
316
3
225
371
946
111
360
23
912
97
191
365
5
571
125
425
83
618
321
781
310
285
73
707
246
739
45
229
506
737
298
503
763
488
351
533
100
359
177
35
208
877
205
277
160
790
224
32
475
419
617
1034
205
243
252
83
285
181
259
341
324
899
421
11
638
357
149
177
791
86
439
408
688
321
850
133
839
814
512
735
69
251
155
276
629
91
170
668
108
143
38
518
755
930
323
450
547
35
128
859
383
172
204
835
409
420
234
67
235
17
766
871
467
101
88
823
635
82
296
1087
534
17
609
1101
403
1158
727
543
199
360
17
275
757
330
315
410
976
311
532
374
230
355
671
114
823
71
751
125
329
440
151
629
651
307
312
291
797
178
476
180
161
96
103
836
1089
416
667
585
243
122
211
899
605
187
144
341
706
755
273
788
418
1
152
195
886
158
203
18
263
46
811
505
1409
300
253
18
387
876
175
303
368
487
608
85
36
246
122
82
397
55
405
40
344
583
357
102
585
236
2102
174
301
482
1181
352
276
1155
918
72
381
594
242
47
49
230
22
539
30
1012
1078
137
409
113
853
429
629
1026
480
105
292
332
346
312
561
437
118
451
495
26
653
116
715
758
142
1187
1082
1135
476
433
588
499
845
172
197
1242
18
18
1507
25
456
436
134
1002
168
2222
825
605
332
455
491
251
87
392
273
294
208
299
1087
670
540
337
640
823
599
125
406
231
498
391
668
623
310
770
64
391
255
614
289
483
254
172
218
610
247
426
1068
255
334
284
743
1154
632
335
651
266
141
684
335
199
677
192
145
189
337
4
134
631
464
371
111
112
79
330
827
455
34
606
53
718
318
494
1331
1398
161
65
117
681
733
220
1344
32
2008
1086
150
889
287
551
381
41
9
319
846
730
3
131
215
353
912
624
357
213
37
1175
603
693
240
94
797
41
542
178
205
434
715
108
354
1263
778
725
1069
3
1026
8
1135
589
1053
801
53
248
326
180
24
814
361
677
500
220
545
705
323
474
601
121
82
536
171
653
714
187
7
1036
226
1086
162
575
310
181
151
295
692
182
523
479
443
1
217
37
629
377
698
376
187
230
450
829
7
185
68
409
103
718
948
192
382
1154
595
81
920
1178
527
390
67
253
469
936
380
844
1204
88
382
97
29
76
230
174
382
131
920
738
294
203
244
932
202
45
663
227
435
130
3
1832
144
26
87
744
157
1144
337
812
364
381
311
484
322
494
114
251
567
691
89
410
178
1115
50
179
260
163
344
892
571
608
372
144
378
135
52
390
799
608
288
943
27
828
67
140
220
371
173
204
465
1055
229
10
473
1280
626
172
1535
265
119
415
231
721
1292
495
826
650
86
231
188
1237
823
1514
237
224
1004
542
322
822
120
208
231
155
807
923
564
328
218
957
470
16
183
731
10
62
378
1339
1079
1075
1077
500
177
241
191
69
292
106
6
410
125
231
841
782
744
772
540
407
182
717
462
344
94
872
639
88
484
66
187
1038
1271
565
468
1188
829
122
106
1122
520
1204
1219
404
516
218
769
561
200
213
373
72
944
197
55
507
775
322
341
838
458
879
562
810
782
406
160
663
367
117
512
208
1214
355
31
360
5
515
191
904
547
730
760
29
211
227
520
857
818
480
569
219
655
410
519
308
287
583
346
1133
542
521
753
56
265
269
637
528
618
337
610
672
761
578
265
7
87
1110
92
346
700
156
664
204
91
303
130
13
292
730
3
106
111
1395
214
166
317
690
49
42
970
362
416
498
1226
1178
504
64
494
522
58
664
416
721
51
617
44
486
479
134
250
409
410
220
1509
783
1047
330
42
926
224
16
397
738
90
783
489
488
215
125
721
263
391
586
762
581
605
517
154
1042
202
336
321
145
1146
797
351
534
105
233
368
132
159
568
811
168
190
371
536
892
336
489
306
662
183
361
246
133
509
112
142
350
718
570
21
435
744
133
602
417
14
462
618
687
504
956
51
796
635
64
145
84
648
375
458
166
11
509
7
429
346
711
1520
424
936
174
224
1117
28
144
275
122
156
571
167
33
207
609
869
613
17
932
54
534
169
462
142
1215
14
391
560
515
241
675
129
89
444
446
211
431
571
706
337
925
558
452
1148
366
141
771
53
203
1073
576
432
369
1508
89
319
245
484
648
204
608
106
242
146
556
951
512
1009
680
761
262
1045
597
525
660
250
165
607
1358
560
583
73
568
83
354
662
456
556
905
39
539
135
246
509
648
205
29
381
418
859
1163
683
1370
587
360
449
144
197
129
1081
821
245
239
90
316
1241
376
264
683
179
555
74
330
574
26
908
1024
396
1288
507
77
419
715
218
403
733
261
241
3
20
523
284
201
172
846
803
374
1049
217
74
370
723
298
382
263
697
377
61
528
561
479
141
400
534
387
337
21
150
295
281
238
520
107
254
195
821
185
276
389
1676
282
437
124
375
189
569
418
201
2030
162
22
539
293
915
560
381
888
866
282
1190
836
583
300
945
446
492
44
600
343
526
140
86
301
287
745
116
393
129
143
421
357
116
195
388
235
284
330
911
273
178
314
23
357
882
140
127
356
129
617
252
50
124
976
147
239
233
290
126
501
225
1617
48
623
356
180
363
1477
316
777
111
264
18
505
238
231
805
444
617
1002
223
339
574
786
954
249
802
468
157
513
809
393
4
129
340
782
495
248
138
656
863
139
242
472
49
208
715
1102
55
70
986
585
206
271
1325
17
643
1192
52
128
281
563
508
431
544
1162
700
202
178
33
476
642
329
500
1223
89
1132
531
386
70
268
528
39
1267
84
117
443
793
540
346
349
249
394
570
274
465
974
119
360
184
556
251
351
1024
147
607
401
221
386
2007
832
65
91
288
874
37
543
400
612
412
579
591
540
465
254
234
173
789
39
343
36
550
246
692
35
131
1385
111
189
200
260
1313
1131
295
3
653
724
834
67
409
344
135
1022
568
309
623
1073
95
121
215
390
794
2331
39
696
760
833
484
758
313
297
286
267
214
433
307
16
349
431
284
490
149
475
611
531
722
294
14
656
477
404
795
666
454
1158
658
1293
149
72
269
614
168
793
337
439
722
446
592
30
398
78
73
294
895
329
881
892
443
296
524
196
984
537
522
687
503
254
1440
78
245
906
167
177
211
177
132
403
264
605
1558
548
603
125
99
257
712
752
68
418
52
227
834
772
440
889
159
71
534
427
99
119
509
408
80
175
553
281
532
721
261
19
447
765
798
503
1072
339
230
410
294
147
672
416
803
498
134
59
59
664
371
336
352
296
38
852
921
94
56
298
372
110
289
501
58
360
1743
175
339
560
344
617
44
596
749
313
235
327
578
634
286
118
171
204
485
734
688
737
205
119
125
425
567
280
99
495
288
714
42
106
380
1171
482
188
3
177
821
187
325
598
24
803
105
284
286
418
320
837
316
235
592
164
668
601
8
933
505
187
1199
186
64
362
32
38
818
563
787
641
403
416
796
615
839
183
61
164
16
379
358
652
7
232
684
426
369
31
215
497
293
775
82
545
331
444
646
849
834
420
620
499
74
325
148
208
384
189
395
614
872
653
912
144
523
218
445
127
1043
211
193
670
41
531
545
280
383
154
23
342
459
1715
70
391
82
585
492
134
493
712
379
394
407
1590
81
342
226
335
1012
82
199
759
481
296
1371
595
358
206
223
40
264
185
1562
31
689
398
633
678
416
17
526
150
206
150
124
190
738
718
268
39
588
298
1240
276
665
638
816
163
407
145
305
828
14
251
323
813
558
676
325
473
1404
274
624
680
568
257
747
561
640
40
308
168
368
366
58
719
1136
749
534
387
1052
577
601
1016
635
589
359
505
1182
94
133
400
285
171
281
820
615
385
31
645
121
952
310
582
50
851
1116
760
155
75
96
445
267
1111
142
765
312
113
271
627
584
333
788
278
522
198
1610
223
180
599
47
278
52
708
402
463
853
134
515
331
648
251
257
233
104
882
104
554
514
229
444
954
668
419
146
749
216
205
516
116
432
794
958
773
246
89
543
156
469
574
1213
279
621
912
520
1664
418
189
540
69
960
263
249
189
299
833
585
64
552
166
365
549
471
652
25
609
161
877
367
348
316
19
423
339
924
835
1041
3
664
381
32
278
410
448
585
16
180
345
708
794
575
561
8
422
770
570
571
362
303
559
178
271
1472
172
113
42
366
665
825
862
448
25
355
1349
936
173
94
168
237
28
377
869
499
449
101
64
474
536
482
15
287
352
616
887
172
338
539
122
442
19
495
162
119
130
644
953
1126
30
322
803
157
842
624
403
283
976
352
268
59
807
429
61
976
423
979
77
232
287
471
243
405
505
786
64
650
128
424
349
862
428
590
688
197
197
93
465
104
471
411
154
180
905
282
518
353
102
725
793
781
1024
250
94
89
38
388
277
100
129
619
600
567
115
927
63
411
367
336
276
686
153
1224
699
500
490
267
908
16
398
334
275
814
839
381
249
555
489
431
281
9
165
303
103
808
1518
261
628
289
1118
1520
690
233
524
416
130
252
588
1171
675
152
872
181
220
543
804
1208
313
230
354
195
66
27
407
533
452
689
659
274
1247
787
250
1078
1061
1067
356
1348
52
814
261
583
57
617
123
722
816
442
149
398
1032
331
851
178
188
39
533
587
620
140
1295
128
445
922
224
452
677
725
152
499
667
171
908
63
1617
1176
668
397
433
311
866
233
301
345
314
142
674
50
48
502
416
611
340
532
532
1086
1141
13
883
266
1020
86
402
96
284
271
216
594
437
396
578
99
1146
106
619
270
1103
129
636
288
180
1163
643
1031
6
203
511
202
651
173
513
498
558
493
349
653
708
391
359
232
292
858
812
263
244
157
364
380
658
429
810
415
453
219
692
107
174
76
1008
575
49
334
646
406
313
136
547
276
321
663
957
281
490
141
385
350
852
153
516
164
286
178
131
1158
1098
296
156
508
426
1138
565
1044
147
508
576
531
778
966
73
501
668
131
473
413
208
172
291
93
491
175
284
173
15
1000
618
1098
21
713
82
427
230
848
848
505
278
405
964
883
117
192
181
258
173
419
386
1229
34
590
744
853
1141
299
1631
630
266
207
672
152
232
462
511
881
365
396
979
287
354
150
465
794
670
643
486
780
46
774
1182
186
379
847
71
499
565
488
992
408
711
63
403
913
215
550
1207
301
545
705
388
618
866
572
1151
555
225
863
475
31
504
1436
566
679
609
226
547
507
961
486
36
268
758
1304
1081
52
941
926
269
860
600
546
156
420
245
489
466
1083
235
166
71
107
187
1519
689
596
322
530
487
606
224
9
508
187
251
644
62
560
52
231
231
1190
171
975
99
101
54
635
1139
219
343
54
792
439
567
730
82
332
361
277
353
492
173
479
670
92
30
426
707
142
149
770
143
819
531
465
123
248
738
116
138
126
190
396
421
735
269
1121
922
174
916
622
211
493
559
35
557
398
81
294
163
364
138
237
978
905
306
392
879
219
275
138
1414
278
174
490
561
188
27
448
886
305
625
238
219
146
1699
646
724
517
173
224
326
176
715
528
401
263
199
901
228
568
12
331
416
655
616
564
398
717
564
287
931
40
513
272
334
432
850
604
65
1035
996
460
168
358
864
331
746
735
328
73
224
158
293
122
172
690
413
124
52
3
843
71
1146
1112
397
1056
659
831
218
953
683
488
538
2058
28
264
658
549
366
239
400
748
58
351
108
1146
166
275
9
89
422
433
662
246
574
350
684
692
512
29
2469
86
353
242
364
28
291
196
280
679
1076
254
177
245
169
137
855
2964
364
442
526
116
202
545
505
524
162
1154
557
280
906
836
885
15
138
1017
154
47
446
244
403
1084
862
618
798
673
352
302
273
526
218
661
490
1189
120
440
261
989
305
25
1611
288
652
858
32
572
56
394
200
422
665
608
1066
70
434
411
313
726
629
39
206
788
176
326
557
350
411
991
157
149
648
242
391
170
16
1266
267
83
464
7
50
119
179
460
745
426
644
414
892
1060
113
46
3
529
82
458
491
274
326
506
119
151
601
1036
1108
118
3
373
728
568
524
890
513
26
170
5
53
977
221
934
99
474
1443
918
367
304
975
708
134
129
529
679
737
336
500
144
454
478
106
514
292
320
313
336
299
50
735
32
431
903
306
905
19
180
96
455
329
856
808
239
364
565
716
100
120
43
127
1349
579
409
593
422
578
532
1050
131
191
370
85
53
788
374
238
154
347
547
300
577
916
160
56
821
304
316
297
281
718
69
530
359
731
513
518
807
162
847
972
510
369
484
176
927
206
258
162
318
757
572
1064
257
141
206
354
200
96
457
263
343
154
345
408
671
509
254
430
290
376
207
63
294
160
546
818
1306
541
161
795
7
386
1188
39
66
668
266
913
636
248
473
981
680
758
362
590
216
512
312
692
285
587
223
855
661
148
537
859
768
720
526
36
153
421
30
523
13
396
396
152
1155
1608
583
731
1120
792
401
43
445
971
186
531
219
592
121
53
292
690
283
273
1475
519
424
101
211
123
1019
1160
188
1722
654
101
816
463
77
120
124
88
666
731
423
869
840
456
610
330
594
979
365
67
612
141
32
216
856
1194
267
3
85
230
571
856
696
237
1347
500
710
290
713
133
339
268
120
143
937
554
515
583
503
497
852
357
754
133
359
382
66
19
519
424
70
531
418
129
147
101
1066
675
111
445
1134
549
832
13
920
177
369
123
339
824
127
830
1441
339
229
200
814
268
365
88
726
348
605
795
236
214
461
97
111
581
22
630
370
256
407
792
546
250
53
3
161
122
303
277
192
45
970
69
456
442
81
404
3
266
473
1366
542
461
850
184
329
852
1053
147
756
751
1355
411
2643
1294
389
73
6
28
247
670
292
168
1163
224
252
825
163
960
356
110
415
10
635
922
567
1055
793
1002
541
417
513
494
758
1132
131
146
628
178
930
362
452
414
352
86
547
223
350
70
507
491
144
177
343
713
100
342
4
432
457
666
262
14
108
86
334
24
141
21
492
747
288
223
102
899
176
1316
1703
452
1336
308
567
357
89
160
446
113
570
234
153
706
1193
120
1322
60
72
260
300
532
211
844
247
498
203
158
881
720
308
749
553
505
1251
284
525
378
204
45
370
346
315
356
381
293
1476
662
95
409
545
584
157
597
98
539
1015
891
285
391
160
369
296
506
299
240
743
46
305
913
407
223
335
161
322
130
131
276
143
693
382
119
564
490
1128
599
693
539
662
633
653
271
98
700
447
358
375
751
728
43
73
20
1102
435
617
574
480
673
737
786
986
881
58
56
440
756
404
96
97
304
29
293
225
239
507
238
105
190
96
80
47
405
428
455
40
19
722
490
294
617
270
452
881
526
495
655
863
431
350
307
264
422
80
566
316
780
277
267
459
1
396
1409
722
727
625
578
409
110
205
55
242
475
632
80
556
130
650
364
69
197
554
600
888
113
241
270
580
491
312
128
370
209
166
689
123
366
787
842
373
263
102
135
140
263
559
520
913
701
722
120
177
373
167
484
847
327
1049
315
121
986
488
187
270
754
258
153
534
364
156
212
694
468
831
117
275
153
497
1555
1095
130
1045
433
262
334
968
228
533
762
1184
211
1131
3
928
168
1200
204
1120
1427
462
1441
959
203
358
736
427
661
961
315
352
77
451
295
789
207
293
1267
119
210
191
238
488
565
155
628
84
562
206
102
495
668
283
281
122
312
47
976
562
604
718
373
301
300
248
1009
964
778
388
266
891
251
702
1
142
359
1009
88
657
229
353
591
296
73
55
341
720
305
548
73
127
715
394
335
570
491
85
846
762
28
65
156
821
902
803
666
360
15
122
527
319
1914
563
637
383
255
188
64
1071
64
454
200
821
743
570
255
1784
578
341
158
819
538
482
83
469
664
302
681
608
46
25
234
673
18
174
445
643
1055
891
180
458
17
1048
405
91
665
20
1071
1
160
426
96
362
264
311
93
654
209
12
259
30
852
1037
1159
339
116
461
84
622
204
441
306
138
17
574
115
853
666
169
145
1246
210
1071
310
670
353
262
43
1337
729
197
1
514
786
98
40
743
1704
98
557
111
676
1007
426
510
226
24
697
640
559
16
108
535
204
640
613
17
281
23
975
723
32
223
888
618
102
495
362
450
416
390
409
2135
557
266
757
116
556
508
19
332
1137
587
327
944
324
570
1238
163
502
701
727
831
471
389
363
698
746
963
335
725
630
98
493
282
136
323
52
1099
633
379
358
411
199
271
66
543
854
157
263
724
487
701
995
157
158
388
212
717
320
760
1184
3
22
141
236
539
76
436
383
680
90
427
69
101
68
454
311
180
200
744
83
711
559
459
1216
114
366
907
409
261
356
438
1083
501
146
1653
460
8
706
218
109
698
209
427
730
141
253
116
774
469
135
153
334
180
440
54
32
700
693
675
487
316
157
195
567
509
261
33
312
53
411
191
545
115
474
1228
42
3
1060
237
235
678
685
334
773
227
200
1234
610
189
347
208
683
401
61
711
446
483
669
240
292
284
604
74
942
732
743
402
274
290
58
505
452
36
691
60
671
759
167
102
819
660
503
441
84
659
50
632
213
357
337
943
634
23
316
492
322
26
552
2260
194
41
482
518
475
541
17
493
451
322
211
332
72
7
805
285
679
144
1288
48
124
420
788
217
360
118
314
50
276
503
1144
1007
379
1233
841
472
78
1331
1235
98
193
170
658
111
166
572
85
454
445
157
1004
190
174
426
743
254
550
101
929
117
336
618
719
1073
776
381
259
50
483
378
142
919
581
189
802
46
515
223
458
229
1034
407
152
464
12
198
898
1261
692
385
291
609
315
821
426
192
492
639
1017
200
277
663
142
249
53
147
532
218
298
440
524
534
110
641
105
351
681
264
235
7
34
547
491
6
343
612
921
87
430
407
496
788
892
722
341
929
592
135
769
332
89
1269
234
407
435
12
127
36
246
530
504
467
120
428
615
266
664
750
261
430
136
457
418
306
325
1470
921
429
156
176
480
375
462
97
601
786
287
159
283
3
316
203
100
492
13
504
144
491
35
381
107
869
19
631
591
371
888
766
752
150
1267
38
733
473
260
603
266
293
278
62
383
316
480
187
157
595
539
468
113
308
519
479
745
139
405
793
642
274
636
409
832
472
686
663
260
194
674
605
559
311
490
679
836
210
85
1109
577
1270
234
986
239
521
547
349
151
365
315
706
467
171
369
328
391
207
1369
220
1039
738
349
119
771
416
1208
221
653
239
394
303
768
240
785
1113
130
648
426
492
721
104
772
341
577
128
165
265
12
1084
169
746
938
1515
374
240
268
530
588
127
180
18
238
832
292
5
288
17
195
217
443
107
735
206
571
545
590
850
296
158
197
523
466
16
380
293
749
170
260
618
107
931
268
288
8
266
8
690
632
112
606
769
332
103
212
403
476
533
771
232
637
172
463
633
676
184
597
115
233
210
1168
398
447
281
158
563
118
476
58
29
204
16
354
97
1374
307
401
634
145
217
6
217
970
726
368
451
616
278
564
376
303
151
79
240
451
289
494
98
15
252
1409
421
524
726
437
733
476
603
385
199
206
466
703
253
336
248
572
420
718
174
664
659
435
859
322
106
724
75
125
710
58
268
1949
467
517
107
459
905
866
416
142
813
1243
458
634
554
200
646
579
251
982
1093
92
228
132
561
371
120
152
516
218
755
354
545
30
410
411
50
674
569
28
423
110
271
706
225
453
548
540
500
313
302
16
189
682
515
138
337
282
765
501
330
86
77
406
50
365
558
435
156
445
664
729
1181
614
676
37
749
630
208
203
110
595
647
277
588
597
731
1395
277
374
13
647
272
223
459
599
120
680
1170
236
444
654
311
965
22
97
522
127
260
253
508
590
630
1144
164
105
173
141
724
18
152
152
247
568
621
435
572
213
532
520
1771
452
464
556
84
237
400
574
186
448
449
509
406
105
261
488
463
590
374
874
837
199
112
653
459
486
433
101
58
224
571
649
707
299
206
986
249
139
536
543
145
139
131
1081
179
338
599
326
484
354
1018
123
825
319
78
371
1125
376
92
133
325
434
670
300
974
168
583
669
244
892
139
489
85
33
956
209
1433
148
58
692
741
1008
447
224
102
44
421
271
497
764
639
345
331
753
420
110
697
17
1248
211
103
444
666
274
805
263
244
374
747
370
218
977
179
1156
283
583
501
383
620
671
638
256
523
660
674
796
738
729
35
842
152
1056
1013
631
44
138
381
707
173
199
409
514
384
901
255
252
584
551
439
256
175
265
8
952
454
490
400
298
218
88
20
335
144
768
594
21
191
637
653
322
441
360
222
68
825
117
519
930
1344
232
1147
516
313
722
22
378
198
10
770
64
189
25
521
9
524
1032
75
726
342
181
48
463
773
1841
118
527
584
308
385
166
294
271
470
774
400
866
53
214
544
162
370
251
1677
58
66
164
66
142
205
793
523
1371
387
261
453
274
158
485
130
254
191
272
258
9
189
257
262
1101
73
242
98
384
571
658
446
553
1114
624
179
735
1156
428
226
838
100
703
371
838
447
607
551
354
526
793
913
1688
1758
