real_Parameters :  cel 	 failrate:  25	 Fm:  1578.9932	 且最后的Fart/Frt:  0.5242257424		   Time :  166.3706

77
686
809
1065
408
80
1170
312
136
827
96
1401
174
1618
951
1812
1682
2333
1813
708
2608
2039
1991
662
423
1605
1093
1292
2327
334
907
1768
2520
1357
2336
1719
819
807
514
71
929
207
1016
995
4918
4944
3237
215
576
768
1151
85
3861
910
2103
950
3617
92
483
1571
3250
3188
687
69
10
4233
610
205
1074
905
1894
3969
677
6172
215
3560
300
996
1549
1586
108
1821
242
4504
292
676
51
1186
2312
143
5175
2042
120
4611
213
2165
2403
854
3334
1310
109
4019
2249
1990
2717
1951
444
566
1078
744
607
537
1563
2868
803
2354
5200
3273
716
372
915
2816
2352
1416
864
388
1072
1112
904
2465
1218
3721
2124
3834
5388
1372
531
4005
642
996
2121
1161
1007
172
244
3029
318
1321
448
185
2239
1640
50
847
2773
463
348
861
666
876
19
959
1968
2257
2018
2307
1226
2079
1340
1860
608
1400
1673
18
927
1388
874
483
234
3413
1392
2803
646
1960
84
2362
999
829
1055
209
516
2010
6169
2803
1307
791
2027
1935
2433
169
3994
1584
6065
190
1917
3593
1110
1487
1427
388
398
1578
154
1240
1997
48
8265
884
1282
792
3032
2024
219
1019
310
5696
8014
300
1197
1307
199
6954
1309
1774
5028
1700
477
2499
388
933
41
497
1920
5556
3149
618
943
769
819
4231
960
3194
1802
224
175
1286
1670
431
989
2030
1869
130
656
39
485
1584
124
226
2882
130
178
1627
229
1002
1336
2851
382
2096
802
579
3267
150
3413
2593
207
482
449
408
117
3347
431
69
601
2639
212
3509
20
3697
994
1034
399
61
4023
66
779
1973
952
415
939
1449
936
3910
825
1335
789
446
368
173
513
469
814
1966
4169
78
287
437
2129
991
2588
1464
1305
336
2620
1730
293
4917
1964
567
725
879
1735
806
520
2302
2070
1396
3220
4605
448
1094
1155
3077
1064
1733
807
912
183
3264
1682
161
487
344
2499
393
2055
97
1493
210
2477
654
1176
366
13040
5428
7952
1967
953
3648
1229
725
1583
226
209
8094
1621
716
3792
190
481
313
775
4745
472
376
1577
3747
1168
525
724
1685
1656
1746
3131
3135
346
78
2822
608
1638
279
71
2340
77
1085
2712
257
2293
1401
3846
547
186
195
1322
1295
550
1234
454
365
907
845
2132
205
41
250
186
849
973
1448
3316
6989
1507
4332
52
1223
948
81
3167
3848
2678
1907
533
864
1896
127
2007
2409
1365
604
15
600
595
108
1906
550
2507
632
1012
5374
691
660
2833
741
1504
6706
418
89
3547
4165
819
1591
4066
3286
419
2066
1973
272
2834
1255
3096
5011
219
1640
1785
602
808
4427
1361
2464
4967
2996
4410
1237
895
1410
582
426
4581
18
2475
1655
2879
2111
940
472
2983
2404
117
189
2807
1242
898
980
1878
2234
137
960
1305
250
12591
2443
148
618
297
669
638
1435
889
1584
6188
446
4401
3676
900
1240
816
600
169
2678
1062
52
4001
3488
2868
344
357
2239
246
119
2468
3975
4102
46
185
595
431
4698
144
651
5747
1966
269
718
397
1600
837
5303
144
6390
2667
1836
3476
1804
637
1320
363
226
92
1726
187
2277
280
1740
150
1353
191
185
271
731
2152
8124
378
6594
2566
2116
668
139
4810
615
1748
2438
1922
225
156
381
1220
62
3085
1162
43
80
665
317
4044
182
662
8599
2419
625
106
301
1643
4798
166
1912
744
3800
1826
4590
1691
1695
481
120
3133
179
1799
3383
2555
1751
2666
3543
502
3594
168
7003
1314
1678
86
608
2934
6586
528
2227
2017
409
1513
2523
1197
2666
50
1266
2127
978
1639
271
1005
389
64
4820
1255
132
1223
3241
299
2989
2082
7457
596
581
3020
653
1344
401
1554
1674
2495
799
1235
1257
1668
1385
1038
2400
912
2274
938
524
829
3492
245
6831
249
967
4469
427
3386
3383
653
2129
1518
2351
2970
53
5040
2032
156
326
2254
370
3139
213
2112
304
1587
2166
2194
1222
684
53
1252
320
1819
2558
7459
1220
2680
1987
1454
612
3790
710
752
479
915
44
6464
5283
1491
254
200
560
2975
461
708
1458
136
890
1276
697
1669
1154
5425
264
743
2648
583
166
733
3901
190
829
209
780
1155
855
1379
191
2171
3998
6276
350
278
135
3644
3272
1266
1516
4062
4664
2468
1528
6485
4936
2416
2781
749
1051
2427
2738
1391
228
1397
2193
3649
3960
192
1702
242
346
47
1517
291
3394
96
2318
811
72
786
317
905
13
1009
1803
86
533
1155
1494
496
4351
460
872
15
1267
265
288
1038
127
1529
435
2237
526
1172
79
1181
2568
34
343
687
1201
204
46
2838
262
1069
488
1333
1717
1175
1832
315
1539
1128
2103
2758
4692
163
3569
3325
2006
3983
1975
371
1963
854
1274
1209
3613
3488
39
267
722
1030
476
119
2724
1824
680
152
88
1647
371
1636
1663
4947
2896
1724
62
4964
797
1218
985
2415
612
689
4841
2473
244
681
1896
1808
759
2182
5523
1560
2385
261
633
1137
894
948
461
1226
118
2388
3810
2334
3111
2019
200
2721
10
3469
1999
380
3594
56
751
320
486
7471
1269
1073
2478
2755
880
2511
679
5137
2309
1636
4375
6410
275
5221
2476
2184
651
479
260
3657
186
3612
1338
802
419
1471
1816
184
1327
798
2140
2763
1952
965
1575
2604
550
4323
236
2294
2226
328
1386
1402
1056
2328
952
916
981
125
264
1247
1858
486
2056
3109
945
3150
249
4798
981
1186
644
781
4785
212
2853
771
3862
1302
4
2037
736
4488
1939
4957
172
1350
4822
1495
2558
539
5481
255
1314
3510
772
1887
68
6457
2748
3170
1557
1136
1863
1005
1884
1529
2344
1247
147
1608
1040
519
123
366
3622
943
3315
713
349
223
98
218
706
1493
739
994
1440
993
1030
4349
1662
2487
411
291
3747
1771
9572
80
32
538
3810
332
3465
2036
347
2077
459
1280
741
1635
775
236
949
285
661
3080
1128
930
969
2447
1170
556
132
5544
163
2469
1619
523
233
1392
399
1618
2120
903
372
1090
263
644
2930
1827
1846
585
3841
813
1707
1412
4468
2608
905
1036
94
4200
942
98
1361
80
1090
1941
2263
2365
1063
116
944
4398
985
1969
1483
2172
151
714
3923
89
729
547
4443
1316
618
167
693
1379
1554
26
2375
1495
510
468
769
659
407
397
531
2035
6017
614
15
544
3523
1229
2495
364
120
139
635
2070
1235
1211
2068
4459
304
97
768
2004
4421
1573
3402
81
913
853
2183
300
289
2714
74
1068
1123
1011
677
1386
543
589
356
966
3385
444
237
395
1802
2696
592
1178
1646
201
2860
4891
311
218
5890
2360
303
1866
664
1615
132
2000
2177
184
602
3132
2450
1914
1209
913
1122
5801
2828
869
2244
5339
2130
455
318
2123
252
1433
270
1829
3200
3932
1060
980
3600
664
553
1507
1145
2107
4355
78
5
346
2540
1636
49
1034
1569
39
98
2136
1545
100
1384
31
2949
161
1705
814
2234
2334
575
1836
2046
808
130
168
3021
834
3505
29
243
127
294
2040
886
295
53
1338
1177
480
2529
813
1438
966
1323
4061
32
2919
575
1001
1095
614
4452
3710
164
1046
4685
1739
1670
337
333
3528
1727
793
1090
1719
140
345
151
2581
315
1669
2132
4361
721
1462
1036
2591
483
225
3068
474
7436
171
84
2221
917
96
691
413
1044
2036
5014
606
128
63
3162
1269
217
1330
1173
2464
377
497
235
1054
319
921
12
214
733
585
1316
134
1782
372
277
1297
741
1937
203
3722
3272
2682
1029
941
2931
1560
1771
47
4114
598
1310
2766
1554
1143
6057
793
2444
4636
279
333
3666
724
458
3804
186
1416
583
340
8212
5756
2659
735
29
285
4311
693
424
784
368
1350
3918
415
1119
1518
472
1157
917
137
5357
762
4235
1301
2333
2290
1248
2700
1246
128
287
1145
1477
683
784
1523
940
534
289
58
93
696
265
946
1600
939
765
997
472
3708
799
120
477
347
548
98
1269
2428
2200
2671
375
2865
64
397
1060
1666
1291
219
587
236
777
293
328
612
1722
1905
2329
234
2133
2870
1574
1759
1005
1669
354
685
1375
2332
277
4305
2641
296
815
4300
1915
743
328
144
33
419
5903
3718
1282
6
1622
729
1083
6584
1140
136
1459
96
165
1295
2824
2937
816
2050
408
2657
1226
1401
1782
311
4589
453
3439
1944
1253
84
1028
215
403
4922
747
1185
334
2125
3511
1059
1939
1589
298
4068
4144
250
1245
2309
336
596
749
971
779
2252
1527
974
2732
777
1206
200
2300
376
2781
3500
2635
1462
5023
107
1481
264
1034
330
1624
1695
3079
463
1881
1911
822
5445
6501
854
1073
543
156
2125
43
818
636
794
1934
2367
415
10143
101
106
1790
767
1092
1703
799
3775
2365
191
799
1723
1641
5562
932
1597
1978
234
188
3281
576
2813
2216
431
1079
463
1239
845
905
276
76
120
578
1956
1473
2463
4289
2658
871
2694
1263
1143
706
1674
1987
1529
537
2891
1243
612
8245
6468
69
137
841
3178
3437
5536
159
1638
463
175
668
1167
184
222
1016
2800
1328
808
1201
158
1356
697
397
1766
6409
279
4032
6879
2027
804
1993
3549
1140
2114
1478
853
831
3780
108
266
857
799
2325
610
269
2785
506
798
1971
3730
119
2664
639
1776
311
1814
386
1993
1562
86
692
345
520
249
1143
860
960
3743
413
935
2049
780
1549
1026
412
1322
2153
3332
495
3223
8228
979
2629
1532
1506
1503
185
928
559
5128
538
1442
2778
1543
2596
2626
1826
3319
171
888
3223
2161
2853
1227
1106
3501
630
3756
102
1476
2599
1802
1602
550
3703
2193
2440
279
160
330
185
1473
642
2366
95
4808
633
3238
4544
566
902
1056
755
1509
4827
520
654
2750
2907
1036
209
746
222
386
243
1355
6428
1317
443
2389
483
1759
2814
1894
4783
148
556
287
355
151
332
3530
1693
1199
1532
2940
1866
517
1425
3156
343
2171
555
1628
3683
725
698
4939
276
3919
464
715
1711
1043
595
1197
1309
283
4808
125
1234
3220
1037
917
730
1609
2784
589
383
1167
40
565
1652
1163
340
1470
19
1186
636
2043
2277
787
1691
1710
77
4880
2494
1676
594
1784
312
191
1809
1936
1703
1224
1441
2572
3491
2376
1121
419
1565
625
406
1833
38
109
2479
151
1469
610
5678
3761
4345
535
1788
4263
2809
314
969
2628
977
400
966
448
1277
2101
759
2872
29
1477
2097
503
735
749
361
2766
634
1586
1641
1373
2530
1984
2973
232
1186
3532
1604
1078
196
1482
4269
1892
622
1377
1072
961
3617
1856
340
6
412
125
188
213
1562
1198
21
499
1215
2199
2250
888
4929
1128
439
586
3022
1151
2058
79
611
1398
997
1794
235
2099
1393
575
1317
240
3597
1871
3686
343
320
609
379
4695
889
1623
1122
1235
5396
1643
2705
4616
776
1392
938
7549
1469
647
332
862
1124
232
519
3413
920
46
1069
794
811
2769
730
1997
3953
785
71
1672
2867
4843
192
1541
548
90
632
1856
3856
469
2859
2236
1082
232
8234
22
968
1430
4037
5901
1432
3824
3943
2222
117
73
1208
411
1518
3536
2291
3962
228
4119
2439
6459
1323
2036
4857
1862
2009
633
9105
1077
347
22
441
532
1533
5501
2500
3823
1239
530
1349
2810
1259
1427
2365
703
68
446
2098
1482
661
1068
347
130
4378
377
1874
1626
580
929
659
1008
613
2937
152
377
1149
555
170
1029
219
1348
163
2059
4208
2110
1406
2184
183
1524
3700
452
4157
1654
4361
169
2050
1286
3966
2416
133
3895
1207
270
2196
3439
1943
2226
428
155
335
257
458
146
2299
2199
172
667
109
5602
895
3246
629
6588
1674
1193
3379
885
9900
1317
508
350
1917
868
192
2699
661
2276
1917
153
510
815
518
3089
1274
1658
2286
2040
64
543
1874
2902
510
1274
606
1330
2255
1645
747
614
1128
1845
660
1167
2507
1
485
3130
651
5150
2691
2305
94
5614
1706
487
309
2420
1912
1040
3985
620
612
1494
1623
841
315
3998
867
1753
876
2824
1694
402
696
96
954
3550
1908
379
3655
173
1349
1646
2283
3776
628
2893
53
1963
1333
575
3822
2069
2952
138
1182
1354
2137
1049
1552
1321
1423
343
2275
1758
3220
448
830
2646
2254
45
794
2305
4169
229
389
2241
3777
6806
236
1525
388
2069
2521
2024
1044
1183
990
273
1160
1585
940
832
61
106
716
1045
3330
379
206
348
700
745
57
3394
1780
389
31
4592
116
455
958
924
3581
433
256
1054
275
2040
868
1060
1470
2538
1028
1044
1002
1108
447
2503
5943
1871
5454
4830
193
1624
67
3969
394
2566
1809
2706
704
1746
248
1233
1510
796
2054
2582
874
223
1410
796
2025
2230
357
548
2564
1065
48
304
560
1572
109
43
762
1421
2001
1133
194
1726
796
1980
492
708
1727
204
31
86
928
621
458
3882
262
2627
47
87
751
785
1514
65
834
1106
401
1524
737
842
343
875
4036
260
5150
28
1049
1771
261
407
104
56
1567
1076
2679
2682
2660
1052
3687
4388
1197
253
399
1031
738
1141
3502
2822
963
2044
422
772
5049
690
4344
716
1609
4024
3106
603
3323
325
1675
645
2141
3958
542
1655
1449
5378
66
4082
765
969
2360
2722
6935
863
109
209
358
2074
1966
331
559
112
2382
540
99
1168
1270
1796
2728
1828
4928
614
935
476
1521
456
975
306
70
2603
447
605
1013
1380
176
1243
2598
467
3289
1094
222
811
1940
1122
1083
3292
1455
1640
943
2569
1825
1204
216
246
2671
1554
3342
280
319
1219
3261
1682
1635
1005
521
2
2057
729
1481
707
2485
1276
196
3085
2778
1258
2081
2360
1113
2644
2985
653
2534
4914
605
1019
2461
288
1021
31
485
631
286
2
1055
2038
1000
920
803
436
529
2430
1684
122
1344
9
1636
3262
500
1953
897
1000
2564
1771
4111
1267
318
403
723
3455
10009
1271
2057
299
1501
334
1641
2579
231
90
559
908
1655
2084
2409
572
1879
11703
1966
638
130
320
982
1235
1562
3197
269
387
53
733
1534
1690
370
8005
199
1918
561
1156
766
64
66
707
1896
3960
268
2359
130
3060
1868
348
1087
682
430
1554
2426
978
669
2114
564
1380
1773
1448
401
515
3125
113
781
990
2357
125
2302
71
366
1116
4202
157
2559
1542
2695
882
1744
549
1640
243
2538
2252
1215
1663
1576
211
1363
620
2892
359
397
72
1073
1254
53
1594
1068
1089
364
1516
893
617
290
121
522
833
1725
458
212
1950
3893
552
480
5053
66
1041
599
6581
112
1069
119
736
849
1153
2706
379
753
16
2950
536
558
125
2728
2833
942
1831
74
1879
487
57
1298
931
609
2830
396
5331
25
139
600
64
2947
3762
1390
2579
500
1524
187
1130
1670
46
6076
4744
2955
2426
1633
1420
156
2336
430
2756
3989
311
640
482
383
1634
2789
936
1353
1813
6363
829
3470
1626
1038
656
320
6879
450
895
1555
8138
2001
490
2918
2881
422
2059
1254
116
986
7028
379
2009
139
1440
649
75
480
915
1852
1976
3075
1086
331
890
2679
2395
1012
113
1106
619
1846
414
1943
765
301
2501
1361
7131
805
1105
1940
2194
218
33
2557
3560
3252
3688
292
362
2903
1226
355
1962
1998
353
675
4929
286
28
1084
1329
3817
1423
3483
1704
2200
3127
2400
2611
1320
2957
1919
2783
501
3641
2008
1827
107
514
1049
382
987
96
2276
1506
1982
2893
278
3320
1101
2945
1919
578
6904
117
2702
177
862
6571
88
1329
2195
1680
798
3704
2957
1375
2648
342
236
6062
476
4314
3544
1382
2905
118
781
241
1099
1511
3654
764
4249
5465
80
939
97
1350
985
2186
199
4486
228
5991
2493
440
277
250
854
2363
285
3196
1011
111
744
2265
372
1124
740
2085
497
1189
2264
342
1463
2956
43
146
1148
1571
7033
501
462
504
3360
46
2514
1000
914
1976
3584
459
2036
2079
979
2387
1322
3298
2652
2467
1715
304
1814
1360
526
915
782
563
2559
428
3082
2618
964
1081
2388
7194
1593
706
2293
4432
741
1456
238
10461
1104
4615
3095
521
4495
419
618
177
247
106
4641
1603
818
911
710
293
8054
5042
239
2021
127
1256
115
6190
3134
2325
4674
2150
714
194
1431
2295
1405
3023
1224
691
657
205
382
58
1515
3504
1380
3788
91
352
673
806
405
5
311
4515
1063
1739
362
5008
480
296
3626
768
1169
245
529
509
146
1952
1750
2898
1926
228
2834
125
822
1014
4497
673
2391
744
98
903
993
1891
2854
2533
139
1401
118
966
2046
1555
922
1371
492
2589
99
2882
2028
6548
1997
57
460
516
1774
585
160
4081
944
1364
4235
2212
2434
1079
160
3564
396
5596
759
5811
3597
1003
1081
25
102
2192
5
642
590
1538
5034
1022
505
1525
6109
475
265
1392
211
1346
2822
407
1745
435
555
2686
112
1527
2346
3960
717
1313
516
313
1118
2691
191
1282
609
3063
1024
638
6496
1596
1385
261
127
290
262
796
779
107
1043
7
1742
84
1558
446
2057
141
2004
59
2042
3189
3391
1116
1472
164
510
377
45
1941
2360
1334
108
2062
12
3188
2700
1157
322
2860
1573
1092
426
4906
2734
324
3814
1805
632
9433
83
5140
6610
2669
2517
1989
927
3187
4214
169
249
4545
132
494
2435
1590
984
2224
270
2712
364
731
3478
157
610
3957
3513
6821
6917
606
791
1090
1426
440
3138
342
1392
5162
527
352
739
489
2046
12
332
1658
1529
3468
1509
7365
209
1637
354
537
1426
1904
848
1033
561
3550
9100
367
680
439
314
503
921
2493
2439
1129
118
1803
445
415
359
534
871
1129
769
2627
4347
1832
87
306
2544
179
1264
790
10780
2891
181
2346
586
562
458
1776
2526
5155
61
2088
1638
2685
1437
818
3689
7778
1052
1807
818
1504
2039
403
3033
3350
740
1255
844
245
487
1571
725
1759
68
878
1670
722
927
1411
113
1529
147
4962
4022
5170
833
1279
367
283
851
2592
373
3328
2379
3293
346
160
1327
8557
1361
2275
2947
1864
1777
1141
2647
1841
1289
626
786
224
863
4194
79
145
695
119
1359
566
626
917
4375
112
104
1483
760
589
1213
3351
771
236
703
2722
1011
148
46
457
5741
1264
972
902
3094
2391
1935
1800
85
95
224
1055
2378
5860
523
2136
3798
1742
725
1268
808
301
818
2046
384
898
667
507
1378
1070
98
1088
1439
543
208
1051
822
1285
303
1045
613
288
655
1326
112
5192
1456
873
1898
121
84
800
4256
262
7216
1604
662
2082
3758
1828
146
1759
19
104
3752
622
84
1275
113
163
976
690
1376
561
2698
189
616
3156
256
1913
681
1031
306
91
4788
8169
3855
2938
1340
1308
148
31
1925
1060
1104
1296
100
842
590
1860
360
260
1652
2887
1836
619
225
5294
4421
1191
111
1982
491
1258
234
2425
1972
57
530
52
2634
777
961
1183
1033
368
179
1847
3472
476
271
2040
2808
674
1669
1554
3270
1101
1208
2284
2330
2822
1030
639
303
1886
3447
427
1368
2272
138
2744
1647
45
766
124
903
83
1058
547
2055
2310
1188
1615
429
3211
1002
603
295
745
1131
134
4863
930
917
2302
2163
2322
448
1307
341
933
790
489
829
1768
2322
3429
172
318
2056
2147
988
2802
697
90
1810
2834
792
1266
118
6364
760
886
599
444
61
2733
1501
116
68
1110
1383
4102
3930
846
823
1785
3348
413
721
1056
148
1247
360
2022
2122
706
1278
464
2481
2321
745
1991
263
1789
1209
1274
1688
305
321
1350
3037
1785
2017
2647
432
992
10
552
1013
2304
494
6941
1160
1925
332
983
1546
856
1699
221
2288
1527
1136
854
2063
995
1450
10426
718
916
938
2494
934
1778
257
1205
1095
4722
738
300
1990
480
3332
437
2144
1579
241
50
289
187
115
2896
585
1404
1438
251
1070
1915
3528
3564
404
1227
2195
888
1843
260
326
2106
108
5672
627
402
1721
948
1563
261
701
4737
319
269
1471
190
522
1704
1580
3121
4610
615
648
144
1316
1155
1782
608
1561
911
227
625
320
1567
620
3945
1354
999
180
379
950
1436
837
2037
823
1652
657
1163
1511
3193
285
783
1257
2941
1819
368
2126
17
1348
2363
2946
1056
731
808
577
1578
369
589
1853
4107
1635
1786
1058
2016
2799
845
907
658
179
1270
766
1214
277
2221
8
3431
2515
3142
972
1816
171
2162
1521
835
2464
286
160
1129
2383
1507
467
3279
910
6146
7969
1976
2246
1799
1441
3109
462
67
1574
697
1233
693
210
8689
1270
1951
40
499
4393
3178
1197
309
2452
951
628
915
1795
419
2684
189
2752
3502
92
404
371
4946
541
5609
2429
1199
832
3149
873
998
1377
821
275
285
1144
1382
3152
2692
617
2617
833
375
259
820
1138
565
212
3373
1246
4385
287
1805
1862
526
537
491
843
1667
818
551
419
2380
1594
94
857
2022
934
347
1105
1102
1588
692
93
1565
893
90
412
311
4321
1358
1593
4739
312
990
4637
1062
2054
7454
4127
217
1265
1958
60
7024
934
1624
3653
266
279
1669
3567
1438
229
419
33
855
886
761
1089
916
1284
1662
1498
998
137
3132
40
198
641
6044
88
1379
3009
1337
103
72
5479
693
2216
1599
1208
880
7020
6322
1367
851
215
1405
312
1037
309
20
1290
1449
1738
239
752
31
4392
39
548
1088
162
3218
115
1261
2989
2910
6671
1030
1121
14
1121
706
2148
809
319
1583
731
199
4398
2132
966
834
1463
2145
3827
1733
3926
155
260
845
1300
281
1442
434
1151
1425
354
82
1061
655
1315
3019
238
949
2859
3096
2448
3731
698
2449
570
1533
353
2726
1504
1373
352
774
1358
636
1424
6
1165
3845
1150
149
743
346
3085
888
6824
1688
391
1025
362
236
2392
546
1162
1702
1847
1107
286
1327
1431
1741
1148
5535
206
2648
1864
175
760
393
5644
887
1748
895
3092
1155
3799
2132
2627
844
1070
1674
653
611
495
5012
366
549
1479
1009
2042
986
149
3422
1221
3300
1321
1631
201
1365
1655
137
3266
119
285
1490
305
2808
5564
3607
387
667
1677
103
196
739
212
1769
652
1368
549
1561
797
1103
668
3229
1823
2385
336
123
2423
3994
1215
2097
286
827
1295
160
4633
441
997
2852
530
102
3546
3470
887
1650
138
1345
501
1236
2034
1318
5380
1983
293
437
1130
1624
2013
4806
328
1523
529
827
2085
3408
1086
3835
3100
478
1943
450
228
625
2063
1492
1820
313
4843
4079
1559
163
3146
590
266
2412
3492
1757
4795
2185
1307
1465
2835
2998
1369
364
129
163
2025
1174
65
401
1708
168
278
1469
1212
1720
3357
186
1728
2214
817
807
244
422
453
395
1407
2845
1389
829
3960
390
1495
1739
768
1592
4147
1474
1318
339
618
251
81
964
2944
304
825
1131
3810
789
152
826
1670
11
4358
54
502
210
1829
993
3037
3443
1738
961
4255
119
1733
863
1080
2607
745
1365
1291
161
1029
912
506
1474
705
1912
5146
1471
36
565
1200
4157
1090
267
746
1396
504
2431
334
1627
3496
2443
3755
2404
9
1149
8440
572
468
876
3052
2043
809
4042
1445
1717
1611
237
1213
410
393
98
983
3056
223
119
1023
4602
4021
1331
1907
507
181
964
486
388
1422
734
3242
345
592
2274
686
78
3147
1491
125
3647
3370
1535
4512
322
7183
3208
288
2463
6772
271
2875
2395
1522
4433
1397
1387
2191
2248
614
1311
251
782
340
4892
1144
911
206
159
1
108
5585
262
2477
1276
586
3291
250
20
1125
3451
2808
710
214
32
719
1031
875
611
601
490
243
1199
1033
5167
2152
538
2083
3752
879
400
1528
1705
1383
597
145
362
1378
2704
782
350
99
976
489
501
3110
4141
590
725
1818
1043
2339
51
1538
2172
279
972
572
4099
87
1845
66
9
3227
5993
1815
2529
3560
1330
498
793
1231
810
2087
1874
3502
100
565
1724
2283
3141
84
2893
3030
1954
706
3223
1738
2252
3755
1923
106
1095
1749
3043
847
1418
1746
258
3930
2021
866
692
3001
184
1666
320
371
875
2833
1174
6703
1339
1621
2379
429
593
3262
4084
85
2923
4717
1168
244
1053
1330
208
1915
249
244
2610
1587
1902
3114
2609
1274
914
212
1335
2122
2486
1530
917
225
1759
585
1463
163
587
3967
4576
182
684
382
169
7435
2217
1103
83
3042
2086
2670
898
1642
144
1546
4850
2834
2247
27
159
356
3289
2843
955
465
5199
1392
477
1312
559
106
784
891
730
3848
2979
1574
1405
3519
3562
1819
564
2094
296
521
2050
495
504
610
819
1143
4731
839
6493
7902
863
1943
2578
1640
250
507
1920
602
86
1700
2326
392
242
50
635
1396
343
341
446
2889
948
1304
2592
3978
108
1204
888
1193
1432
1228
1006
1893
149
908
89
1026
75
1682
3020
4222
174
2757
1192
1657
1165
1504
435
2995
7080
3289
6493
822
197
497
1031
2677
2580
122
2554
7603
2589
622
450
855
371
1373
28
1151
1195
1426
614
3802
2856
2625
726
321
1502
4056
451
240
930
73
291
116
1203
3422
214
10113
3532
781
519
646
1233
982
2377
245
114
353
531
660
638
1248
18
277
1059
3957
474
512
1955
2251
259
3229
14
266
1395
5017
348
541
115
2751
1536
1026
3319
707
449
858
4780
351
1680
2465
653
479
3899
2423
8278
1357
435
75
1032
1963
3080
413
4029
405
326
1099
516
3526
1187
1498
1857
1331
718
945
6297
333
2756
580
1915
2928
151
4635
1262
2622
158
449
1624
1635
2392
902
2925
1370
2856
889
317
1767
1931
467
2110
795
235
1208
1167
76
1223
203
64
811
38
87
1734
50
1109
2628
101
4195
1736
395
3701
1214
187
4393
743
4455
1342
2982
937
1137
464
4392
2296
457
400
372
705
2638
3512
512
65
2835
1117
373
876
910
2208
388
4155
94
939
609
2944
407
4960
769
4075
2327
971
1783
2587
1859
2316
1810
95
171
638
1552
29
499
547
1374
1915
1705
2028
256
459
1492
617
124
1954
718
998
1835
2728
294
1602
2544
540
1869
473
343
611
129
126
2183
1570
3232
2485
277
624
865
4071
839
1764
1176
1032
2963
1632
1790
193
755
692
1367
1696
4722
2688
1016
1721
405
80
274
98
659
2376
1010
4881
2645
2242
426
219
688
3613
727
614
694
85
961
900
2939
1458
519
992
2763
593
4
507
3463
1943
1733
2668
740
767
1434
3066
3973
629
3717
1435
5798
11
2229
1170
674
1575
2181
2378
467
3607
3637
2411
1309
3229
1111
1150
3642
1760
286
1291
675
88
4911
4165
4042
3112
353
310
1666
400
2159
481
947
1901
595
108
3181
1471
43
2753
2117
3217
450
151
910
169
1665
492
1732
1417
4227
2188
3902
5061
296
496
3666
577
1390
997
2470
176
69
286
1218
549
850
597
1379
910
2075
4365
5200
904
263
388
1849
3528
1401
396
603
39
2391
1177
923
1677
301
288
1629
23
410
512
614
225
307
4914
1605
1675
1399
533
859
2495
292
2525
405
353
785
2788
304
2387
721
4938
2956
1289
2487
463
437
1720
41
30
2196
11
3129
2390
2907
3095
3785
3844
5467
