real_Parameters :  airy 	 failrate:  25	 Fm:  790.8852	 且最后的Fart/Frt:  0.5662738032		   Time :  43.8102

25
139
185
454
36
647
720
11
361
16
484
612
428
1160
177
183
825
1244
283
665
1712
1634
1565
1836
77
820
254
1151
350
1299
736
1292
429
853
1114
2397
1536
2550
116
441
165
1004
588
215
67
598
1729
372
1410
802
339
1513
101
1488
315
661
2395
513
1027
2445
736
864
140
106
445
930
523
231
549
967
582
29
978
964
1965
1515
364
1034
1197
1342
426
547
398
1363
1323
446
506
486
1278
197
468
1159
910
1022
498
1333
1422
878
246
227
732
1039
1067
122
1392
1208
218
888
1436
848
270
992
1126
813
1304
1542
308
173
118
507
1457
1225
729
170
689
1384
361
1788
1845
904
649
1373
1141
1060
604
536
1155
104
1142
500
633
636
776
1006
964
1086
202
885
1005
424
436
509
665
297
902
1420
42
116
940
894
519
145
985
1050
2217
2265
1983
133
166
986
798
345
1226
1391
2177
1563
404
1167
434
827
816
558
599
565
664
792
472
1317
743
618
575
1116
1228
1025
250
1339
454
310
123
77
1500
484
759
172
419
1385
514
1032
630
1244
553
1763
801
845
1549
1589
585
442
339
1084
386
580
1060
140
583
1286
174
606
1177
209
1391
863
279
797
1016
35
706
375
447
215
1899
962
99
801
1281
911
1240
284
187
381
170
1191
377
239
778
250
947
1030
906
1325
641
1104
701
314
719
132
1006
638
744
827
127
593
1778
1024
857
99
261
290
1060
1442
1042
205
666
294
687
425
467
608
131
741
1114
1355
497
1379
419
777
1043
852
276
316
985
1476
103
476
1508
1330
41
173
667
279
17
929
767
951
482
647
1406
799
1371
517
654
383
1099
114
1980
421
1551
892
1713
126
16
366
1263
774
1735
661
389
564
931
833
795
1573
214
98
816
1970
133
756
84
1633
1246
930
275
727
372
1409
885
731
1547
882
729
290
1476
1537
1896
569
1083
7
712
906
767
1032
212
21
1048
288
416
1226
417
1640
709
1976
1117
1431
1374
682
1456
854
1122
1215
711
298
903
1169
1576
200
309
1256
1357
551
1939
543
656
1252
1920
54
503
2121
120
173
306
1017
671
270
446
386
326
145
11
22
333
353
2095
71
1310
858
710
1057
562
709
1079
1649
806
481
229
1348
511
638
791
285
1403
775
124
968
653
515
700
826
52
236
1056
1030
448
522
415
135
610
62
682
483
1217
525
1223
1580
31
202
88
116
952
533
1229
1222
1223
59
458
1486
1495
546
303
679
1651
652
2113
956
573
1343
439
946
961
648
1400
673
796
744
429
224
484
1002
342
178
772
1217
1434
843
910
1368
30
270
974
416
654
1064
624
444
1147
848
683
1016
537
735
578
1534
732
1771
1423
1365
581
614
1212
817
543
433
138
1737
1196
798
563
1537
104
1793
45
196
712
1225
472
351
1585
1574
1147
19
1291
1272
200
85
882
495
1999
1341
686
845
1680
1417
848
18
447
258
433
636
689
1113
1488
830
562
789
1069
2300
1114
1046
620
1200
66
854
414
362
1415
1528
89
484
703
702
1027
861
898
315
293
169
444
271
1380
929
101
594
230
6
390
936
112
116
815
117
63
1209
1600
1005
309
1158
902
132
12
415
1868
1021
800
194
1112
939
353
796
448
844
627
419
1229
522
1115
769
94
1377
838
313
190
1312
921
364
187
569
752
308
658
815
977
602
979
708
51
313
1033
487
1465
580
262
454
666
998
89
1173
865
1431
561
602
811
328
611
510
1327
1945
813
1733
825
482
772
759
350
814
974
382
366
939
514
1196
158
902
238
1231
178
748
35
796
603
308
421
127
483
660
17
729
291
1091
459
1003
185
641
143
965
859
180
289
353
1743
180
311
1502
682
805
315
1679
259
369
1052
550
107
1247
142
153
632
661
514
718
2167
1379
104
556
504
2082
147
588
431
1014
744
823
247
2360
239
812
1709
582
1424
337
1165
2664
233
1
2070
914
166
1503
230
230
672
7
1809
133
1419
16
816
1803
608
43
958
1444
270
376
562
354
556
120
1310
1398
56
143
390
1559
561
423
2018
797
1316
72
187
316
1256
1542
43
2148
1019
427
2096
511
22
1898
1395
667
1176
934
121
1753
798
80
1174
1278
833
983
735
329
1901
285
1268
744
1818
1892
445
117
267
823
495
924
937
987
324
242
1430
262
565
2657
1146
962
1899
218
35
321
1395
363
1301
1299
217
1386
390
379
451
526
75
1115
755
510
152
101
520
674
1103
932
509
321
509
1816
700
2138
304
1094
1160
495
743
398
79
410
688
976
569
746
793
1
205
1071
978
190
119
1689
38
1423
379
702
51
1433
629
12
50
258
729
51
918
821
251
495
768
2066
2033
1044
1066
497
1045
602
1767
180
134
1485
1548
988
191
523
1538
151
563
75
972
1267
1110
440
1098
13
1468
772
984
398
1307
536
1395
102
707
878
994
213
239
1113
1046
1104
498
1071
882
1196
1083
1156
1719
616
154
388
565
685
268
813
1562
239
8
1374
1300
530
431
1471
280
1013
1361
511
36
126
370
1019
538
968
1545
76
823
697
210
413
992
8
651
845
1031
924
468
568
581
363
2779
59
1487
7
831
650
1064
1254
139
1083
48
339
979
774
1323
482
14
478
1307
118
498
1859
6
421
724
37
962
910
906
889
677
2245
363
520
64
134
860
906
2432
763
597
1695
1187
1082
266
690
761
27
862
874
345
411
394
935
1183
129
363
910
2485
657
1384
1099
1081
591
31
283
1124
884
1533
713
248
217
625
334
630
990
1097
1294
66
234
1386
1429
724
100
613
1654
856
1276
900
155
294
370
487
1974
269
1023
1353
1392
1024
1633
1224
1420
15
533
871
88
2127
1044
524
1233
351
722
1302
454
815
1173
542
1676
760
1404
249
718
766
853
534
203
785
155
1198
1149
1259
166
511
1753
1879
633
1846
511
824
155
187
1668
948
1937
596
88
738
304
1147
665
363
353
1193
1043
1333
1242
189
601
414
297
1533
671
616
724
672
433
641
389
966
1455
211
790
1150
970
242
724
557
855
1244
679
294
855
404
283
1095
1281
1432
540
403
135
440
601
477
3
301
493
129
1216
281
946
1773
1134
1793
763
367
1595
1344
1527
905
1457
30
657
2017
465
625
1368
821
242
340
519
1766
760
1783
103
734
174
2844
1330
170
251
966
1355
2201
542
148
465
2079
737
1176
50
244
530
226
343
899
269
1571
89
1051
381
1104
975
1374
141
702
710
436
37
636
234
649
1015
414
34
1974
123
1200
1013
930
880
97
1358
585
865
251
188
663
1854
1070
473
996
371
2048
398
3
202
179
1421
242
1478
168
1918
629
480
472
201
300
372
1034
234
1206
632
1295
309
1411
575
1207
42
227
10
855
115
2264
70
146
850
440
522
200
785
418
1056
719
980
998
1161
492
534
2374
990
904
1739
1847
1729
229
1228
759
1069
146
54
393
840
559
1322
1932
48
403
232
134
1376
476
1801
1703
1881
754
375
397
810
190
1905
308
1073
301
30
537
682
927
2664
214
590
937
467
897
697
925
1236
1050
943
449
93
298
654
316
782
710
373
763
1176
86
841
333
1836
131
631
195
800
1148
694
15
994
747
1074
172
1627
134
960
11
457
652
427
606
488
2125
224
407
1120
1219
985
877
198
896
777
1504
787
748
781
805
1189
1416
762
8
706
1365
661
136
483
526
5
2514
218
1330
861
1811
563
94
1697
1969
1667
1059
608
472
922
1016
696
389
316
1736
1268
1020
56
876
1070
101
619
999
188
123
272
981
1826
679
1216
1431
37
1190
663
513
185
2330
396
1358
540
820
204
534
561
54
17
1190
598
1811
485
1141
7
757
70
1207
627
748
1626
80
525
1573
177
243
69
1191
232
131
95
163
306
1418
882
1211
954
827
2016
612
389
1216
1082
1438
496
958
1290
624
1667
685
628
235
1204
1280
1018
297
220
782
449
461
1220
162
642
1011
1439
697
523
726
1288
345
586
1844
857
74
114
49
1244
1297
793
853
1080
555
183
65
487
254
705
1099
696
517
1466
421
609
1713
185
1903
1970
949
36
149
437
705
314
516
1740
262
1807
321
2576
345
443
531
127
1315
335
1235
1372
453
114
1704
43
1048
2033
669
349
528
20
1773
181
1089
1203
163
1410
1080
456
1578
1100
341
218
1070
275
362
72
198
1888
644
1349
985
2073
1162
512
627
445
606
1319
114
1305
2485
434
1504
202
289
24
1446
808
783
77
1659
744
134
191
937
1335
1453
233
3
874
304
450
671
790
183
1322
75
149
1158
762
1561
72
1026
530
755
857
1395
692
1237
732
117
132
437
1065
1280
1043
1125
322
368
1198
1475
730
506
462
2768
367
714
109
277
220
193
1758
875
1130
764
732
1265
182
980
451
638
1053
552
994
878
389
631
217
658
149
192
549
891
521
1062
2140
1065
1093
1418
2872
311
505
631
265
81
344
229
594
771
178
1279
823
1385
5
50
1108
1669
1090
1968
1096
1425
2349
405
1564
498
1041
200
1554
93
666
1317
579
908
1147
66
1511
206
129
550
2089
411
66
927
1611
517
645
1061
1283
1134
1220
753
514
1246
975
593
253
140
248
1301
1196
1080
224
1540
823
1098
178
27
711
613
213
123
305
380
1413
46
1154
280
410
414
780
363
1105
485
1211
1389
1103
169
421
314
2043
280
114
1925
1445
1341
303
1123
1426
873
952
1569
1286
304
607
670
265
534
531
1440
304
1967
397
602
293
1408
1458
647
631
1336
1105
401
339
966
2353
102
104
1097
104
705
1692
361
1778
217
1161
149
1777
187
113
864
703
760
892
693
605
1269
966
11
317
212
194
172
83
781
713
396
707
1164
754
131
720
557
1652
126
881
74
664
343
1138
353
2178
520
43
341
1861
297
141
192
655
1185
729
1140
889
849
1918
299
1166
259
462
511
184
35
1
739
830
1056
771
1150
1004
1534
396
361
835
875
585
161
231
54
171
493
315
407
1831
603
675
1536
375
1671
26
778
54
568
158
984
214
581
822
869
592
189
1109
703
953
2727
1539
243
2078
1067
593
131
1022
382
585
105
758
1205
1225
1392
1968
209
185
1437
143
237
1474
245
555
583
191
948
1332
645
1241
470
1088
941
548
634
583
551
1495
39
136
1541
1258
526
615
791
768
1233
1305
292
289
1324
277
305
619
1284
966
2329
1254
142
893
1266
1306
830
391
1044
1153
117
16
448
72
347
274
774
1
247
329
1031
1391
744
1140
411
1648
44
189
139
46
1018
881
127
2185
448
419
153
804
1604
537
177
440
200
1729
453
379
182
1101
402
457
627
532
566
3
553
21
1060
1284
681
768
1825
1409
1522
158
597
1077
404
514
598
493
335
1237
1002
1371
1709
96
166
2089
776
884
1213
2110
21
1408
1215
45
703
787
109
1699
987
1159
62
1515
1043
1258
1973
377
1346
702
277
512
356
26
48
756
2896
860
434
568
1058
1549
803
1955
112
2211
1534
1301
1250
525
1192
162
377
1132
1292
729
128
877
743
791
1825
1464
372
2501
1209
69
297
1101
442
265
197
352
319
931
1792
1676
957
929
886
183
1898
1723
449
1600
1653
523
306
1121
1476
288
682
248
105
105
1145
847
1771
552
1577
448
542
160
381
1483
519
64
1166
1092
364
670
539
1019
1071
1257
43
1351
345
63
224
1078
632
235
1834
376
123
1234
504
653
232
392
1800
487
821
948
1414
935
110
766
305
1299
85
408
710
170
1481
1455
900
164
756
683
1518
2550
179
1990
375
1139
722
678
197
137
661
238
235
1514
618
114
1681
943
442
648
139
94
236
544
44
1341
1058
1577
877
823
1548
1496
285
1437
289
545
504
582
1865
733
298
332
227
437
187
1410
942
1932
567
193
1101
459
637
518
965
580
866
2112
674
954
433
414
1020
312
1284
829
931
1631
342
1156
578
215
506
463
667
1132
1169
590
1005
930
903
783
1077
1581
2379
1309
549
1641
1562
1355
492
436
1391
829
181
244
1286
1247
762
989
648
146
933
297
1026
1261
388
1423
646
870
44
903
304
760
1450
733
255
892
731
1836
164
737
203
173
291
258
230
1293
764
986
81
236
297
136
312
1241
459
938
338
945
841
1534
424
2314
1180
1086
881
145
1080
394
154
40
127
745
704
1204
2183
296
885
1217
156
758
1418
1081
418
393
351
1023
297
1104
456
846
819
383
891
280
909
1466
1294
442
1652
605
515
53
218
464
753
517
1000
1820
122
977
1161
67
251
624
1002
697
1084
763
143
984
54
798
95
1113
1021
525
822
1316
877
678
1047
916
68
1064
505
1156
330
1302
925
1165
741
1063
541
312
602
1767
1406
1458
1586
500
683
1128
713
1895
508
693
107
1165
982
1012
239
1175
333
282
1620
1608
222
698
422
1151
395
999
353
1307
625
334
478
86
1858
222
1108
1713
1557
635
42
190
170
1034
34
1007
3
157
1258
581
1309
436
676
1178
1403
1316
1016
73
358
863
374
1392
681
555
1087
97
484
47
723
55
1554
434
412
1006
1207
1953
1147
2109
112
854
1405
1415
803
469
1062
158
147
648
861
388
1036
383
299
667
117
1125
804
1449
919
940
328
2139
1065
1079
1314
787
575
611
537
52
1046
945
411
801
1474
1649
1156
819
775
684
349
345
246
760
1931
818
16
2336
1033
428
810
1407
24
984
353
418
667
143
1535
1095
387
242
798
976
1169
707
960
308
494
933
958
1083
2265
1178
996
1740
1221
1149
747
777
646
104
222
9
594
975
1903
739
454
906
994
285
394
1873
1156
175
631
1504
312
717
812
421
481
58
1341
384
740
503
898
2068
219
469
63
676
352
509
888
448
691
709
1425
704
878
790
286
1472
770
1212
523
611
869
1642
2189
617
984
1457
595
829
906
463
604
605
1319
515
186
2016
1874
206
656
1604
1048
926
1466
1535
575
1638
889
580
1735
193
1625
2278
87
1329
916
32
1539
101
57
762
279
1333
1419
251
1017
324
1214
1428
1193
429
138
943
1163
322
388
780
473
274
565
1409
2104
461
376
792
570
1746
142
1327
756
700
15
583
378
429
702
150
431
45
467
1250
4
1082
967
1238
920
373
41
267
720
828
1815
629
1340
1398
26
261
863
713
130
2475
502
1294
329
286
1102
1625
450
657
899
1231
2291
12
1136
1443
532
428
1007
1947
738
1056
830
110
428
151
92
274
751
154
85
714
405
1515
838
648
189
744
429
1080
93
1052
575
1606
1553
615
1649
133
1126
774
449
162
1178
737
1749
357
1546
75
265
1156
645
143
1000
683
1455
1351
1864
754
191
332
1049
461
304
1369
189
1206
549
1030
480
486
45
465
497
1167
1359
213
572
530
1647
321
1157
643
651
5
5
938
1411
535
421
1769
606
641
558
213
205
531
264
758
1403
1209
698
550
957
1333
151
1817
69
1049
1096
2302
126
259
44
437
494
790
1216
785
504
698
429
1191
1242
1178
500
688
542
1746
186
318
1963
1161
972
630
694
1880
21
558
728
1190
1180
469
1976
2216
937
112
300
1230
680
1539
1117
1342
248
94
73
522
2159
316
612
777
1195
515
1279
1396
866
195
949
1384
193
335
511
489
745
2027
1012
1848
116
768
692
1538
998
650
97
1005
309
1013
1227
368
492
361
801
1166
625
387
834
753
1265
1836
846
760
823
748
1317
1501
585
943
1401
211
159
1206
810
131
1060
3
936
587
727
458
1119
387
233
248
931
1082
1601
1273
1295
946
1005
176
171
938
871
1258
975
1481
544
713
215
163
227
338
307
451
75
1220
456
84
1324
336
274
269
613
2307
601
1720
1008
230
1307
537
1463
1547
84
45
258
1787
214
667
1267
1049
199
2131
282
948
1223
1956
36
568
282
851
1271
973
598
937
212
778
432
537
1372
1067
869
776
658
849
1473
1694
335
306
292
343
259
234
295
22
1524
550
635
520
1017
328
1435
371
361
1346
310
320
2076
1174
804
98
138
1059
1428
1583
1902
611
786
556
942
1127
918
651
1179
1056
169
158
1014
644
1358
107
1655
91
315
296
954
1533
151
794
902
880
899
374
1572
373
303
1226
53
903
113
532
420
655
1083
54
825
173
799
918
430
544
916
2680
435
1481
908
709
994
529
1386
1148
316
552
792
466
1224
260
1114
517
2335
493
1059
804
13
1198
581
1420
545
223
236
871
1158
1154
1410
858
586
875
198
1110
8
647
434
521
151
1148
2093
367
1413
484
399
1915
173
1519
1586
679
93
1118
1005
104
1577
1667
1983
1455
528
628
1034
1056
778
270
254
391
958
1154
1190
1056
448
158
175
156
857
1476
613
74
1840
473
948
463
1658
152
1074
363
1237
148
1037
890
1041
894
512
127
1515
445
151
145
849
863
1030
1412
391
701
694
753
1789
1421
1405
364
136
1399
550
47
995
477
1222
1322
653
351
861
264
112
806
69
1041
1174
648
1399
724
404
874
749
619
2089
707
296
1253
1904
1819
204
149
1578
38
474
594
327
733
1222
1114
151
621
722
1243
1536
674
497
290
444
158
358
620
690
600
9
1168
524
2426
300
34
966
125
776
836
1285
1473
830
327
855
142
542
561
900
1355
981
691
875
208
389
392
1374
676
1729
907
547
540
367
101
1742
760
841
269
995
1352
62
742
348
1250
791
2255
1027
332
140
945
418
1782
773
160
1000
93
924
1051
464
119
128
804
1704
1524
688
403
105
2854
442
92
1120
1917
19
1049
494
948
429
824
1199
118
1103
918
1125
656
814
1358
664
296
1587
155
192
1059
1989
711
231
536
678
60
2219
451
1681
973
897
568
198
790
929
1339
886
730
1600
395
2024
636
110
1514
860
1503
94
308
169
35
78
771
480
570
355
1261
459
1237
1333
552
377
1125
109
635
790
587
142
770
593
110
1014
1295
730
1187
1090
659
587
1194
1063
442
1192
1028
63
2097
130
785
223
164
1039
817
1450
933
300
862
585
235
487
340
456
569
1849
533
1175
2195
441
190
1518
330
391
676
595
414
572
360
859
1846
2411
79
1236
1355
98
804
695
494
420
507
1111
977
1836
475
1865
291
1366
9
1307
706
1499
1475
755
911
1061
287
292
1307
1264
1091
1147
808
733
1256
834
638
1410
551
2032
1845
685
560
512
1022
100
209
950
432
1336
48
218
462
791
690
478
228
228
154
122
827
1976
296
1140
964
1007
1771
841
376
30
270
720
1928
435
1977
1079
1422
1240
1213
865
1458
114
576
1061
455
290
1154
1599
290
940
320
644
1913
670
896
271
128
753
1785
446
51
971
807
1170
1017
709
1102
1209
32
89
83
1746
1681
123
768
230
193
57
451
736
1466
987
181
457
785
462
1492
654
839
246
981
660
413
2120
134
852
426
11
374
2383
733
998
252
540
523
1013
177
42
2436
88
737
1091
237
406
875
239
1183
1193
809
491
556
1142
1856
814
2380
1100
314
16
2174
1287
309
137
320
369
1223
22
322
741
362
255
730
1191
946
430
2431
107
1347
497
225
2006
1325
164
1191
174
98
595
1340
2021
1269
343
680
429
1091
1129
930
1506
90
435
540
1484
372
1145
1297
957
1683
94
545
488
1517
237
1062
414
420
550
851
1514
1472
230
1718
856
127
970
446
485
84
1074
29
1210
1436
747
1072
1203
748
2429
762
221
42
1488
823
1655
1196
295
30
920
1379
771
1142
433
1854
1796
894
136
864
1001
345
559
1337
775
413
454
800
436
874
114
1051
640
315
200
268
414
1627
160
584
236
1948
55
1138
211
766
2555
148
1203
513
813
24
1511
1554
761
1486
465
1886
1213
1520
295
327
449
232
589
1334
289
966
484
877
784
1316
1391
1266
266
1546
943
2330
319
1581
18
384
2499
781
2503
620
702
1464
26
366
900
969
449
72
518
262
1167
1710
446
84
393
19
1130
708
428
720
38
432
997
815
493
525
852
1541
240
572
203
975
677
543
467
232
253
191
1429
102
567
208
467
468
1350
478
1233
704
1113
2013
1328
1404
71
711
1117
1886
424
43
636
1072
1395
512
717
369
1675
604
1907
173
558
296
1054
257
633
110
1521
1599
180
427
1148
345
321
109
1587
118
23
47
402
752
1256
1401
660
1308
950
927
628
551
1574
1057
209
1502
1247
333
993
89
132
1296
873
631
85
998
754
379
688
427
879
898
818
428
811
545
1156
978
715
301
1905
661
835
701
59
108
1793
803
1145
568
1337
701
363
917
87
1285
680
409
103
805
1739
222
324
1021
891
574
300
83
896
1806
629
108
1233
1932
1453
674
1160
752
236
604
858
362
2281
764
24
863
2718
1222
236
644
431
824
652
943
817
266
986
1205
989
1089
1672
1662
698
521
886
371
1058
155
727
715
344
145
1763
1415
426
744
2617
1175
228
280
590
61
495
1780
515
1301
827
149
349
796
776
854
398
552
239
1400
202
918
71
1224
914
430
1391
792
868
1070
363
198
853
395
541
884
907
929
600
422
1015
815
291
1357
940
1290
2042
2387
602
1375
2030
3225
116
987
2080
22
1551
643
450
951
286
1947
455
987
149
653
374
1705
134
1200
172
81
284
1088
1325
306
37
729
1060
832
568
1461
901
264
393
157
672
921
886
234
1434
735
306
724
2330
216
1277
812
730
2042
880
621
1547
797
1019
582
468
964
549
1882
52
152
1012
2085
611
2098
1264
701
410
866
260
806
682
1521
1156
1589
156
54
488
775
1039
1608
1506
401
321
414
1086
1468
435
1342
1061
825
1320
926
205
266
222
642
766
237
372
39
105
1241
540
422
1189
637
1232
969
1540
810
693
317
177
496
286
1277
1164
686
1034
280
154
523
308
682
276
1270
1847
162
687
967
383
1487
527
1154
1038
1343
560
1475
1550
1123
192
362
1594
207
415
742
1274
790
1440
1364
700
443
1073
20
284
914
117
1146
934
208
955
1502
1156
667
1622
631
800
381
83
642
1142
561
74
1047
1494
347
674
1672
340
834
591
884
237
616
927
1620
104
444
399
595
838
1251
283
1198
915
324
601
578
705
882
418
634
613
42
294
227
1408
1487
1151
2464
459
769
450
389
95
1123
800
476
903
549
422
1329
904
472
968
345
1013
714
635
1105
791
335
673
1510
341
1687
1095
436
1044
1136
334
629
579
1361
369
716
1938
966
513
1226
1299
650
1076
1064
180
1359
575
84
607
153
806
875
538
312
838
198
1479
412
300
1285
950
1053
385
1172
1626
552
1868
196
122
782
106
1100
2280
600
1574
418
776
944
26
481
148
198
813
1440
697
593
235
1008
1959
523
365
1378
1110
825
1284
1566
31
504
64
1274
881
518
628
910
1186
602
249
656
637
1457
85
1481
760
221
612
909
178
79
2013
221
1559
125
1897
521
641
964
747
1418
1247
1788
1000
385
458
1149
958
658
699
1365
613
57
802
430
757
849
1162
20
331
481
366
340
591
500
346
1631
1499
644
909
759
783
939
179
173
1138
836
358
896
1707
819
1309
256
435
774
425
160
720
10
545
655
1138
1312
1366
637
1065
858
508
232
430
1017
1822
1110
1089
306
899
1163
457
2592
1286
375
927
99
564
678
1176
441
1815
1271
1629
3
1433
891
176
834
1389
11
26
421
679
275
991
289
446
1624
648
2450
177
227
470
952
759
1701
690
823
568
302
884
816
780
62
1609
676
159
1521
1073
286
399
1127
1443
326
63
36
947
234
2476
749
1042
901
1969
329
1224
66
350
1061
1640
986
1118
272
672
541
1592
1103
584
1176
716
1148
420
233
544
140
444
845
1130
901
372
16
338
547
1553
1109
1104
1099
700
1482
602
108
115
1509
1474
260
105
849
1506
1601
651
473
451
538
708
80
554
1678
947
385
151
1213
335
605
641
529
680
796
223
273
708
354
280
418
313
311
179
161
1127
1793
418
205
1564
33
1291
1014
393
1220
655
953
178
757
1693
180
961
383
1956
447
823
463
1496
3413
1156
894
2377
1128
591
218
529
420
531
1145
745
1722
1585
487
3
791
199
556
1275
1501
1462
99
1010
628
1009
736
1019
624
149
310
453
5
524
2157
654
776
335
1320
1771
1484
540
958
293
548
94
1126
1583
545
282
29
472
201
1256
1629
1167
705
130
2210
163
1464
1080
1197
937
348
537
555
749
466
165
1500
551
451
101
858
1594
691
438
124
621
692
669
1378
1165
809
983
744
1322
306
698
440
41
969
883
115
247
458
988
370
46
4
670
658
188
295
733
259
1354
1028
1069
210
1713
431
293
1668
853
615
653
731
461
1258
64
1131
1681
353
2302
735
88
78
60
291
1738
2524
469
1769
833
419
1539
704
1216
2069
1524
1041
989
402
1391
171
2403
1051
948
1027
629
53
687
1178
1434
309
758
1085
325
1136
980
1363
68
1419
1317
1324
687
1271
527
479
836
1433
593
1088
1328
1701
932
150
608
363
964
134
1354
701
139
330
248
392
1286
1311
1158
1510
2073
482
238
912
790
913
1358
300
490
826
1753
929
2079
965
1299
76
506
597
814
1179
2060
1145
832
1480
707
1486
262
100
358
1434
598
759
89
587
35
2131
83
709
279
1140
126
998
1752
512
813
776
290
2103
1116
898
1037
1407
368
600
289
373
17
1679
646
856
765
143
54
76
418
984
387
413
1293
783
692
1955
477
1610
811
380
1648
977
1040
436
415
896
1528
390
589
1771
1287
686
1596
1783
674
638
1265
1082
102
1310
965
407
1022
614
1547
531
1009
113
804
966
139
427
978
856
366
487
794
1051
936
1026
722
556
963
330
626
10
446
1342
938
78
299
444
159
2266
407
1915
268
1482
409
666
1007
1288
1994
343
69
970
1299
169
452
459
562
56
195
133
1237
462
483
1367
867
1557
1616
1614
