1D 	 failrate:  0.001373 	 Fm:  448.5642	 且最后的Fart/Frt:  0.6158786466	 Time :  1.9292

83
136
121
27
189
276
219
223
211
354
247
509
377
601
243
277
183
664
671
217
213
249
439
86
605
429
156
607
694
389
896
359
819
208
834
138
42
400
318
429
933
314
624
202
698
432
442
94
515
235
250
197
282
630
302
173
87
393
404
497
182
635
482
135
630
240
982
133
750
664
338
659
841
443
336
35
523
190
465
116
619
67
924
998
112
558
172
390
410
918
425
781
103
295
405
216
182
748
1101
374
871
30
622
435
92
451
763
195
58
1140
527
632
651
284
64
186
540
392
220
188
127
759
427
1547
374
498
971
460
60
89
401
51
332
338
548
860
161
50
483
648
389
115
462
434
334
1392
421
694
402
783
624
43
37
540
26
597
556
426
55
586
1855
345
530
72
709
319
931
392
873
3
404
474
543
479
282
683
186
633
273
381
345
419
501
209
555
1323
119
1274
410
786
98
1365
745
220
1140
458
474
1192
264
343
225
769
997
163
780
449
263
368
12
597
24
227
435
819
616
715
474
225
469
317
542
1028
691
497
446
356
470
411
66
70
203
141
603
627
191
240
877
534
520
682
513
264
492
372
876
60
121
987
132
19
422
425
202
1498
324
403
989
451
601
57
887
1448
280
523
364
82
625
229
387
710
1206
663
271
351
840
1163
498
803
165
41
12
611
563
494
228
504
519
907
314
35
350
144
84
391
143
249
629
415
187
609
232
195
526
329
92
274
343
332
217
686
181
19
435
553
7
194
274
645
580
479
227
977
381
712
102
182
247
79
28
462
327
512
638
1
296
1254
1146
864
741
617
539
968
130
383
593
851
478
712
918
208
510
670
469
630
485
147
16
141
17
835
547
514
200
59
128
780
336
352
59
506
454
101
495
47
302
195
205
123
352
1122
364
449
246
369
783
673
497
1369
230
407
219
1322
224
341
318
55
444
511
756
278
422
373
923
857
337
760
701
430
246
598
108
279
318
197
34
149
473
389
1881
556
745
454
639
448
623
796
360
258
224
1362
538
291
530
612
348
533
751
122
113
457
751
205
460
304
150
101
183
866
167
135
137
97
333
162
393
845
491
136
1027
810
36
310
483
203
1104
650
396
8
333
442
82
739
214
650
1215
523
185
249
258
371
301
535
97
78
475
855
422
362
206
155
978
631
31
350
620
76
455
852
158
428
478
690
538
1043
442
108
379
42
336
299
100
33
89
212
449
378
172
649
800
101
766
550
913
66
224
681
357
456
293
54
647
626
412
274
399
156
13
585
1020
584
672
832
573
561
812
103
398
99
174
368
303
508
833
534
215
793
359
576
418
75
131
563
1333
1223
502
216
392
251
1876
33
167
777
173
127
704
1000
1154
499
637
1546
38
273
297
271
519
12
335
960
36
776
823
53
203
318
618
94
144
852
86
250
937
439
123
141
324
341
255
138
579
845
450
61
1010
97
827
224
452
413
269
393
747
163
4
238
995
701
626
331
370
413
95
554
654
355
630
861
458
424
445
263
491
875
133
906
1523
28
510
607
872
429
386
725
870
1630
606
480
19
688
478
261
813
1001
434
721
257
249
594
81
381
734
52
665
712
522
88
448
40
899
14
625
446
516
342
581
785
523
4
427
765
35
308
687
143
202
852
245
47
369
299
280
132
666
644
337
292
396
792
288
111
274
825
400
38
693
403
143
98
74
386
649
286
387
401
70
769
109
1207
777
1060
767
603
494
245
1182
275
287
258
456
1061
636
378
805
132
405
1086
26
373
565
637
340
699
281
149
295
453
581
649
305
361
1054
620
15
228
64
111
384
557
669
476
1028
379
139
1057
222
218
7
622
503
446
13
235
422
559
1106
139
739
360
506
1285
626
503
453
491
323
528
106
658
189
156
117
45
267
1966
160
611
57
381
401
467
434
571
50
417
473
354
453
739
384
442
112
427
483
1458
2243
450
458
46
211
557
715
1559
409
581
109
525
631
277
564
581
238
397
378
204
53
332
809
274
413
388
815
531
298
361
174
489
442
464
111
318
516
325
244
450
250
609
62
370
228
310
105
577
169
360
1006
509
260
287
171
25
354
400
1032
66
102
234
391
507
420
824
764
940
339
391
725
1224
611
327
254
532
649
159
291
1344
137
398
50
954
422
456
148
67
459
523
53
1334
775
955
63
848
275
647
453
785
191
484
135
904
431
785
63
1064
25
416
356
651
894
173
306
39
309
37
22
612
342
224
120
322
141
154
352
400
471
11
687
153
731
480
218
671
299
545
483
483
382
384
209
214
370
947
230
124
428
580
383
483
630
422
45
375
184
300
955
444
744
1225
168
256
397
687
159
987
265
288
881
402
454
63
670
663
521
401
387
341
222
475
38
284
137
1457
934
52
344
596
27
361
82
372
796
17
627
1253
718
587
691
832
942
684
677
727
268
790
193
284
197
934
16
546
1184
533
547
475
544
465
298
741
255
177
717
400
741
1193
494
693
222
431
403
262
54
4
400
361
356
642
1201
211
491
578
45
98
774
548
48
1029
460
1036
758
527
550
713
305
1054
76
577
27
40
196
119
988
224
293
70
284
316
510
236
983
250
607
523
613
254
1148
600
106
230
17
195
592
71
541
739
915
335
602
152
25
483
59
841
468
473
1094
1371
794
501
526
1409
79
148
111
421
31
814
585
91
275
607
195
1061
206
574
298
167
302
948
1209
532
2072
68
26
548
83
545
353
637
720
1525
1025
456
395
224
889
1357
537
1031
381
815
294
165
444
72
65
149
615
84
220
100
630
230
608
11
53
732
528
157
77
143
1234
243
397
754
518
200
378
564
798
100
206
438
468
238
953
574
50
1161
260
733
486
1180
362
15
99
79
268
1215
195
393
237
350
205
312
742
78
834
413
223
1096
188
207
329
167
120
781
364
436
51
94
939
978
1061
30
678
80
609
193
722
120
470
459
738
104
390
477
58
58
478
838
271
15
217
733
243
494
416
438
475
465
379
123
637
407
512
23
775
420
958
1102
463
310
369
64
327
123
110
354
1246
852
142
118
174
379
303
1247
727
139
527
1056
27
830
397
72
179
270
317
40
408
434
354
239
144
323
1496
426
74
831
640
145
743
1182
701
346
975
534
578
183
223
88
169
343
1644
1
587
877
491
186
274
359
497
171
457
33
728
9
802
124
550
167
361
817
64
80
683
260
99
439
320
398
485
163
1477
775
51
840
160
519
30
156
685
172
744
140
602
3
718
1067
942
974
506
776
65
306
19
245
195
466
905
670
510
444
541
59
8
716
448
311
18
300
1191
780
112
421
211
326
200
799
506
737
803
502
620
3
264
139
352
237
136
57
271
1121
161
155
65
449
80
523
90
568
91
67
99
668
753
1447
768
168
126
103
55
246
863
436
512
556
496
673
371
685
268
398
7
883
135
178
116
696
184
578
568
457
534
13
478
156
234
1188
319
499
342
914
23
331
140
237
338
390
823
926
967
129
261
384
410
36
6
490
649
571
309
616
150
695
49
422
131
51
574
93
517
888
3
457
557
447
363
119
234
658
287
530
323
50
38
658
699
779
911
712
8
1779
648
338
172
302
386
213
563
358
562
812
332
720
314
30
755
477
487
261
337
57
369
377
103
471
377
11
334
556
499
302
203
248
184
643
237
144
51
952
178
694
165
160
48
322
538
501
350
473
857
591
422
251
1113
293
13
760
485
151
51
503
738
143
816
530
453
205
581
295
331
615
301
216
760
284
343
566
749
768
216
601
586
45
621
433
590
75
12
1245
656
214
1173
653
1205
706
316
23
388
566
211
506
352
844
1058
390
842
299
317
13
387
118
83
489
169
145
120
647
75
1977
446
1327
847
281
270
355
522
101
236
1135
166
509
236
267
105
104
317
946
116
133
769
36
983
387
310
709
446
257
402
345
612
69
705
689
122
598
219
262
312
932
272
47
415
816
76
45
5
238
451
49
397
591
34
131
100
475
521
762
881
854
179
12
945
1170
435
585
1032
747
272
682
1272
1083
297
267
273
809
310
459
73
353
477
84
52
726
536
624
811
128
223
765
331
304
390
684
859
920
61
106
361
315
222
775
111
282
179
702
413
181
674
369
63
273
445
582
330
531
497
304
273
367
738
403
519
158
511
412
310
324
769
632
289
79
914
57
603
210
20
43
904
417
295
47
957
538
66
1029
340
432
494
971
462
264
1032
409
874
645
401
1014
442
785
3
939
177
57
547
564
649
31
59
233
836
321
390
684
609
435
525
506
190
1174
1989
1086
729
38
85
113
1834
121
996
198
251
776
48
87
786
67
736
903
158
889
344
366
1164
340
646
254
520
286
356
185
109
36
173
378
956
414
9
138
585
521
924
171
531
446
416
427
1010
746
382
1729
52
205
217
9
170
413
410
377
793
71
472
529
1155
831
87
184
388
1
570
710
1139
538
615
236
274
323
16
95
344
274
261
410
927
823
335
498
183
578
1695
237
323
262
1644
1092
648
105
835
211
55
54
449
531
544
509
76
141
675
730
228
95
1164
336
1625
91
218
407
714
725
41
71
323
575
222
234
611
411
621
81
429
20
610
774
275
299
922
100
832
723
155
67
237
116
537
152
1159
259
250
835
209
365
528
700
169
435
416
1302
888
307
409
226
439
85
898
408
119
118
458
508
820
341
485
378
298
332
92
304
95
825
1087
687
1198
96
46
297
495
495
699
87
65
1076
216
437
399
293
747
413
219
125
79
96
991
792
15
223
1289
29
733
1196
492
878
330
451
33
651
868
1219
557
555
10
302
558
15
164
130
22
142
559
563
632
277
236
282
267
78
358
594
674
455
379
63
32
150
239
985
445
417
617
369
315
881
266
740
558
180
79
601
157
1636
282
85
314
632
344
314
145
94
1604
56
89
154
207
805
1201
202
275
308
333
504
1163
74
599
419
27
369
349
873
327
479
294
607
1307
676
567
603
314
421
523
270
1047
329
952
29
743
210
440
326
526
222
146
773
143
892
688
844
98
1128
376
570
111
518
3
961
37
279
892
64
98
146
120
62
112
231
326
97
563
110
513
142
147
290
62
63
390
1481
522
31
305
619
497
137
1160
383
784
254
354
910
149
52
225
159
270
1086
1514
653
18
250
195
949
957
563
771
772
397
548
208
125
409
890
854
221
936
447
661
294
338
113
585
521
74
251
239
714
502
321
699
910
363
174
235
584
439
107
280
352
483
589
898
228
1506
226
860
820
747
3
84
232
404
875
178
204
1174
3
539
179
124
503
681
1009
495
170
1298
229
633
1545
762
366
792
22
465
496
17
225
458
480
290
76
1019
445
947
230
781
168
299
653
513
1086
391
85
410
1674
344
157
137
114
208
55
504
254
506
599
54
140
245
103
629
421
425
311
764
1089
463
315
166
590
624
548
814
161
59
1120
505
85
363
520
232
412
914
494
76
31
738
396
310
378
207
820
430
410
596
761
85
293
452
446
539
744
325
44
634
335
415
483
719
1005
543
536
44
498
1189
87
203
121
460
368
1201
629
536
1045
605
339
35
1060
430
568
1184
116
45
261
577
1219
1200
704
916
602
238
135
575
30
434
701
294
311
153
378
751
344
622
447
384
399
761
300
75
133
1045
67
80
114
115
164
409
1150
271
216
615
290
485
154
52
19
703
319
95
626
364
103
794
67
52
496
470
292
129
245
929
513
609
836
5
556
156
106
476
305
620
382
329
29
56
597
323
334
151
300
439
1781
1605
639
606
702
537
690
13
301
620
407
1337
103
185
1073
247
48
215
777
795
432
382
489
379
757
381
247
211
966
270
214
399
220
23
348
438
771
1597
339
97
311
495
558
365
980
244
353
179
982
142
749
81
372
1240
352
15
210
297
541
425
282
16
419
87
235
708
1076
162
510
464
257
266
693
1215
105
309
708
76
300
641
444
488
362
1541
731
323
802
421
1092
306
892
347
796
192
722
685
439
920
307
169
202
32
133
389
139
721
295
245
796
557
729
324
142
49
52
424
41
243
116
407
637
591
857
248
216
539
270
436
460
445
465
275
890
110
178
111
611
87
603
320
1208
819
512
139
358
176
38
377
379
21
216
370
82
1396
114
1136
130
445
78
389
171
778
809
816
904
120
69
554
413
117
198
1260
552
226
1136
639
220
226
101
286
296
3
316
1529
693
265
61
454
634
405
1005
125
639
24
206
518
171
473
573
474
36
182
136
807
431
87
286
512
467
769
1615
641
708
620
126
1460
441
644
69
367
642
11
57
827
245
14
954
151
502
415
243
279
146
233
323
675
244
854
354
532
396
194
447
663
736
443
652
666
372
532
151
611
1257
93
409
197
436
565
482
737
236
348
825
68
486
90
759
558
523
46
55
556
8
716
709
270
174
257
256
1389
446
971
1240
316
371
412
112
313
183
655
403
452
215
666
253
90
1434
412
330
1523
81
347
347
878
30
134
135
400
220
250
1202
704
352
1400
569
333
706
1115
769
38
584
362
881
307
188
590
803
733
959
161
397
243
474
42
471
534
24
31
77
67
1178
251
41
81
394
271
904
353
430
130
694
816
399
1195
535
636
21
68
609
191
810
294
284
510
336
403
969
225
471
231
125
233
424
224
178
542
417
142
289
660
582
1082
732
338
630
560
553
797
553
378
187
51
579
622
693
243
288
280
122
426
8
527
619
504
519
549
144
381
360
501
144
311
375
397
188
31
259
338
680
54
853
265
421
294
251
186
19
284
1278
256
250
406
761
84
719
1688
539
153
1113
367
1217
471
431
340
757
192
261
654
63
119
32
364
76
564
465
318
126
131
197
1284
283
246
26
58
679
493
123
268
584
480
1580
450
185
782
124
268
361
772
636
469
885
528
431
21
179
4
419
1326
220
230
367
711
903
1078
793
595
1322
736
217
901
1337
69
173
978
65
78
421
159
707
5
342
712
663
1172
546
826
443
337
837
815
620
231
154
327
455
189
83
168
721
709
435
634
129
976
164
372
509
1227
303
761
46
271
126
478
109
146
369
57
1022
317
568
508
153
45
202
86
223
317
260
177
219
567
726
886
194
141
435
330
579
30
136
841
433
520
323
117
335
937
291
198
38
518
505
515
215
293
921
123
849
30
1537
147
222
713
320
969
435
27
1593
88
559
341
397
498
143
122
625
329
881
709
541
15
506
766
799
1274
140
80
148
37
814
113
556
48
776
607
663
248
1059
177
217
203
587
56
336
144
19
50
392
160
359
169
209
255
357
226
650
816
621
721
689
390
619
260
567
908
174
2
102
131
243
193
430
21
367
1078
163
811
322
983
335
836
406
939
22
508
1235
148
314
608
3
653
101
962
348
1153
1195
141
200
48
571
216
139
673
487
430
72
1409
699
273
169
452
144
483
516
240
167
225
470
239
558
475
17
583
146
362
163
700
298
51
890
1204
60
353
207
301
146
671
271
655
151
204
248
11
81
304
57
245
336
352
1217
534
1096
673
500
378
451
768
1029
173
271
59
855
638
568
533
865
1109
368
300
277
1261
1531
931
202
96
387
74
1005
334
181
1259
182
1692
64
93
752
137
330
527
77
405
12
539
454
787
786
279
206
276
193
173
266
1062
13
120
259
375
604
1002
454
152
391
114
177
217
218
997
41
937
394
578
595
284
1
604
107
327
236
67
373
26
233
526
491
712
567
435
215
52
222
380
242
102
100
54
252
555
1017
345
220
450
733
292
337
549
330
74
401
38
594
782
824
445
324
159
10
404
55
113
277
727
91
757
146
413
338
286
70
872
274
313
735
694
775
1088
248
224
196
709
1054
3
1135
487
571
1026
361
357
559
224
120
107
64
15
435
466
399
717
248
164
391
479
148
137
1285
215
82
1554
147
645
429
511
620
727
193
990
315
239
229
553
438
169
902
906
73
768
1435
39
175
782
245
3
247
535
73
20
656
283
211
428
1019
373
420
983
208
100
1
577
350
50
333
266
1936
435
533
852
145
534
7
246
546
249
638
390
944
456
241
543
759
302
61
711
236
525
865
177
1293
83
1088
324
322
615
600
58
221
476
366
91
707
437
339
730
435
558
33
471
471
291
743
255
227
637
42
251
341
152
226
534
274
411
1015
467
574
434
500
70
95
689
878
318
192
362
341
14
835
634
912
1199
68
314
381
689
63
532
499
114
218
422
676
582
695
1307
381
343
578
174
350
43
150
797
689
1071
86
913
532
717
35
583
370
187
1033
422
481
808
400
290
358
985
114
216
285
846
1134
520
509
84
532
358
3
548
551
989
369
391
64
630
275
121
244
232
174
957
443
617
765
482
44
80
278
344
358
418
328
138
155
132
538
124
521
318
1742
60
352
552
276
810
415
610
330
342
573
702
258
602
839
225
49
756
1023
1093
188
463
453
317
80
445
112
921
539
200
126
237
1199
428
395
159
271
301
62
183
505
280
1360
388
244
152
494
612
903
425
857
360
548
1102
584
221
866
338
809
1371
723
138
195
419
183
487
18
114
270
1312
350
269
593
741
106
343
656
13
123
299
236
97
884
264
152
301
752
597
900
496
25
180
1025
799
690
324
97
9
417
162
419
1238
238
425
50
136
330
377
55
735
618
179
470
675
778
31
88
346
902
349
635
369
87
370
503
895
270
26
199
833
463
406
259
612
359
596
655
354
29
456
516
331
196
658
84
466
316
637
52
141
383
499
155
633
55
309
407
233
484
190
558
534
470
1030
910
266
452
388
126
524
507
197
174
1243
129
1218
104
513
819
26
590
670
740
734
298
34
427
136
54
407
45
530
177
246
529
456
348
85
226
382
189
613
396
438
147
1120
157
179
10
914
654
723
743
252
419
225
397
247
26
714
971
490
98
582
461
372
26
111
490
677
359
460
455
1
175
923
20
550
185
808
180
617
376
1431
91
381
218
422
99
252
963
169
430
303
156
96
302
636
67
1192
1079
1036
525
50
559
746
1098
663
322
795
1403
60
263
692
531
766
853
878
259
330
571
592
311
274
339
366
112
106
641
200
764
602
222
1168
980
34
248
574
459
233
548
267
111
84
82
73
122
235
274
572
654
129
31
570
978
130
591
94
1177
171
549
95
39
720
280
47
755
66
697
197
1184
849
743
617
300
181
323
30
618
412
45
269
31
1562
295
237
522
175
324
1184
294
187
646
532
787
412
639
99
407
753
211
1389
303
120
432
523
573
272
60
427
275
569
347
505
505
1448
164
786
545
816
1380
973
269
41
988
290
144
756
483
1011
406
301
82
223
117
234
1041
119
3
467
671
238
157
382
315
632
34
621
470
630
10
29
630
351
628
678
804
23
937
140
59
447
281
35
538
728
431
492
406
370
683
154
630
582
49
614
246
820
494
521
919
44
140
1403
341
423
281
401
139
261
629
959
220
466
371
328
244
98
945
230
330
407
241
769
766
438
380
203
379
955
590
213
14
1422
906
336
1565
846
108
351
452
329
314
707
517
630
264
791
810
421
112
411
459
606
339
597
318
87
312
1289
91
166
253
16
610
168
386
909
313
337
41
580
644
147
603
814
351
894
432
495
372
928
167
507
791
319
523
208
1030
389
537
2157
231
65
482
97
171
469
787
468
40
144
469
969
524
379
463
608
314
1277
509
221
435
59
458
809
88
790
756
639
532
299
680
199
447
116
526
728
120
87
958
886
1155
162
697
320
406
365
161
959
601
100
743
39
932
584
321
346
438
165
300
560
991
591
525
651
431
493
227
618
218
260
404
255
334
387
374
22
221
509
690
587
556
622
1291
698
1388
519
450
163
277
522
175
530
684
513
91
101
20
742
1010
340
109
156
1531
330
239
182
230
358
283
116
236
737
133
494
1012
1181
403
631
106
254
1248
642
97
1099
179
791
427
139
135
404
677
268
171
334
716
106
241
398
861
416
1056
779
66
328
467
462
66
288
705
90
568
312
581
223
434
401
1511
358
248
437
598
228
50
1306
574
167
235
608
209
348
90
191
18
65
337
551
66
134
733
841
600
300
140
502
305
344
43
375
470
741
210
112
45
537
496
316
147
150
645
439
409
789
1272
496
57
408
299
385
292
788
565
1304
488
463
12
1284
401
313
709
201
89
148
628
53
311
44
185
154
474
724
408
570
100
170
1451
171
356
799
1037
220
61
156
339
119
427
478
1187
513
105
590
235
750
124
403
43
729
107
247
318
15
348
694
347
385
349
714
1215
320
406
164
611
778
413
96
461
502
200
161
499
579
312
224
19
363
457
564
568
104
231
752
137
1368
338
228
1370
855
701
400
706
422
397
470
573
396
608
466
599
1017
64
52
182
43
459
232
386
525
338
449
182
459
123
138
342
807
558
294
140
438
1392
65
74
342
172
41
5
752
195
504
740
720
1144
330
654
444
1819
435
304
117
1043
96
1356
191
848
1379
302
195
770
484
1435
248
203
146
309
437
156
128
459
458
404
495
15
336
186
679
734
414
106
353
238
461
428
248
779
233
1022
561
279
674
35
500
329
180
228
1689
308
67
443
256
724
697
418
456
131
140
665
120
618
614
59
805
6
147
110
481
387
202
710
986
175
471
531
138
27
176
145
532
330
606
60
227
314
485
186
323
1189
116
708
502
54
1677
9
481
5
629
702
447
328
248
526
23
306
172
578
490
306
860
239
380
423
35
695
625
45
275
680
930
57
1266
81
860
23
619
395
1038
599
777
13
98
98
32
105
507
28
439
179
120
430
756
792
724
560
381
410
662
424
389
707
586
339
952
370
728
229
1508
350
659
294
100
312
288
652
41
43
158
207
374
346
1299
353
502
38
239
41
118
908
261
1221
396
26
392
620
958
740
382
160
965
432
611
619
192
977
232
494
608
409
39
773
568
731
46
117
263
190
646
248
79
307
560
553
1007
135
386
53
532
479
84
853
165
530
486
4
119
889
50
16
265
247
324
702
664
424
125
818
495
395
262
56
185
516
364
778
239
607
402
606
211
524
515
421
391
498
110
9
203
63
316
81
351
346
51
1040
70
33
561
761
498
38
662
303
515
918
276
217
243
144
402
171
242
847
24
350
247
331
258
240
806
358
742
614
288
435
260
510
391
7
520
289
729
477
935
176
499
563
355
106
37
685
579
573
504
595
955
1032
87
523
886
641
355
453
1033
598
93
333
463
543
311
654
779
507
151
321
216
33
178
412
391
474
293
536
246
926
149
54
249
223
429
85
278
160
295
222
1177
429
341
181
782
14
15
780
890
435
388
366
83
233
8
800
597
354
583
730
308
41
255
894
434
605
102
285
85
479
761
661
1211
3
775
634
639
106
539
5
115
1416
290
651
330
698
428
437
340
992
267
377
819
25
53
86
615
530
370
635
938
901
506
168
267
746
514
339
538
680
492
666
204
523
478
345
247
379
744
148
51
55
277
557
293
581
192
297
865
285
656
455
114
664
41
334
543
305
203
664
965
156
459
156
166
884
74
161
31
569
582
356
674
1026
136
304
367
158
365
215
491
429
23
947
816
285
100
524
71
241
560
326
5
461
1081
100
265
327
174
115
401
711
737
858
419
175
184
442
10
721
1570
781
101
46
643
1107
74
488
42
403
376
475
238
832
584
438
213
116
946
336
509
202
121
348
1557
150
8
533
636
252
236
479
677
613
350
201
714
692
124
1165
1113
892
13
115
1062
83
247
352
123
135
317
66
60
7
642
309
247
124
610
771
898
454
1185
1558
2116
