2D 	 failrate:  0.001298 	 Fm:  471.2888	 且最后的Fart/Frt:  0.6117328623999999	 Time :  3.3838

86
136
157
180
286
87
419
293
115
323
164
2
246
361
764
958
949
947
93
204
1096
267
117
274
953
251
711
183
1224
23
259
724
649
366
3
14
725
835
929
73
56
180
255
3
844
326
387
205
661
788
382
511
354
206
768
164
1441
858
636
233
834
149
660
391
237
104
105
114
25
340
83
578
624
380
413
191
602
687
582
643
17
256
512
107
777
392
791
468
1374
333
637
845
177
1199
54
108
127
659
526
591
714
319
1076
42
302
148
76
107
353
595
83
1318
177
100
1007
342
400
1014
645
68
536
82
210
339
308
1283
1312
264
226
72
251
333
22
798
491
375
411
63
163
373
477
78
86
183
421
1209
334
47
538
123
1453
668
197
256
247
85
74
548
593
2
730
417
598
908
1843
771
1520
272
110
1599
624
6
47
766
496
62
27
20
345
214
1127
824
118
1177
238
1218
249
1326
231
449
88
60
48
777
179
105
170
673
781
53
1189
878
98
92
728
68
111
350
101
704
291
338
533
379
44
866
1195
331
670
1455
63
958
29
634
451
322
743
604
337
62
254
12
351
1277
275
846
844
75
451
309
633
1161
6
129
563
152
2159
358
1540
376
76
143
183
463
337
159
40
296
698
642
1712
723
691
899
722
215
739
464
503
52
595
835
403
303
457
328
121
52
286
355
69
188
185
879
463
345
1995
94
113
202
1395
239
231
277
36
1042
232
724
237
107
615
1
117
544
131
433
246
32
758
458
393
818
765
438
151
185
221
324
574
81
505
90
598
755
344
140
1125
29
195
1093
84
215
118
289
282
395
360
640
1876
432
896
57
22
388
1217
1107
217
326
91
43
156
749
520
621
1713
168
616
463
167
1364
147
459
555
576
632
116
1388
16
302
386
311
1243
137
520
758
288
379
696
29
171
185
944
1853
1242
1301
54
321
893
352
1403
287
17
1134
290
599
455
437
288
64
834
246
727
232
255
76
130
208
844
16
1131
259
435
610
165
1045
1222
199
96
255
1271
238
18
114
207
760
475
677
61
352
495
705
67
815
54
2253
217
170
447
294
1073
51
722
238
408
2
353
171
83
192
170
453
1301
1178
241
246
1217
564
208
1125
513
113
127
84
311
162
211
849
391
359
62
279
371
28
1441
364
570
211
379
948
477
99
138
160
564
267
138
310
699
574
71
686
1011
59
239
218
2034
393
47
358
81
225
727
422
94
1291
612
1532
141
333
240
30
736
1073
379
805
95
686
427
124
354
53
50
83
313
856
307
117
68
1439
273
821
1122
371
365
96
651
62
107
251
905
99
280
292
484
1781
559
352
106
74
12
55
62
84
912
346
37
62
305
510
72
56
76
34
423
871
611
175
49
197
651
61
38
1292
330
148
349
70
184
183
772
367
37
357
1705
390
2
780
502
106
268
311
30
524
137
612
121
556
232
775
51
625
479
462
34
76
848
214
79
1165
422
732
126
812
314
183
192
978
868
20
416
478
157
1339
552
411
1438
122
389
183
34
20
519
165
55
117
304
808
464
104
623
448
148
111
421
467
1733
45
292
12
83
801
216
243
831
512
589
309
35
277
13
2345
1225
1850
220
1271
470
169
272
246
40
267
42
52
258
652
89
81
162
85
259
189
1259
442
48
1711
689
109
644
102
302
392
726
124
991
555
487
1033
111
49
1105
347
831
300
119
214
66
718
1465
405
395
357
153
641
487
105
524
955
956
1345
150
282
294
117
337
48
367
61
1439
649
664
239
81
45
232
715
183
149
258
220
751
558
112
470
569
528
611
581
545
503
135
1396
285
486
211
180
119
857
901
547
1336
966
712
169
1119
702
529
95
2
1193
1199
93
39
1160
161
344
30
672
149
149
270
219
851
163
142
20
584
301
109
670
414
366
12
174
425
1861
1353
195
136
160
2540
246
518
467
667
68
597
506
560
426
405
828
349
511
1360
195
38
293
968
98
575
122
450
38
476
16
177
41
934
29
672
50
545
747
31
389
258
605
380
653
604
945
198
1324
259
284
487
1198
151
873
338
420
27
137
1731
309
198
627
766
294
142
221
537
354
816
168
39
95
555
406
179
301
377
25
157
77
347
27
222
489
10
103
1697
966
504
366
1181
500
94
474
898
1262
2
236
649
31
2287
179
1237
185
217
101
571
543
160
167
514
716
103
674
436
107
1250
1760
923
281
1258
15
502
59
119
461
122
891
757
393
433
231
253
65
379
238
807
390
468
351
143
106
488
283
130
425
18
302
234
572
433
414
76
744
505
46
121
181
226
14
152
89
721
87
699
21
808
77
581
97
89
49
978
119
54
367
45
279
520
246
207
608
771
521
190
129
575
84
128
138
758
41
889
1397
374
26
1376
546
105
307
681
92
831
480
363
966
40
1222
50
740
469
79
136
2359
69
221
167
616
1015
40
883
219
498
1051
1290
101
635
361
43
1163
229
750
121
57
612
26
184
1167
351
217
838
34
1491
635
234
241
662
114
32
146
148
557
1276
18
437
218
62
140
600
373
1397
780
79
374
619
542
801
1643
468
503
226
146
46
225
53
31
481
71
125
730
791
42
193
415
353
824
71
31
117
468
263
461
128
784
233
135
1695
619
37
719
518
555
337
133
457
26
410
1015
361
412
14
1130
22
361
860
152
1789
507
70
232
162
307
1015
45
442
151
1117
1246
495
334
658
250
788
2
688
148
87
265
3
551
71
216
678
1220
25
808
69
404
863
310
53
368
140
99
388
1279
1311
1248
920
679
141
542
147
135
744
574
390
1476
784
781
204
1598
1346
1
542
298
317
149
590
55
593
100
332
198
520
552
267
1071
439
186
659
295
299
1111
659
750
541
19
804
366
224
817
530
1265
142
537
630
992
897
219
31
441
728
885
41
192
649
465
113
703
221
111
792
129
1222
182
470
713
91
443
107
174
235
324
562
487
697
635
1582
218
97
421
134
83
272
1431
754
1059
159
1104
397
167
744
157
436
184
869
323
735
590
748
1070
281
292
1055
1267
445
55
217
874
504
85
215
502
491
440
84
808
12
80
206
152
1005
34
171
191
4
705
642
306
331
121
577
636
280
67
345
1055
592
623
312
1007
229
322
504
408
27
1093
1297
35
120
137
345
641
739
264
219
537
81
854
181
691
92
978
179
1448
79
1457
174
998
15
530
529
514
94
259
583
211
618
215
531
282
6
66
27
464
78
278
338
887
260
2
96
503
103
773
1130
35
1028
872
768
497
270
365
751
1300
67
169
2
507
667
848
125
357
35
489
391
250
359
519
1406
478
63
295
241
231
105
597
122
699
783
462
79
1185
276
474
372
360
442
250
367
1161
84
872
1470
249
209
432
76
1238
71
407
561
1187
866
888
519
365
351
83
646
360
172
734
842
140
1175
227
14
18
800
1767
499
341
223
1002
698
73
527
759
98
1102
206
695
861
129
564
1172
741
246
691
496
1083
379
757
156
297
777
1395
701
499
39
320
725
616
617
92
686
122
73
382
68
231
244
435
90
387
156
12
19
208
231
885
418
97
280
223
585
208
281
473
589
756
451
23
470
103
69
304
1532
339
793
682
1709
116
477
568
496
82
951
22
437
253
117
179
56
97
532
213
114
1264
149
489
260
185
52
231
483
209
300
976
236
680
317
75
525
36
371
117
187
174
1118
681
547
314
198
189
237
365
619
379
324
969
55
348
456
200
383
1233
398
384
401
30
493
1080
694
20
1408
515
589
132
515
18
414
573
50
364
125
596
855
512
1391
335
463
324
585
964
346
1758
105
2371
440
570
256
338
1787
247
56
59
404
846
929
344
220
985
264
46
282
422
110
575
367
117
712
566
460
67
785
751
69
563
551
558
175
340
283
25
42
37
253
402
26
45
282
660
909
399
43
497
959
197
495
289
267
2687
1083
1192
244
14
50
199
293
793
578
93
437
70
225
180
240
1036
103
17
301
580
82
51
748
365
202
703
1173
241
347
14
492
792
67
173
134
1540
66
449
920
101
1047
43
1346
147
208
317
846
640
597
1454
520
641
364
381
132
116
48
417
202
975
205
287
98
466
675
96
110
59
98
60
985
415
682
412
668
408
824
244
784
179
886
1170
281
517
293
16
1205
142
243
107
402
1019
687
1019
1369
222
449
507
322
473
229
310
364
637
420
97
201
535
114
223
831
1450
643
157
711
636
121
817
862
47
532
51
306
88
357
234
162
35
647
832
347
610
1338
245
131
349
723
296
86
229
243
313
699
2016
323
230
180
329
624
914
830
326
453
119
16
270
1656
2
2
94
375
129
1099
324
798
504
222
855
105
143
82
234
239
719
498
386
292
20
196
51
67
264
335
201
449
455
609
262
1533
1323
1513
113
799
34
288
965
419
79
605
693
128
103
1632
191
206
615
757
49
742
1274
8
1939
549
148
96
101
1042
362
729
141
125
820
510
394
28
118
175
428
23
5
127
1151
804
260
34
265
434
280
328
1161
62
41
941
34
626
57
65
1666
668
412
31
689
325
962
396
342
531
493
1037
132
148
139
122
35
220
30
218
466
199
197
309
806
92
527
628
1167
465
335
413
1083
42
1127
990
378
395
322
352
964
68
489
182
11
1400
606
670
647
529
368
262
312
155
167
443
110
159
46
189
1582
399
360
227
45
592
764
627
528
83
75
87
504
372
161
409
225
1063
1184
72
49
1296
1752
940
340
188
410
756
12
1273
497
539
865
309
230
549
541
12
451
779
871
630
140
136
698
271
696
135
878
580
112
123
449
600
610
368
734
59
54
174
306
30
177
211
478
303
735
955
74
2
1632
94
150
440
931
147
501
706
136
853
88
631
52
513
1187
169
81
1437
512
113
303
537
852
475
2
340
238
101
39
958
235
484
393
764
358
456
46
719
408
159
245
246
458
217
27
21
173
80
261
28
456
97
597
1
47
320
622
819
857
266
319
347
318
61
1174
156
52
121
876
596
562
579
272
616
891
822
20
314
893
383
1242
347
1040
497
1290
1178
944
383
998
159
280
1448
726
581
371
2444
112
664
573
1527
436
86
228
89
1016
699
665
288
308
288
566
138
276
1159
285
622
630
191
128
363
56
428
727
118
38
51
231
482
529
687
75
610
71
780
1038
1105
556
150
214
539
611
706
68
131
160
159
835
681
1333
982
690
179
229
606
208
217
410
1183
139
620
421
415
397
1144
219
3
212
944
12
878
991
150
159
243
27
275
608
5
469
380
109
665
324
834
1652
733
1103
628
163
454
173
71
962
284
450
457
716
218
588
39
801
207
283
30
52
1253
510
123
423
796
258
415
341
932
446
1151
422
469
816
207
831
263
166
633
331
551
704
542
330
78
1194
76
158
79
1130
4
251
971
172
598
47
110
1900
162
99
326
321
59
833
251
58
80
483
263
91
335
736
235
24
1619
50
115
880
120
907
367
444
143
469
963
1016
620
862
252
263
558
165
70
2
468
482
986
1559
208
150
36
436
872
445
293
291
47
409
40
98
352
112
521
302
643
666
327
822
557
62
1293
240
730
114
412
477
288
304
242
814
55
318
209
13
1110
544
69
121
15
1204
84
164
990
887
1130
331
851
209
542
169
96
715
1177
251
279
602
120
2417
905
313
12
903
55
314
264
60
21
915
1085
934
512
387
1214
53
292
138
804
245
546
244
59
219
649
604
579
373
442
525
924
1223
338
318
69
585
1031
225
205
210
497
280
444
40
66
292
788
210
518
169
107
143
536
109
155
667
936
2247
624
39
263
2103
292
125
146
289
366
26
670
480
241
1300
312
592
50
1041
4
45
510
433
222
909
234
564
224
156
1403
859
721
555
482
242
291
751
448
167
3
111
1021
1110
259
1786
447
1505
552
144
1795
151
555
147
157
292
257
560
767
543
717
21
114
368
257
512
3111
77
259
846
128
87
351
564
140
517
566
744
75
485
70
911
940
494
221
76
399
56
633
11
761
366
187
470
482
402
368
148
492
155
964
784
173
1384
42
526
126
381
497
88
223
332
1355
1091
1020
521
101
166
1000
914
13
343
2377
680
153
206
703
629
89
472
397
545
37
55
88
550
513
174
392
436
1155
110
325
1176
2250
234
1210
57
4
96
44
253
274
488
931
67
38
151
1468
742
1119
206
727
821
307
256
147
762
345
390
294
53
853
1250
80
15
1141
178
513
604
450
101
2106
423
615
91
126
194
514
1099
669
193
480
353
199
1829
146
308
800
654
163
23
390
2099
1990
738
215
103
139
200
616
150
297
61
120
333
170
273
401
473
251
976
1232
699
532
816
658
724
289
486
315
473
2142
486
138
376
154
676
688
294
544
121
142
142
807
723
616
488
416
548
1034
154
379
34
188
159
559
494
340
107
447
610
558
26
94
42
141
246
1281
996
1085
404
615
73
850
504
5
347
43
63
336
1989
31
306
87
429
199
749
156
291
348
153
873
10
450
61
786
1250
526
460
472
13
265
839
119
1412
45
170
690
589
130
529
343
786
795
681
541
429
186
1362
538
268
5
1864
431
467
1450
210
80
1405
1269
739
333
123
341
784
176
17
91
416
337
450
327
662
485
454
136
481
795
605
59
692
920
479
1266
933
401
222
542
47
1120
96
910
46
225
41
292
163
69
722
742
122
115
73
49
876
372
879
17
479
196
846
459
604
548
265
1452
395
244
208
614
628
279
770
192
79
536
491
2141
564
107
304
91
574
245
539
412
50
844
458
181
414
437
830
530
689
537
421
586
1545
727
41
185
1054
325
1122
631
899
691
45
90
653
119
198
936
1503
1322
337
85
633
636
273
364
208
65
251
710
1033
1515
613
204
13
152
1068
674
38
167
1091
189
409
370
66
1104
654
799
538
62
629
1351
329
1181
274
633
149
473
1141
366
1005
99
600
13
1219
307
1126
256
392
105
601
765
1179
232
434
300
829
256
130
639
1429
440
135
765
447
672
824
69
299
115
77
513
563
765
1126
628
60
645
254
1966
175
308
606
221
31
896
409
521
673
180
940
578
206
695
192
456
293
548
923
603
724
27
327
156
108
2200
755
1509
846
287
97
543
524
164
504
128
962
1881
160
492
545
106
353
228
164
117
36
464
458
206
834
269
507
294
38
586
311
1055
338
590
18
125
350
455
133
211
49
330
322
367
44
297
262
257
672
838
1156
1206
680
54
171
90
416
199
585
721
834
258
425
1442
283
1463
969
330
146
1044
1681
362
860
732
88
259
497
550
999
444
561
757
818
329
68
38
714
648
14
222
44
995
126
107
576
513
136
324
12
42
360
55
308
455
663
942
498
689
277
143
167
31
70
91
293
273
653
161
716
71
170
950
1240
57
70
1030
426
729
1541
778
1017
194
59
42
68
84
1206
721
51
42
349
724
193
1648
96
700
442
565
519
567
343
825
24
383
732
165
776
914
600
486
421
136
143
556
352
49
184
339
665
781
2081
356
56
968
1013
659
641
335
100
1002
949
66
313
25
1446
703
905
1118
133
213
207
1194
146
737
145
524
751
546
236
54
713
261
60
33
1666
78
107
157
515
407
97
153
713
300
244
213
152
36
88
1056
223
2334
325
1092
630
29
973
888
1126
293
36
470
853
1032
86
987
1158
178
2050
556
486
494
850
495
969
294
606
34
425
18
37
2
2055
28
534
376
937
738
462
832
321
193
739
426
632
1590
414
551
440
80
614
356
46
203
35
711
286
1169
285
80
72
489
569
376
394
656
851
1372
158
205
191
477
448
287
194
573
139
388
296
1125
216
2044
1117
235
228
1194
105
137
248
734
364
250
1004
190
248
125
534
1033
694
278
1570
1006
272
320
226
419
90
73
1123
148
472
587
895
100
1368
531
410
92
1527
600
920
41
175
25
411
349
397
383
153
869
191
303
2031
823
161
248
107
916
382
645
198
392
677
2984
62
79
362
55
172
75
139
490
468
1129
674
149
158
1049
451
36
217
52
541
749
540
251
335
238
230
106
1042
80
976
747
891
104
520
263
23
20
1259
1266
730
414
21
164
763
866
272
66
187
120
1220
470
716
323
718
503
73
462
497
628
40
260
494
859
422
174
747
1274
178
648
34
243
613
468
1239
2
1894
635
81
144
1203
1380
1049
62
267
35
500
115
372
350
264
296
69
353
559
298
1539
635
78
348
156
277
491
456
727
56
920
1
74
739
457
1048
453
34
53
22
1
79
603
58
716
43
498
111
190
383
724
386
199
294
836
675
1443
740
17
143
515
973
325
505
504
959
403
117
658
348
393
1225
265
993
536
250
510
736
607
2440
1135
484
280
1205
553
154
1298
1260
173
90
153
119
59
975
1392
941
93
432
3
426
394
47
258
136
1053
1396
415
525
280
1426
333
299
200
87
36
293
46
1067
298
220
640
50
504
281
155
168
310
378
1063
822
124
502
55
183
327
161
125
102
203
312
177
624
477
487
762
950
440
170
268
11
504
353
807
232
408
252
541
257
1001
379
50
1152
1174
812
674
40
34
457
139
171
331
286
148
236
221
114
296
359
628
112
268
472
199
62
547
1162
1132
64
1980
37
375
110
2
160
251
99
189
749
199
411
33
369
712
162
116
179
49
436
512
23
12
1167
325
531
72
708
1001
1271
326
198
269
327
214
812
540
235
203
156
232
294
1027
341
1801
484
581
161
463
114
1674
166
971
1020
349
1247
778
1335
101
1361
1090
504
960
165
680
591
311
478
314
385
760
707
427
1140
363
1256
505
87
147
569
1019
422
781
520
493
128
987
265
278
182
27
52
53
1550
281
45
680
688
557
234
696
996
501
294
518
390
529
824
575
630
657
1261
175
282
4
570
72
468
53
1494
856
1123
2457
323
366
92
956
326
194
2
68
35
161
832
656
1178
146
120
844
136
635
908
2
731
52
480
161
157
474
294
795
255
24
339
9
295
55
243
1147
416
1746
262
316
701
26
92
603
981
870
126
377
816
443
261
69
1323
49
116
294
9
1326
760
534
699
61
322
235
236
726
439
84
252
356
1002
531
99
1337
382
77
265
300
867
257
355
365
116
721
91
1065
1131
412
47
483
631
1242
148
245
826
68
107
189
114
160
238
712
390
724
187
381
815
398
412
225
32
746
208
494
204
147
1386
999
99
349
170
39
742
511
131
1090
124
1665
58
1348
378
176
368
98
59
615
630
150
379
1681
678
999
1547
908
2065
449
117
112
38
505
1007
439
217
15
110
19
142
267
219
926
638
97
17
298
1210
840
263
75
651
401
123
161
532
295
1544
1103
632
1276
90
243
1225
450
449
532
13
247
441
75
775
133
130
202
122
357
493
54
138
71
97
97
51
481
77
556
169
139
1332
362
118
61
266
100
489
107
74
346
1523
552
3016
207
386
289
765
103
152
536
818
291
217
375
294
265
113
559
563
175
472
145
363
835
1335
114
47
435
334
439
432
499
274
1271
628
74
829
356
17
321
53
817
1229
528
645
251
122
1198
146
72
621
1202
2002
223
161
963
688
914
636
286
755
198
439
1570
816
10
439
362
11
89
64
115
362
591
469
473
792
465
190
68
305
18
92
101
44
362
15
489
59
1606
412
85
1625
231
495
121
1018
83
303
361
169
527
16
105
34
1406
1086
132
250
1009
87
714
1470
673
126
1496
60
648
463
352
204
877
397
254
382
457
385
406
675
488
574
93
310
264
589
268
347
321
68
153
1123
1595
418
55
486
670
1212
78
183
659
76
729
39
357
731
263
532
136
179
163
1421
1441
98
623
332
544
469
731
461
534
171
786
166
137
118
903
267
479
323
960
577
17
180
124
307
211
200
1152
541
481
191
1177
1305
777
797
1029
659
121
82
204
362
511
558
240
799
102
448
96
690
395
593
275
55
438
766
2027
1051
400
44
135
46
399
1685
636
398
296
253
161
333
362
636
958
826
369
126
313
88
218
669
40
477
85
465
532
67
827
72
52
304
261
668
988
331
224
111
1091
116
737
814
99
623
402
309
387
682
164
107
285
76
1819
43
1191
82
223
971
276
39
749
55
93
55
3
92
2
79
112
146
67
730
272
377
46
687
19
728
97
108
883
1458
74
513
1225
439
50
255
840
23
504
205
620
886
634
320
1057
129
818
342
254
319
411
595
736
1114
458
823
344
208
2
103
129
870
403
928
285
345
445
667
19
697
408
892
56
584
418
896
97
114
594
157
669
45
99
521
1418
435
1047
39
1331
185
1159
1695
648
121
658
340
129
524
350
137
176
750
549
62
249
754
77
87
333
74
369
1280
385
40
437
47
164
421
980
26
129
744
1151
389
265
591
1109
61
192
1375
457
201
198
81
759
755
1566
202
65
77
28
897
164
422
262
575
994
34
1911
46
411
778
565
100
88
163
615
957
113
54
343
193
256
201
36
693
165
874
167
99
43
2233
290
161
615
77
238
534
114
208
92
223
319
769
115
98
221
501
222
98
758
239
1257
1079
108
83
137
64
153
14
113
33
125
22
92
151
176
432
82
197
214
770
232
1539
655
270
707
308
730
461
329
609
444
528
714
646
290
697
113
192
21
448
404
785
110
276
266
393
281
80
317
381
540
1090
574
118
425
575
279
70
1177
921
169
491
71
648
242
1022
19
464
560
785
292
767
867
1218
152
99
136
45
206
485
316
58
328
38
740
37
302
1508
33
376
529
129
593
611
84
205
364
398
98
1172
96
1254
1467
153
186
606
478
84
321
617
143
311
332
2796
426
102
90
853
2
755
357
903
116
191
495
115
35
253
779
739
225
336
52
114
1139
244
285
19
520
605
293
1131
735
100
250
46
1173
34
541
53
827
334
1264
98
212
132
269
1298
1265
278
606
229
566
1002
804
243
449
624
469
105
1357
290
571
820
16
303
18
499
255
105
34
1095
493
318
718
867
139
825
239
298
212
758
451
544
1175
64
1018
1117
120
207
773
105
165
16
205
120
80
589
15
772
260
316
103
52
552
1563
23
402
570
283
621
910
51
110
93
784
283
100
111
124
585
852
2
40
946
695
42
1018
295
787
501
45
39
1750
88
224
47
197
297
505
1476
151
1316
221
229
559
179
274
676
56
239
212
414
184
227
105
293
613
196
706
107
571
431
556
152
866
954
138
243
191
54
273
33
7
372
298
172
538
188
219
198
670
1054
34
1344
157
817
182
123
290
532
156
65
76
1040
357
2264
253
188
262
160
469
140
92
663
675
263
2
1085
117
228
144
747
342
337
136
1656
1545
414
238
542
306
649
514
125
54
365
582
615
709
851
312
420
857
137
1068
342
269
92
275
386
255
1735
566
319
872
91
874
458
75
415
238
828
78
842
569
1192
380
314
2097
500
1130
381
1947
362
118
347
499
176
67
83
2106
71
82
72
43
364
532
283
118
380
61
1024
23
1190
224
78
117
1217
1514
803
494
1840
732
317
358
582
525
376
293
531
269
1135
541
351
383
919
57
1414
103
288
264
474
284
507
1253
217
599
471
161
16
1175
597
88
509
525
561
121
74
710
556
387
573
243
415
73
106
206
218
261
1043
84
154
154
719
361
11
210
98
655
637
762
39
73
60
417
157
338
457
195
277
844
585
756
432
659
593
13
696
185
906
116
230
48
335
1031
1059
55
465
1469
93
1174
423
1489
694
761
148
264
301
1260
1818
85
322
742
428
5
345
798
71
549
498
168
250
474
1496
138
1031
143
1523
79
522
1331
686
451
157
56
206
662
1271
215
194
261
92
687
577
624
255
656
131
658
150
14
37
1338
316
337
284
32
538
25
44
1034
482
731
89
413
881
155
328
2153
1385
1092
215
103
508
673
87
49
139
218
375
835
27
1090
515
267
568
2393
239
174
168
809
761
220
264
545
561
244
438
912
1199
101
305
711
898
207
322
149
128
278
591
340
230
248
336
70
191
278
342
1509
1507
1087
974
1797
1458
