1D 	 failrate:  5.74E-4 	 Fm:  1057.8056	 且最后的Fart/Frt:  0.6071804143999999	 Time :  10.5158

52
134
226
221
84
616
573
388
800
495
956
1076
55
7
857
887
686
1216
1315
1002
31
480
239
859
1162
1003
1383
1554
1873
233
1189
88
497
627
87
1943
315
841
707
383
1026
1660
1436
1995
775
1844
1765
1199
1904
1613
1605
598
1030
909
1022
384
890
1269
525
2040
452
1740
966
1656
915
1186
2275
12
867
2466
384
790
1433
190
1398
793
903
497
1318
1411
224
2034
1653
586
1341
3849
594
1232
253
1403
864
88
839
107
1408
398
846
720
822
1457
1501
237
581
1235
2331
398
2364
1123
362
715
267
955
745
675
860
14
973
620
153
1825
276
677
331
2149
111
1169
1020
2305
818
2204
956
2363
677
1431
1015
2539
1465
796
1380
2059
2129
628
756
817
262
417
820
1670
2025
93
1411
2051
730
365
2014
1194
1729
2407
877
1540
1611
3045
1130
1236
1222
21
363
1634
1466
3048
1517
2076
2050
242
311
546
1125
661
1073
1583
639
1122
454
414
1906
1931
3460
407
103
1483
876
297
1193
1002
676
862
2299
1105
699
824
777
569
1439
1253
1274
1598
158
962
2625
1240
1722
717
1615
1355
385
1388
905
121
355
613
2517
1490
167
646
1670
112
950
2234
911
1456
1545
940
389
2074
818
1785
1354
6
1118
485
361
898
2527
1959
930
510
3516
657
1463
1065
1109
230
559
872
1789
643
1127
789
877
816
660
1987
726
690
697
694
1776
1422
2419
864
56
942
1273
1476
80
914
2018
261
635
582
2102
1667
317
1536
230
1130
1152
2228
773
2411
590
1000
880
1359
1603
234
2881
426
518
431
1273
1643
159
709
1829
311
1186
918
1537
967
2116
1542
1636
1347
1821
1439
339
1628
650
1066
689
775
2378
336
2936
793
995
29
1420
1854
989
72
308
1838
819
1387
1711
157
1206
962
1430
1051
1924
1340
47
2207
1549
1364
1274
733
84
34
780
1100
1
1186
1430
573
849
2121
575
1760
766
1739
773
1114
323
853
803
58
15
1145
176
1961
139
1624
1358
1151
163
560
769
2101
321
1069
439
1527
203
936
1001
1279
1281
1552
756
720
1140
740
1977
1692
1850
1039
2167
333
546
1245
1816
914
1380
1567
710
2829
1790
523
1380
691
1039
1078
1495
1029
130
829
319
900
1349
631
1943
576
2336
1154
151
1126
583
1204
2661
1203
1306
73
811
506
474
1109
1704
1077
971
2224
1052
255
804
2081
764
156
2674
1161
1132
1242
3562
1786
1230
1856
1419
743
1728
13
552
1107
1831
57
393
1088
1678
502
307
1374
479
122
843
201
1023
74
799
452
260
728
264
823
339
331
694
636
881
832
389
388
773
1408
1751
1186
182
1335
844
663
2034
644
284
1782
1161
2101
166
432
705
2129
876
357
836
1139
116
1107
132
298
677
469
820
570
1101
70
634
1316
778
1374
1070
1561
1070
627
64
1192
573
23
1215
1278
1107
712
2065
979
667
384
845
3042
275
468
1228
318
1949
2625
706
845
171
2997
1829
2070
404
2107
2626
2514
189
685
257
536
3057
1805
2478
1244
893
339
360
994
936
662
807
400
943
568
97
2734
487
1198
2302
2046
1305
780
1542
679
785
693
1976
391
313
799
2377
453
1602
149
314
787
3139
374
388
355
208
310
1129
535
580
130
595
1773
1285
1412
107
67
189
529
1397
1112
692
1030
1161
751
28
633
711
143
76
981
1079
512
363
1798
1189
279
528
22
1068
473
992
967
732
1034
313
1353
1471
3
1378
1601
144
1501
775
585
1061
1153
300
1718
2534
1690
973
249
494
611
91
1454
1826
1287
1460
1345
519
829
1366
2806
1311
2002
3171
22
1126
368
995
318
1165
225
9
411
828
197
1469
700
419
982
1095
59
290
1221
632
1533
1394
1667
2270
857
318
785
473
3426
1342
778
1795
523
229
90
84
248
1437
1719
1027
518
2980
1427
131
2977
623
1416
421
480
122
569
91
398
1528
701
714
1921
948
1082
2468
107
1497
1366
424
1639
212
1916
50
181
1607
1412
1521
1715
775
272
2557
2205
1445
1601
782
116
176
872
487
1942
423
1076
350
2503
679
1810
346
586
2226
1572
1691
258
462
962
921
316
1264
1204
261
537
1756
808
1424
735
1769
2176
2714
736
663
200
142
773
2654
1551
368
1593
954
1765
348
2008
999
1304
477
405
463
1231
344
688
2161
2108
596
2052
75
445
1392
990
251
1226
382
1860
849
118
1468
725
907
1077
1273
1010
954
317
7
141
2021
795
1018
1637
323
256
1010
46
1529
1387
2212
964
1648
1532
176
198
1088
8
1091
1321
679
474
129
550
1134
2381
1278
1020
300
476
1038
702
469
1897
75
713
738
1174
38
324
696
810
777
1314
304
7
592
642
1542
129
272
641
1533
1884
2743
656
2413
1423
1044
1230
1153
1107
864
2500
753
1679
1358
1201
1526
539
900
10
755
242
560
1912
1397
2324
618
1423
1571
688
1198
1228
499
1530
472
1110
395
1541
2079
1748
2367
500
1846
711
1925
1019
2172
2312
498
1530
1249
837
630
854
537
1040
667
1180
158
957
491
84
265
927
1157
1607
1456
901
1894
1512
487
2362
1142
266
1448
387
536
377
826
546
2006
1590
1390
336
666
1199
119
216
1504
70
49
139
999
1109
1615
2062
179
1382
1242
2364
2282
781
1650
1986
2079
1361
351
2217
2608
465
1727
1446
1039
2355
944
2512
3191
564
779
288
544
1201
1379
452
637
865
1180
709
473
1208
1072
1178
1687
875
1218
1446
101
505
1373
1392
2087
1475
757
507
2014
1627
70
1112
292
699
1247
1238
457
950
2096
1064
2002
837
314
1201
604
82
911
210
934
922
1744
445
1270
166
1249
1167
2288
614
1237
398
380
557
2187
573
1108
2125
498
2603
777
628
1016
859
255
1178
1644
423
574
1837
1107
2408
1215
2384
254
726
996
1066
1732
964
354
1377
687
856
217
428
941
1316
1694
551
1678
1499
389
1838
1643
231
945
816
191
2414
2017
911
544
942
982
331
235
570
2169
844
1302
1492
2784
742
988
560
286
1299
734
4768
243
554
685
216
674
296
733
2140
1674
20
1126
334
2162
1491
1166
602
185
1370
1349
2873
1351
3247
1452
566
1626
107
1372
1831
57
357
1018
1470
1108
506
1070
33
2472
495
717
380
1239
322
2649
1470
804
794
690
928
701
1678
192
436
262
1523
505
1107
2102
1331
1971
2317
255
793
2000
893
657
1596
325
1530
2102
415
1008
1679
493
1641
1626
877
700
307
182
2070
721
938
640
418
1848
2099
571
2066
731
501
1328
338
1045
1324
130
343
1368
1260
353
1741
3
858
1118
15
528
1329
1114
1125
514
320
1029
1068
2342
1214
1187
1208
736
1087
740
11
1066
1416
1395
772
975
854
868
1289
525
33
3255
929
3235
185
1
1005
2590
1984
1597
861
1319
909
933
335
1420
1273
991
1224
540
526
702
1152
5
1294
501
479
1589
1241
1496
217
1739
1180
1729
636
1273
1949
839
1039
368
1255
2518
577
1860
1816
704
706
121
687
1014
1619
493
460
858
701
1061
1729
168
846
2008
1500
3084
1345
1365
437
653
1683
226
382
299
1386
2610
451
1248
1061
888
1419
1277
4340
888
573
195
1369
65
434
1214
2003
931
2360
167
656
248
766
1252
398
975
1246
97
394
467
764
384
1225
2230
801
684
772
1136
1035
623
2241
863
2018
470
817
1058
1197
2073
97
1487
979
2112
1676
920
262
890
697
577
2320
1162
7
1735
1546
477
1223
1930
1860
2146
1160
1272
1609
2102
1262
1364
177
476
2264
2033
1611
1412
1727
1185
406
311
787
2541
1278
1425
1023
46
1913
273
1162
3528
432
1637
833
1382
1464
62
644
506
611
368
752
1064
2136
1289
2097
166
211
580
1464
1414
1595
1249
740
2128
842
517
767
1900
2192
425
1339
816
2554
1662
142
1481
430
1133
1473
1329
1634
2193
44
2675
295
1778
3449
1987
304
2682
637
460
1296
367
1455
1417
1025
793
1378
2674
1499
1574
353
1399
661
681
560
719
901
1619
294
244
1246
791
227
1441
715
1434
336
279
2178
1603
84
1005
1287
478
229
1603
1875
2766
1074
957
423
630
321
1290
3032
2093
114
989
186
1267
464
227
368
2245
250
162
845
14
1749
1103
960
130
1626
323
410
1718
3545
1270
1481
631
319
1630
2593
47
1072
1234
315
1140
170
446
672
853
404
994
1134
1518
323
797
441
850
1119
155
553
216
1679
1057
2607
357
1028
2252
339
1469
1484
1934
1373
886
808
332
1841
447
445
299
2937
1145
454
623
63
645
452
859
642
255
1418
899
1731
910
830
1224
921
468
1022
1187
692
3521
1060
2245
1399
682
1191
631
1392
1155
532
372
368
1811
159
2103
2852
1258
92
501
1222
148
357
548
1207
536
566
645
652
1031
173
356
791
1078
967
6
1323
1781
870
1613
946
639
2203
2577
77
1570
846
715
299
1419
622
1674
498
594
729
453
92
1132
33
812
709
1816
800
1096
1780
800
2480
336
1104
133
680
1273
276
1881
3172
1524
988
3038
1104
1030
463
325
1530
1092
396
2320
2013
1448
70
1674
1066
298
1629
486
1627
1868
755
1004
1314
1112
1606
969
2081
1703
1400
723
1185
2450
419
1048
2443
30
329
131
73
1182
130
291
615
173
1167
1542
2525
1009
1013
1749
795
948
850
754
16
266
990
601
1207
1806
1319
3328
786
1058
1927
2908
3123
1297
571
809
1287
139
1322
1286
1230
156
606
2251
100
672
1936
1496
273
1625
583
1698
1784
823
601
2171
1090
1600
56
1048
222
1490
1679
956
1188
3108
1927
1070
2966
1734
1171
341
222
844
424
960
514
128
418
871
153
1677
48
308
497
1999
1838
445
1985
1829
192
462
372
307
1954
664
199
838
261
2234
433
377
2016
1606
455
1535
691
1441
429
1075
424
437
43
657
3207
52
380
659
2917
1500
519
343
1441
817
4151
129
187
1909
912
667
1082
1779
278
1726
64
2659
1263
217
23
1133
452
2796
1438
1009
337
216
1049
64
523
569
1068
284
1754
1569
691
140
505
374
451
2227
907
242
2604
509
808
1780
337
250
1117
296
622
189
1828
194
2833
1472
1981
1641
238
696
537
786
1415
1222
1077
589
739
1033
490
1233
1508
1966
958
1220
356
1179
281
443
947
1991
464
606
432
38
619
987
817
1657
3420
1524
1153
3295
648
1129
526
64
280
3653
265
1594
842
903
639
461
397
204
1955
447
2898
2032
190
1320
974
239
906
881
1135
1393
1499
161
1057
296
869
1022
2291
1313
330
151
2135
2716
183
60
389
1251
1033
135
660
660
524
58
548
2212
72
59
1647
4174
2492
1555
1372
1500
1948
2632
3105
695
1339
1512
511
298
755
188
577
1260
2194
238
657
1691
548
1335
917
27
1711
60
925
593
953
407
514
647
34
227
2039
176
1022
705
743
718
3351
2748
677
990
878
986
2643
1838
1891
1590
711
1117
1268
118
557
1581
212
883
666
180
776
519
1299
576
1628
1958
1544
1551
403
1280
1070
3558
681
725
995
225
888
792
1425
962
684
1622
452
284
2139
122
1217
793
67
966
1270
1653
1648
1261
361
1093
514
596
1748
801
1488
3063
148
944
1064
1274
1071
843
39
2304
412
555
427
2591
52
669
2419
2391
140
561
196
889
1046
247
246
482
68
2908
1034
809
249
1435
2267
1290
900
44
1030
2215
622
2901
2479
505
2580
1352
2002
1434
852
645
1559
901
283
208
578
912
613
3357
321
1723
1217
1476
2152
558
1966
398
38
1267
1726
1027
728
835
1597
490
501
1823
3044
1680
735
954
3085
1544
1388
1437
1313
1884
1466
981
1422
1061
1082
383
177
1241
1735
735
1636
691
2506
1389
3883
1178
120
1873
813
1657
2199
138
171
975
2205
461
1550
1091
442
12
294
318
1319
1312
1495
1249
1600
1047
1909
1422
2218
2090
409
748
493
1094
640
900
274
1784
820
456
1924
2303
1270
233
1052
648
1699
1357
1171
237
1244
1396
951
538
473
111
490
509
1570
880
632
1931
4255
426
631
220
754
7
822
1036
1015
1098
1073
189
116
774
1369
1138
1599
94
1481
2503
2777
885
1582
1676
2542
2464
704
1269
1724
1151
752
351
353
2648
290
453
962
1134
1856
1431
1666
1275
577
1165
812
1564
816
566
328
1633
285
125
2075
1776
2350
750
901
91
714
1454
1406
57
1470
69
58
575
893
1571
1437
270
1471
320
1422
1444
2193
955
1660
587
2087
925
1781
1319
1386
851
208
1654
829
747
1010
26
656
3561
299
1743
1266
235
2182
1274
209
1680
1538
25
1309
723
875
1754
2258
557
929
717
550
423
1602
240
426
1495
260
279
1881
1933
1675
186
1823
642
1890
269
763
2253
859
1076
465
612
3011
469
1464
487
589
723
1619
941
1057
1126
449
1426
711
158
809
1255
664
1474
864
69
452
490
1703
1405
2175
990
1837
809
972
1018
1026
1257
1306
543
2547
119
1017
301
509
477
425
700
122
488
2353
1337
1572
2782
1290
1466
1496
1923
1031
714
1065
1142
1124
2439
1174
1499
513
495
40
4246
467
1681
428
1427
1147
352
555
1299
1323
1137
100
466
326
73
1353
1753
883
158
1511
1001
1365
764
579
7
230
800
457
1707
1144
629
484
708
1092
568
1071
518
1329
999
2735
1864
262
968
509
124
889
469
870
875
880
681
1823
295
469
83
1920
1257
728
1797
557
604
1066
1513
2353
719
294
193
605
1119
155
931
519
1001
706
1614
315
84
558
1267
629
183
427
1707
487
1609
836
635
1083
1197
213
2006
1930
399
898
1644
867
648
189
1364
708
318
1338
634
911
1689
1508
3051
291
818
2054
444
668
2362
138
1421
85
211
706
1096
285
533
809
735
373
621
201
1023
763
1276
3006
1145
1232
1540
157
456
248
1102
604
1037
969
1080
3706
657
1022
1212
851
775
1563
1212
1170
1314
709
1855
553
786
299
1468
2129
112
441
840
1170
2557
935
73
2203
110
1836
450
1827
2422
1057
28
1237
1472
1634
585
560
149
49
884
1851
460
3390
186
2596
6
510
1802
712
399
105
142
1654
594
2704
507
985
3037
2048
691
721
1427
1429
1586
1143
837
111
1228
424
491
357
712
1042
136
801
1080
326
149
1138
2113
2750
555
6
1562
1000
1734
1144
909
1541
394
138
1291
1449
1473
2054
116
1852
1209
360
171
1547
146
1026
940
320
2142
1341
2993
3592
360
1849
2651
1658
37
1514
500
1318
779
663
466
1342
1149
1440
1200
457
286
881
657
1880
405
317
1873
728
1146
134
1050
264
598
184
1687
1081
80
1307
2185
1102
881
655
1334
632
469
1777
73
272
950
2160
802
250
634
1549
3335
307
686
110
2300
307
924
14
551
2535
1190
922
856
281
1393
1437
1575
494
1366
512
1238
956
685
878
435
420
343
869
1402
1579
1314
549
1583
1192
730
232
225
642
1798
218
1
356
1114
414
1424
1053
789
187
390
1459
259
680
1861
1217
608
967
603
127
1733
1735
2038
1142
410
1900
556
888
1299
789
1388
356
751
343
181
265
555
17
849
704
301
2417
854
1294
1115
111
550
1944
869
2063
935
240
1599
477
1696
359
184
457
2049
383
2106
395
760
1399
664
553
593
261
1203
586
299
1666
285
614
156
2062
942
1650
3
1301
1349
397
314
1464
2328
1264
248
3526
541
729
708
157
1077
1324
646
727
18
717
3815
258
1221
580
1538
1626
2378
831
1406
1342
1568
284
377
541
1078
554
568
57
2087
475
1796
1858
695
656
1396
614
602
1247
131
1651
55
1554
257
732
731
776
617
523
64
1239
1670
1028
2346
937
1601
2371
1304
152
1171
752
1499
1267
2214
929
1792
1233
1078
1659
488
725
1093
1966
1876
1475
2215
1982
1114
829
1405
419
548
3025
1259
1515
1378
4446
1920
368
387
1970
1210
1884
524
2167
1257
1237
351
179
816
2712
1357
2628
1224
751
253
1840
420
66
555
1528
767
970
95
193
568
1571
1037
1686
1171
721
677
1087
1609
1103
987
2182
829
1049
1397
177
222
1428
1378
1328
2055
3104
1821
894
1241
1214
2280
1097
1504
244
3163
1134
957
1113
1227
679
403
694
1126
578
189
411
166
1135
1060
501
235
1806
3595
840
367
1491
834
1183
921
1047
118
2013
598
502
1112
1992
1156
836
745
1278
1894
1261
183
231
1655
477
707
1950
149
3108
1188
1283
1961
1015
649
460
105
1371
842
2210
974
1013
349
127
3498
1587
282
1187
707
1057
1701
804
1763
723
1126
2034
1837
632
916
1308
1742
954
670
194
5
2569
2186
2783
330
351
496
603
1578
891
429
734
2960
849
1176
422
1956
762
702
368
1086
2116
911
1441
1168
1130
1276
579
1803
511
215
364
1372
1825
698
1078
1214
339
706
979
224
1649
734
216
402
899
1666
160
2816
940
497
1046
1185
2072
2538
1446
2701
776
1307
1885
562
1715
351
1588
1042
1427
680
511
1158
318
541
794
1338
1429
1253
2221
2111
36
812
2003
242
410
144
1261
1025
920
1698
831
150
2037
1157
1675
278
1881
1281
1527
1382
106
1712
55
848
1852
2406
898
1757
74
1846
39
1123
83
668
494
2349
1281
310
455
524
2805
2024
602
1578
1265
805
955
59
275
1308
1330
1393
178
57
910
547
1686
494
1335
1696
1481
1061
861
682
498
3188
1960
669
543
1560
2811
157
420
277
1190
1570
1565
670
1068
1321
56
179
447
1445
271
243
934
383
1879
1464
1138
444
284
631
88
1351
2872
1106
1053
379
435
2251
569
1653
993
1653
121
1660
632
2154
1726
116
755
1339
508
701
1312
984
1122
571
2498
97
1349
1076
311
1646
449
1221
664
126
230
748
57
1659
531
2149
760
437
816
1203
350
1995
359
449
999
1020
2237
1045
23
1458
920
1000
938
950
535
2128
2797
260
463
2440
446
3912
2305
1086
1122
3126
688
1643
426
1154
162
1801
341
659
1196
1642
696
1196
230
29
62
3373
1893
140
363
2438
1850
987
338
61
2774
911
1021
1298
616
266
1097
1088
2583
603
1135
436
976
1098
282
2351
1512
1410
783
489
16
2001
973
1607
503
118
1753
501
337
2199
2496
1336
376
1529
95
1791
2779
437
793
873
1406
2574
662
2412
394
1299
1
22
30
1350
1142
607
1915
1259
857
761
542
1940
694
873
952
296
667
1231
2060
529
1513
1321
681
885
108
865
1124
477
562
106
1519
1206
286
236
177
655
833
1482
453
1083
1829
1910
1361
1338
443
1578
700
117
1741
9
2416
310
171
1662
1830
1698
26
1696
324
992
1854
44
1819
840
923
1988
1084
1095
1439
1225
464
1552
835
955
1445
1091
1294
627
388
2421
810
1994
346
668
560
284
756
1675
341
1681
597
1117
772
152
2312
1441
2272
644
841
155
1680
1151
695
890
1320
1073
427
1131
1032
1556
859
1126
669
44
565
1699
1175
531
563
1162
3383
1022
214
1515
1284
489
614
907
458
157
84
484
293
4401
792
1315
2048
1826
1868
1904
477
108
1114
1033
1139
1586
2435
665
1215
2359
422
960
346
1607
1003
1147
908
651
2208
1359
137
2667
932
890
1127
349
1277
1513
828
824
1034
74
603
855
522
865
1610
785
357
1327
562
1039
1021
524
1564
2131
308
1480
877
2361
365
35
532
144
31
621
437
342
1023
859
2018
133
994
2039
67
1562
1467
760
3954
674
529
863
1867
392
991
444
1419
863
1171
719
694
405
525
1217
2492
1199
640
1875
1234
282
130
96
82
408
651
204
588
7
1246
1331
183
1094
157
537
1183
352
1941
355
98
180
508
4184
685
947
1443
368
1746
1038
82
475
496
1550
931
586
40
1288
1602
1389
475
1635
2025
1049
823
38
1842
120
1274
596
992
1771
1352
1280
477
510
1316
592
2485
1997
1083
920
177
173
1788
915
978
1276
1415
4431
437
291
966
637
409
1266
237
779
1254
363
859
1067
437
1342
910
1392
2313
534
155
828
233
14
691
895
2195
1611
3
1827
1139
1216
1577
406
570
769
708
677
707
3202
1152
969
1518
328
1078
1345
1877
1275
826
2083
1124
756
290
192
1252
627
990
898
115
1907
254
2004
1403
2014
394
2331
2143
758
209
332
323
1122
143
2229
1247
3378
2247
977
96
585
622
477
1304
679
848
312
1381
746
1149
1497
774
112
989
488
1606
482
728
2001
35
762
2496
2125
1133
596
105
1604
1987
369
301
3089
1505
1228
1010
1089
1594
126
139
674
794
65
1019
1061
3046
727
1500
29
1754
764
323
1156
1786
225
1452
999
763
1097
868
1301
369
2235
1034
2648
1179
112
196
1179
1969
1341
204
1378
164
230
150
1124
1665
676
1330
142
62
2480
148
2000
38
904
332
1445
952
1127
3280
1510
1329
2292
945
681
423
846
1280
331
621
1710
1322
2441
928
515
1264
1528
1166
2571
767
2659
2524
312
2030
1973
1230
807
156
1457
886
1583
2153
1254
2545
1042
823
1005
1853
440
2732
47
971
906
2025
1877
2147
624
379
436
1562
1245
2054
468
2070
2411
157
175
303
499
1480
150
40
1555
260
1474
152
749
1282
1631
2384
707
49
1345
937
2473
344
1281
443
101
2440
889
3430
948
1024
249
520
1313
154
115
450
1377
2530
2405
1310
1127
986
281
1259
348
2835
1125
189
1298
1300
2422
411
1739
598
574
84
944
381
546
778
1071
2264
656
539
1589
1426
668
347
2347
1584
1292
1023
76
1308
256
765
178
1504
1938
2093
627
1755
353
482
1501
637
362
52
29
1836
966
1218
1858
293
103
1135
1113
253
1576
1067
1211
1729
694
1594
2096
1191
1394
1423
177
159
706
228
13
362
16
350
789
1493
895
533
1196
1003
2357
1435
1339
1338
1408
1481
298
222
336
283
1331
515
1243
1788
838
1258
1136
218
625
1141
1364
1471
922
1221
895
231
90
290
2518
423
29
866
1033
358
2278
397
1207
2230
243
1425
1185
1038
618
1023
504
270
940
1892
385
478
1255
943
772
411
2370
1163
1616
250
983
1082
2023
421
1266
866
1059
821
1445
415
844
1728
1449
1448
2217
1600
794
1426
354
244
663
1030
211
158
981
977
485
1444
246
2048
689
946
1426
876
438
1210
2611
317
601
100
1209
633
1183
35
222
1600
2483
1109
72
415
803
1107
610
998
308
1907
1482
8
602
1032
195
395
825
16
772
784
740
1495
76
1359
1141
674
1171
1182
2274
2714
14
221
228
1933
150
2297
1449
1863
882
1462
84
1180
2292
783
1462
1305
248
1193
863
311
1212
293
1980
1411
601
1662
1357
1823
1535
1933
285
1157
171
2218
778
654
1685
2651
26
1367
1557
1024
669
126
391
1187
2051
2046
1610
1263
2659
133
1211
126
1663
1315
918
1318
2529
3
2521
628
816
346
102
244
1232
821
1050
435
687
680
1464
1284
1735
553
1355
1220
2462
978
1041
283
443
974
1267
177
2036
1537
1316
992
80
1349
1617
164
1787
909
1177
3069
1473
2304
3231
914
229
203
550
815
384
590
76
1281
1213
1040
2555
1448
508
850
1005
1952
1132
1817
1382
338
272
1952
1457
197
3362
367
1669
508
1058
477
657
713
922
918
580
397
1483
59
3565
61
862
548
1084
3161
1487
522
2788
34
789
2650
1571
1735
573
3136
1340
145
1070
540
5124
834
2403
1252
613
2175
1968
747
763
61
868
795
135
1082
505
184
795
348
503
251
1868
724
2043
1041
66
1027
460
471
79
2382
1238
2661
3225
455
1309
1157
1156
1013
1289
736
818
1861
884
1247
953
414
1041
396
2628
1822
554
1935
383
2298
701
2488
436
1269
2351
1929
1967
1503
232
2386
158
1687
283
742
2423
2888
3
1338
484
1231
2667
2102
1832
1205
1014
1612
822
82
44
1171
1027
800
981
528
2142
2480
553
834
1878
96
1207
134
616
133
1144
1851
1570
1412
678
573
2201
1853
817
2321
616
2447
1077
1887
941
108
688
2229
1321
373
2900
1874
1532
1765
609
1819
307
2128
2338
876
1897
895
462
1328
562
157
1378
1088
2082
176
101
1252
983
450
764
1180
1165
964
1466
272
1622
203
1473
181
732
268
620
1
1341
1848
1616
2144
318
1027
881
1252
1653
2500
2169
363
619
2469
1345
262
68
861
424
1168
803
452
1519
125
2139
1247
2014
1304
1590
906
685
1782
135
2393
750
352
428
523
434
2027
1945
309
457
1410
1429
622
379
1250
1890
1211
39
516
792
307
433
473
1323
2075
558
1261
136
814
960
196
1771
3284
159
29
1089
539
333
1364
448
987
2073
987
267
3203
310
586
1115
1817
46
1282
360
583
943
260
906
569
1769
257
847
886
1026
64
275
1557
242
441
315
1121
13
467
1111
278
892
1239
1032
162
821
269
771
520
415
705
1013
269
1386
1601
403
842
3255
2649
21
309
1068
1758
1617
536
286
1131
1105
591
1437
1085
57
212
2096
118
2061
393
96
65
1220
878
1252
1254
162
999
1814
153
1562
1296
1381
485
43
1778
834
1236
1021
496
1267
1520
1880
571
1270
996
1254
965
237
2667
2263
9
404
757
2195
841
1151
326
828
2082
597
2839
969
1172
139
700
469
753
1331
1129
925
10
203
245
528
1676
3842
766
683
701
879
675
1776
5
1915
1289
869
3201
70
939
820
352
238
987
748
37
1002
1521
1434
35
984
58
1698
20
1471
835
1340
230
3547
1115
1743
471
1531
553
905
344
3765
538
263
1852
2417
73
660
1499
841
152
56
1230
1774
90
964
481
1568
684
1670
511
219
243
396
3404
2051
401
3357
481
617
129
2376
123
943
2461
173
932
749
651
2376
1153
1280
1483
1340
644
39
104
196
2028
1560
163
1315
1700
11
362
2059
1008
1909
1329
591
1115
74
690
279
2464
2433
523
1711
1160
1519
1036
1478
302
344
1880
682
241
299
1290
2553
1178
612
218
809
2889
953
1146
397
824
1427
1411
504
1308
1448
1397
1146
1001
763
1057
734
810
506
630
1933
150
1013
883
413
2506
1103
668
173
1680
2420
419
803
256
1254
1170
198
381
330
952
10
1225
593
1115
458
532
3244
1833
1320
1766
214
4840
988
949
2297
552
1136
181
939
95
923
1224
956
1814
3155
1244
695
46
556
1447
1570
1001
567
1332
74
591
541
735
769
3392
1130
1797
261
1516
299
1358
1035
1117
623
1048
64
1424
1130
323
833
1359
996
3005
3566
518
750
966
224
1272
498
846
1191
643
1065
2836
1281
422
1706
897
1168
802
1624
543
844
883
1645
276
1935
664
179
190
958
388
1051
660
1531
994
2013
1360
666
1283
1025
2749
109
594
697
251
1264
320
4931
102
2174
1620
1964
1344
895
1340
1000
708
1773
212
1006
48
1897
842
729
1360
1292
3644
1376
1727
119
1462
1012
331
1046
159
938
2304
741
1232
1405
1378
1476
1924
369
755
2144
1040
2428
2593
1282
2160
