3D 	 failrate:  5.5E-4 	 Fm:  1872.3148	 且最后的Fart/Frt:  1.02977314	 Time :  90.0886

134
330
433
729
907
1375
1491
559
2130
1099
2538
2588
584
2817
647
1776
578
620
3242
257
3
1425
546
120
2398
970
2557
1988
3332
163
2541
1627
533
2128
304
2020
3605
3659
2304
1754
1907
1808
588
2405
1544
315
1272
2072
2168
883
46
306
5333
78
2361
515
172
903
3104
311
5
580
6400
3530
728
1715
1951
1047
2543
2480
1134
2886
563
3747
1833
557
1393
1325
131
4761
1997
1171
603
2456
880
2673
841
1870
330
1786
1696
1691
2043
397
4357
488
3072
1346
2351
426
1581
3420
1673
3980
270
1095
6301
6805
2838
40
2167
2258
2330
706
1047
951
2189
6212
2467
1880
3462
1986
10587
399
830
294
91
2093
1274
62
5702
1687
2094
447
2002
1047
1817
38
2456
1169
53
614
1503
8406
636
818
1126
1793
1934
749
247
4719
741
274
1710
1172
2332
212
4662
13
38
880
1557
3226
7347
967
116
39
2479
2712
1054
1045
2780
421
910
7056
1015
3519
3362
1162
2328
1461
6312
2090
522
4695
1326
338
4977
3721
378
6637
1329
206
2378
2270
341
168
371
3187
188
428
6752
3594
1595
1021
2584
1236
148
291
3465
945
114
4125
2618
4087
3650
1292
1905
286
937
592
1703
2215
2740
78
8056
1490
167
5975
71
1280
3304
2370
2495
213
2601
1688
2950
3081
641
2837
566
1291
42
3134
1105
1902
1990
2515
461
3160
127
1153
939
1123
1277
9631
4597
353
1399
1781
830
2890
219
364
2254
1141
896
1630
890
2225
2488
192
1368
3722
2191
2307
965
6814
26
1484
549
3744
321
48
5558
726
40
1777
611
388
2453
1471
3198
409
647
1277
302
2575
956
3681
1793
2116
516
1227
3419
2170
383
295
1308
2106
692
237
765
3267
7334
4637
540
1645
3385
166
654
1982
79
3125
196
184
6236
7502
2726
543
171
1083
1569
5359
69
1619
601
51
849
1584
4428
797
308
11
1849
193
934
1197
678
278
3563
519
139
2675
2818
89
25
4791
1133
2421
4601
2298
646
2764
3042
2730
678
4763
792
737
268
11074
773
4545
10924
1418
1403
115
4812
3273
1013
1165
807
1276
4023
2638
1486
3154
1256
322
760
1812
13246
342
1657
1778
3489
1138
2771
530
492
460
2858
204
5331
1523
2519
360
8388
4114
1027
1800
3868
2234
195
444
1477
240
62
23
296
935
58
2924
183
5348
1684
1037
74
1457
2827
397
751
403
1191
2692
8149
6077
359
1909
1292
956
2074
7281
1712
2334
301
167
7
550
7814
1122
877
550
427
1204
130
1860
4694
2312
408
820
2271
849
3340
1878
618
1920
1988
1416
1028
2061
760
489
1882
1748
2814
4389
595
614
5106
150
2488
1524
2858
2485
722
1312
1676
574
291
1663
678
510
2299
2660
1242
400
1043
252
5030
1908
6012
2993
2270
55
1135
2772
1759
564
917
221
410
5572
916
1083
840
1325
883
875
2435
3948
7622
1112
993
4244
910
1604
1760
719
3516
1821
1379
1031
1566
267
351
1583
5206
1245
124
2146
189
2009
374
213
3670
2690
152
1770
130
6604
540
2319
844
950
327
2692
2479
213
1217
315
3462
1190
399
85
3311
1805
2468
2580
473
3102
2885
854
482
865
1282
1677
4395
2561
934
380
806
263
1084
1428
723
890
557
4191
809
7415
1570
74
5
8821
4
4585
248
3918
2146
1805
2416
12
570
84
1005
4184
7236
400
507
663
3773
748
1607
4339
1545
1142
2174
389
210
530
1182
2008
1053
2605
209
6499
140
226
2338
526
4172
5685
2074
2886
1526
2082
30
911
495
3017
2730
394
1854
2646
1409
354
661
2002
6229
427
932
8048
607
1295
6067
684
533
2659
499
423
2442
890
1972
6138
1217
144
1530
323
1977
3132
3159
1908
6792
576
3279
191
310
4754
445
2002
82
325
35
211
2405
4193
383
4331
4436
549
1544
543
2230
944
814
2318
9365
814
11585
2410
3881
2821
1005
1482
262
504
930
2231
1749
1848
2124
2445
1163
2476
1972
105
1865
958
1075
92
1402
3604
2236
125
775
326
3031
985
308
287
1084
208
1632
257
360
1952
3246
189
681
546
4151
2527
348
303
1195
3260
828
1892
1747
838
5333
2704
264
186
728
1038
829
662
1044
70
263
71
65
4470
1537
1406
2742
332
85
862
947
219
685
489
4762
5429
241
644
388
290
880
230
8045
3609
1833
296
2178
1793
11
297
4724
1003
170
759
1827
1025
3368
338
43
4518
1364
6032
5154
2819
804
1047
638
315
2487
283
2525
333
1144
2290
714
552
4680
5214
162
4309
520
790
2152
53
2625
4389
3122
16
212
208
1848
2495
2798
22
1402
6374
37
551
383
384
1933
6039
2101
538
1353
3856
310
2814
653
922
2075
899
1167
1239
4059
1395
5022
478
728
6268
2442
298
2373
2736
568
2475
527
1396
4729
1420
405
4956
1650
958
537
225
1045
230
203
383
1293
31
4443
158
5038
4611
1118
1122
1175
2178
1047
1548
511
673
470
1408
2004
293
6374
3180
549
1920
624
2263
123
1563
239
438
2007
191
279
1548
7001
366
4286
741
2990
7811
844
614
1097
4999
3601
2832
212
186
4025
1921
3217
45
3985
44
2171
326
6435
499
981
4032
573
350
440
989
4158
1982
979
525
231
176
3070
914
3793
1998
262
653
2855
432
794
4471
2483
1871
553
2618
3118
83
490
937
192
2262
134
249
1102
614
131
1652
236
656
775
2099
6237
825
169
185
1583
625
1989
3853
3332
4080
4305
353
1658
3468
3132
2419
7559
761
925
853
316
109
800
500
1848
644
1053
6599
999
2895
51
1761
3228
820
1598
884
2597
713
4682
1538
492
1916
302
733
3541
551
1445
4556
571
2573
750
974
3625
1821
257
341
1753
992
139
963
4325
1706
1276
1073
4220
1248
347
329
1552
6774
1309
128
267
314
522
3054
3905
6631
634
1409
3395
5299
2518
877
832
3802
2658
714
3540
1953
4010
2755
2711
340
168
499
1583
3275
304
105
603
850
51
792
267
898
2620
554
106
1209
1844
1454
366
441
1543
1277
909
654
4262
4152
288
2140
2720
3113
173
981
1889
2232
3
1068
4779
476
188
3971
5480
289
1673
322
1467
1631
561
110
8117
113
1915
282
1311
1246
2155
3656
1321
1076
147
10
1490
1427
236
2632
249
2124
281
2290
221
1131
3568
687
4038
1686
2288
1788
2786
1079
2757
902
1508
3449
74
101
859
869
215
10
317
984
497
139
608
857
4778
297
1996
3610
1904
436
2598
4576
1455
178
1532
3948
91
4902
632
1345
454
1753
1678
1186
1812
5691
464
3701
2039
1586
1215
247
2650
3086
398
77
1430
2453
421
19
1344
1771
5291
1704
823
389
1839
10948
828
5727
744
1244
3115
480
1054
5405
1419
1742
1947
3280
983
201
1071
604
4347
2416
4522
1946
208
5022
846
1875
195
2435
2264
1096
633
1694
169
945
1840
116
1919
414
3332
621
1338
1833
250
1724
395
329
691
4194
3530
280
503
448
20
3186
663
166
2881
2074
866
48
650
548
549
2898
1521
932
1007
259
283
1279
2133
3506
130
2343
1364
484
1083
2079
1761
82
721
1183
276
3121
1184
5943
89
745
1413
1519
4255
4864
1398
143
1108
378
295
1285
10557
2495
2363
1586
2729
8485
433
754
780
1853
5600
1617
3819
297
2115
2561
69
5811
1880
768
1861
1119
1517
1560
1098
549
6775
1084
6212
1901
98
1926
1520
967
537
2795
1062
400
3248
1883
35
1
326
775
873
1624
577
945
9148
4923
5231
1016
2412
1435
1627
349
1099
948
589
1710
3998
952
902
2181
236
535
625
244
899
1277
168
1227
772
83
13
594
2733
2154
1710
9
688
846
3104
2031
3989
1566
2095
1880
5278
3776
1287
2687
381
1146
780
1022
5742
1466
1049
1263
980
1061
561
2127
431
643
2640
6258
792
623
6
621
2671
3533
1901
4177
2962
2680
9334
1380
3221
469
1763
404
2931
2280
1863
653
2026
2011
535
3182
869
582
192
1209
6625
1053
364
59
837
1617
1247
1085
3254
1402
2172
891
206
33
1683
3106
1719
2104
4366
2479
133
3158
4679
211
2395
3346
1875
58
918
4958
1790
2673
3446
818
455
464
466
7486
2049
2401
1321
1488
3492
1577
1808
452
4764
44
487
901
7265
1266
1147
121
1542
789
4072
2596
158
2654
369
691
904
681
7914
598
1251
5507
764
1397
1480
220
1131
4202
2768
325
2808
2398
5344
158
1793
3359
549
3366
1924
2142
685
31
1669
899
1439
531
2844
1803
510
1563
203
224
1782
4563
1212
3258
677
6
767
850
509
2918
683
1270
201
3834
4491
498
1677
2101
193
2156
628
758
4024
2688
1633
2238
240
2246
531
755
521
3776
3825
1749
840
2318
1811
4045
86
1953
451
190
792
635
1263
4701
3530
4560
2972
943
10325
4915
1402
2077
446
313
1122
1044
82
179
3999
972
1265
595
3
2440
2023
1178
22
477
636
790
1254
1652
1710
1409
4671
5803
229
909
1402
2734
325
15
138
1807
2668
457
12
588
1059
427
2251
227
471
4129
4610
805
333
1632
3216
99
232
1066
1568
1089
87
3978
2292
1480
1925
97
1165
2063
2394
1342
158
1048
512
5318
7615
181
706
292
2391
1803
4243
5907
1116
621
166
1797
1166
1671
2140
3872
592
1922
676
841
107
91
884
350
743
124
1294
547
3283
944
419
1900
2465
766
1939
1869
714
8043
257
3984
803
127
381
1016
5880
1031
949
2274
237
5681
380
2591
3415
4880
5731
1933
19
49
1493
3114
1427
1146
479
961
4706
683
608
922
743
4168
1824
1816
294
870
1659
1826
1343
1873
120
2221
902
1645
460
1622
63
2353
869
4541
2455
803
1491
3385
1662
2469
231
2558
521
746
453
2636
1675
214
842
903
3250
1229
1356
1547
1389
2099
8687
144
456
483
2439
10478
532
1875
1143
2764
4707
2624
543
3337
1791
4036
2276
2983
1170
367
1346
398
957
1157
10067
1953
2584
2048
1881
4978
90
2270
4141
1999
1686
122
584
1363
957
4392
294
5913
5094
529
375
191
2228
845
365
1170
4154
671
7199
5
466
36
1965
5231
11529
1423
2881
782
622
271
2937
136
1111
2942
929
2448
4602
4695
1057
356
3196
1877
958
2199
2434
285
3803
3886
555
2030
971
962
4210
189
4792
2484
2857
471
1264
977
96
3153
7334
2211
6350
768
67
1051
1142
916
804
253
741
652
1144
709
1076
1825
413
1222
962
522
602
783
678
4613
144
1113
4851
1023
2028
1536
662
4429
637
824
3217
598
2016
747
2021
1602
2086
7
1713
2665
1210
1567
160
201
2450
2903
555
3363
4519
1271
2675
3739
387
6267
142
515
1074
1724
120
447
670
148
627
3774
1336
9
1353
551
4847
92
757
108
8417
25
4080
1373
1120
1545
4692
2788
885
593
987
1126
2066
611
4396
1533
314
1949
5745
3992
361
1380
1793
551
1904
91
1977
1026
816
482
393
1290
782
1347
4791
1153
1359
491
719
762
1129
264
239
3214
1521
3424
2801
1150
566
1422
3001
2580
69
5809
487
1012
892
907
7149
1270
1551
3444
1695
156
1815
92
874
2384
2930
269
1182
2968
314
1391
2151
2409
2571
3755
162
751
1367
143
57
1243
1655
1326
1646
1479
1131
2288
7218
463
976
9467
1111
1509
1708
1207
1730
621
5794
514
372
1942
5179
94
904
912
2158
75
4001
1366
3206
1916
4943
1100
1695
1695
1761
295
1620
6568
2294
2067
2692
1560
563
2373
1894
835
2879
7198
3677
4126
249
671
382
1353
1252
14
2064
1713
1375
3165
339
971
1430
935
4176
6038
860
656
1363
5711
2959
2336
334
856
3881
929
1283
1680
1869
248
1008
1923
526
619
807
1291
1666
1054
1170
5042
2422
180
1985
4760
195
2036
1836
4756
839
6128
831
2691
1275
1752
1836
327
1473
2
223
1847
1655
3489
1768
831
136
324
404
2086
3186
486
360
2424
2105
2148
1313
3377
5590
995
295
2454
341
3156
2696
43
466
6674
873
2469
1765
56
2163
569
3271
517
631
360
691
2109
2174
7971
8178
3172
1687
1904
2879
3235
976
227
1193
57
1048
6235
1760
2350
3411
2077
1662
379
202
1441
4777
200
1420
7613
899
2097
1265
2617
463
730
2202
309
1771
6
648
777
56
2901
3005
1861
475
1388
749
2330
603
409
4167
452
1959
3555
1635
6185
4340
1628
681
5485
3360
58
579
592
4288
1566
2812
823
542
110
803
233
1045
63
3735
3213
1043
893
3948
93
8711
2033
58
2090
2338
208
1893
881
5004
1520
184
1558
731
177
717
1313
1127
1521
2220
1788
1107
2757
172
135
2781
94
1410
3068
6057
3693
2337
2022
1503
902
107
1412
5691
3769
175
3813
437
3994
2700
2117
1194
2236
6733
1061
621
260
2560
659
2950
1620
2045
3738
3372
550
2020
644
596
3266
3435
1259
1922
2646
950
1466
1683
4644
3250
3705
4121
812
575
1496
5477
4383
124
4969
3737
2195
2475
217
1102
2714
2621
6893
922
489
1469
834
1295
1436
2568
24
1754
2371
5106
787
70
1513
569
1697
983
18
2161
32
6864
429
108
287
1693
3752
1119
2235
3443
444
10508
1445
1042
3286
180
185
1311
2197
2841
2457
4
3969
332
555
154
515
1505
864
4503
101
2507
1349
1832
135
4109
4165
1347
1491
503
5892
148
1029
4516
4343
914
1240
231
203
100
1021
3254
6997
3351
27
5691
690
546
5135
1411
427
1912
89
2431
1146
2479
3724
162
1515
2094
4248
541
245
506
88
601
4295
2297
84
4010
1503
4193
210
965
711
4629
1953
6441
520
3197
473
1429
4027
809
2449
579
1285
1840
1687
636
8542
289
1097
625
1519
8707
4081
5521
8151
15
406
4960
553
473
107
8712
1320
7936
912
194
1313
1656
2549
3610
2304
755
2327
1199
1361
204
1462
2174
1907
4888
2625
45
620
330
969
1687
25
4241
733
144
2582
894
113
894
497
374
1085
141
44
3048
579
189
417
275
2358
2163
3451
1207
55
3442
1714
618
1833
2058
140
961
1912
3157
1569
982
2114
4012
3393
5
2719
594
940
101
5369
1886
2030
1197
702
2443
2565
1048
252
2285
257
2131
2495
174
714
1723
2964
217
54
3633
1026
1719
343
851
454
592
234
3015
2540
577
828
622
789
1684
3178
1807
1793
2213
6367
266
2649
2172
4457
7140
3595
217
738
691
1548
1735
3755
898
1162
991
758
2632
2388
2920
6864
1780
1548
220
274
32
5293
7818
436
1872
3133
3879
167
1
3512
4790
2522
3074
2740
933
1749
1020
880
1480
920
2262
143
956
5567
256
1274
190
2422
5976
275
1665
10868
197
2217
1766
499
299
742
1461
3818
1655
2328
1646
373
3907
199
1595
3349
754
1743
1886
707
1764
2800
3071
1576
359
3442
2174
87
546
286
2541
1004
169
3156
939
977
4545
2745
2230
612
2428
5477
4100
1460
1471
789
1277
2307
1112
627
526
2360
2102
3887
353
6153
1749
205
890
887
712
2037
449
5635
45
456
2924
1524
13
1623
3831
1312
371
1596
1421
939
929
6104
2369
3788
1405
310
1231
2449
3167
1564
819
1912
391
2164
10311
1519
1751
2017
4667
1424
1623
281
498
453
3705
1155
739
4951
910
1432
2694
569
2016
1097
226
218
1450
1992
3496
152
1590
1950
149
1308
1375
5166
1261
2330
912
2568
786
2283
1434
296
3419
1029
380
659
155
93
2176
368
67
1930
2143
916
1194
994
1144
1367
649
920
1226
2342
3024
3231
1514
590
1910
956
363
265
215
761
299
2483
2428
206
2710
2852
519
7664
1231
5689
157
3180
852
668
80
3534
1342
2425
204
530
1897
63
219
479
1345
2195
1311
11545
2965
375
3519
451
1225
1688
2097
1532
5805
795
2738
4022
1403
308
1082
2091
8359
1114
348
310
1386
3080
4195
1521
3428
173
51
3356
798
1339
1010
270
3268
2014
683
530
1041
3464
508
1538
401
4577
4339
1165
2099
3698
3928
1463
807
2017
4147
116
774
9051
2625
1759
5165
979
747
6999
332
3291
1146
847
8
271
1314
7129
4302
4907
65
2097
1034
4930
176
6881
2670
453
2860
1375
132
3369
983
8000
2665
1246
2615
1240
5616
284
3639
1472
1758
1300
633
479
525
1298
1310
1766
2590
762
2070
2469
3710
4980
384
447
1118
420
923
191
2549
740
2208
6961
1644
1060
222
680
1338
552
893
1413
1432
5300
802
2413
1261
523
6080
443
39
689
527
5518
707
621
833
5773
1509
1422
712
821
76
1071
1174
2697
4296
7181
2815
704
62
5021
175
741
4822
6519
1269
4002
1080
13212
444
121
2063
594
3656
244
1000
1298
322
1193
443
3656
5658
1140
1112
230
2328
676
416
2726
1530
1438
117
1930
577
95
5435
971
4008
454
556
5348
580
401
209
182
264
1851
1037
3477
3171
149
2298
951
621
2050
2411
922
418
5535
7082
1623
86
3268
1897
1992
3726
592
4359
903
864
3712
284
531
5203
443
637
456
970
229
49
3513
81
848
60
1016
4819
3972
411
933
277
491
394
1006
1840
85
4744
2105
2915
2343
1806
5236
739
3748
2567
2263
609
1193
1725
2970
2794
4003
1178
2279
3398
3272
2681
1470
1363
852
1136
1074
464
595
3678
222
204
3183
215
557
7265
29
1075
787
1001
973
5352
592
1523
684
195
197
1648
1590
3943
2285
4693
1734
982
4091
3112
1397
1749
3443
338
32
2221
2123
3668
1175
2720
428
246
1046
1845
319
399
4002
377
49
7420
1024
3069
424
1001
140
121
1437
2501
199
533
5747
4889
3330
2671
1736
2537
820
4841
1428
3340
960
224
259
1028
1015
443
449
386
2672
370
3987
3071
1176
6383
703
155
4376
1835
592
810
816
4849
168
374
93
1419
1125
180
1540
4293
2427
405
4893
2686
1942
1345
2215
3346
5270
2467
1039
2557
641
519
734
1600
1004
4297
821
271
20
6658
824
629
492
1544
1992
465
855
1027
2008
3748
809
25
2577
3897
6039
215
246
113
9355
2615
363
174
228
7
7977
487
2760
3568
720
1258
3585
3502
493
5
1405
762
4088
1056
330
3264
919
1264
2033
1197
446
360
231
214
1171
4188
568
8
1782
2748
302
319
4787
2029
237
923
4455
112
1390
234
635
1490
58
11368
338
638
1097
3501
2575
51
2933
1171
386
766
817
264
712
327
4398
1294
975
15
5650
2282
7844
3201
5174
307
188
4472
2063
2722
2897
2609
1231
1297
497
3929
52
3
7021
1131
1604
91
122
992
58
468
709
897
2397
2478
369
1648
5280
1024
516
459
1206
1286
2537
424
157
742
263
914
174
6596
1678
3447
57
837
1311
3009
1
255
1199
269
1771
2163
2020
1167
2529
5070
1247
3655
2246
2736
454
1050
2363
558
1605
311
5025
2432
13
3072
3944
36
101
1560
1330
273
2641
2213
249
2559
2803
1131
463
1891
2062
58
2237
30
1795
850
26
948
1852
3997
2028
7038
2687
2012
1202
535
251
2697
32
19
706
6567
2168
227
4145
523
994
127
4304
5597
349
183
5071
288
174
4784
1959
138
2231
584
720
1068
731
3091
533
532
2633
3105
1457
4927
784
1833
581
2047
258
863
249
3904
4181
340
1163
577
3615
797
653
1404
1337
3642
3810
538
5147
2462
2632
6136
899
7320
535
3551
1802
3666
2154
331
2158
4674
3297
169
974
1995
3947
995
2363
4047
330
3062
758
3376
1026
1161
6486
823
1875
85
1494
2319
1112
99
1043
1787
462
1993
3582
4889
1339
2066
1259
1880
3467
778
1487
882
3495
126
3954
560
132
700
1662
1966
597
31
280
1314
792
1217
1993
3831
1392
9322
16
1553
1531
1321
716
512
2777
3420
627
883
988
1224
205
8009
2288
2838
923
5299
1961
962
1523
4447
845
323
749
2206
928
391
5558
322
484
264
542
815
3199
2302
191
187
520
416
918
1217
2767
809
1996
1141
554
1162
2773
726
1565
4985
47
6973
1746
2006
71
1172
814
1371
854
2920
270
5419
793
7712
1969
604
4610
1341
4146
1751
5020
51
6991
1355
414
2375
562
3209
670
2341
3439
1228
2402
252
424
17
1521
1429
194
2082
358
2908
3309
385
2764
1202
562
1704
969
1367
98
3348
5007
2405
753
418
3869
5214
6472
2753
5386
811
402
2016
159
6994
2223
1119
2655
1340
4156
768
820
242
1172
1014
221
3216
712
177
1162
608
316
740
1860
3047
1943
5763
1512
521
3713
104
438
947
951
771
332
1483
832
6952
748
14
1676
1377
1036
4662
263
1277
2057
1749
719
5239
720
190
427
818
2297
2267
317
837
133
7119
870
1059
267
114
3195
848
53
445
817
1880
93
4102
562
1197
2454
1675
592
1100
145
1574
1136
2105
239
1248
3576
422
1088
44
3639
378
627
778
4684
1724
590
52
2370
1299
3969
976
129
4813
3461
203
2139
1129
2359
169
951
746
6038
938
292
42
5789
5952
242
3245
540
1195
1973
1177
3904
403
2056
730
2262
1223
1303
591
2230
2700
592
44
1348
3020
585
6779
2496
2769
505
812
7413
6270
1349
3545
2270
1874
7689
3506
182
1521
2980
1939
1796
3341
3509
1182
4299
1933
1602
1513
268
385
2664
1108
1231
2213
1268
3151
219
1606
4674
929
1466
1142
89
3738
554
337
2086
757
4495
1563
3158
269
1493
108
2411
3370
576
367
2459
2483
5350
1987
4589
100
1412
291
980
493
1282
1065
2058
6957
517
2606
1966
3328
1468
516
171
2933
3070
772
6926
1427
603
3249
3857
1671
1710
2988
319
1131
2348
1416
3114
723
2174
4587
614
418
2665
1951
1858
172
225
561
9862
411
819
919
2334
2993
2651
1123
904
3149
2070
2404
1425
328
1525
279
1614
840
1584
282
192
1168
274
66
765
2483
1822
904
2520
970
321
1698
2014
2153
1707
443
2229
2610
12
2574
1711
1058
4155
3507
3618
335
670
970
1170
340
465
6079
424
15538
825
1478
149
2419
973
665
461
193
3032
5278
2657
4793
1301
231
4333
532
523
337
1195
4537
2490
343
1931
2509
582
431
1277
1519
3246
448
2098
5468
1107
491
1961
747
1258
438
954
1310
4378
5178
1757
528
4472
3909
1067
3427
998
1485
275
3868
1998
3297
1007
186
583
92
310
5355
210
1242
1565
237
244
154
4487
1938
2214
2403
2626
666
3652
1500
338
1824
441
168
4574
2767
685
437
1944
4458
3384
5661
941
505
2132
1159
241
672
2798
447
4198
754
225
227
36
131
3607
3864
1795
3466
1437
346
57
1904
8231
3472
5965
1683
457
3814
1469
1027
1841
796
369
2868
2051
610
277
1233
1115
2598
2692
1230
6357
900
878
2018
8
252
2017
2689
1063
1050
1592
379
516
4701
1737
482
692
1482
623
822
1389
3435
131
7563
823
4784
1214
1584
2271
1606
17
176
5079
864
766
828
5879
207
1812
1953
1005
358
2533
649
3508
928
3059
914
1945
9568
413
648
3016
263
3008
480
236
1884
908
2398
736
1253
3250
339
318
2123
717
7811
1036
3653
1864
1159
68
137
528
953
1094
3196
1648
2307
419
874
297
260
1628
5760
196
801
28
3188
1042
218
2544
4068
4427
4189
261
5870
358
321
212
1668
968
699
5322
933
252
3521
312
3045
2735
3036
575
197
2324
1192
3153
30
3296
1345
1732
144
1452
547
487
951
3932
468
7919
3589
2024
3297
6811
1899
2268
1411
250
516
430
7893
4705
739
1805
2393
1705
3902
1010
3546
1223
1579
2408
378
2312
2816
1434
291
3603
198
39
698
301
3497
3387
331
2761
4088
4282
1092
40
242
93
125
399
188
1320
276
2409
7
138
318
1973
3399
1105
968
464
104
2027
3530
930
1254
770
3522
320
1785
262
2268
212
827
977
350
8920
605
117
3070
2246
57
2259
155
1830
8115
764
43
502
2042
3371
937
160
640
382
6431
1699
565
2438
1784
786
109
136
174
1327
2015
2876
132
1748
2295
423
1352
1247
150
995
235
1740
766
4058
1173
1633
1155
3493
6924
307
25
4563
5129
962
6550
219
948
2664
5885
89
9198
2267
2003
431
12987
177
5569
88
949
2098
1768
190
79
1773
1162
882
995
1028
257
276
4895
2002
1337
36
3927
3311
2260
6928
3469
457
2854
4821
3227
418
9344
326
450
3290
2720
143
1440
2438
1103
123
1613
81
3290
303
713
3701
3156
3726
136
605
264
497
1148
906
300
1459
2567
5340
2428
1898
14
603
1270
1554
503
4877
7118
1182
1464
1066
8040
108
503
4160
1806
134
1013
185
932
1317
66
293
482
6178
5780
1445
159
5428
1800
532
670
95
6692
1783
1016
565
75
1916
2108
383
466
2082
5593
4051
1798
16
1573
940
1478
2569
912
2932
1272
394
1697
1344
2446
947
3203
478
83
632
356
2335
1184
6296
2603
5313
1775
2766
4305
870
3631
4317
337
603
3803
1185
1990
427
3328
2336
1540
1456
904
91
392
2805
3418
2914
2868
3838
5309
9420
2316
881
399
1300
1683
2580
4847
835
2484
1499
48
2928
297
850
846
2838
4944
3678
4689
1606
3277
1160
1880
416
4346
2540
2113
2557
10079
1695
2292
353
1121
791
2677
1032
243
933
1237
1649
3634
664
354
237
704
633
2360
3737
1188
3020
889
1828
627
653
1626
152
804
667
1207
770
1661
2139
381
95
409
536
1206
3519
3014
749
1354
1653
10393
2527
2582
2247
1942
298
1775
4354
918
222
1121
7880
1966
970
7908
2159
2278
2361
1110
1221
1334
524
644
13
71
1908
947
3316
583
859
1578
3526
495
545
476
774
33
1471
75
295
2524
128
6012
3259
79
3722
2405
702
983
1969
5278
986
343
848
4374
4686
2339
5781
118
693
3908
281
1222
4850
1583
7483
373
1077
2036
1866
1601
208
189
1022
3151
2218
957
403
9
3002
7864
906
618
1801
452
193
888
2743
3143
1809
1099
141
2690
1366
2892
86
2428
4772
946
1756
6324
106
2546
2322
529
488
477
4870
534
503
209
1463
295
117
6267
119
2004
972
1085
1645
766
310
1692
125
1104
1778
391
1820
5528
2971
1372
5225
1355
438
952
1707
4780
5692
246
6761
1448
2889
893
5473
2607
4823
2712
3427
1473
3383
1503
8539
1318
5483
1853
1630
3430
5117
834
1894
107
1704
5690
1346
1146
6505
3688
4909
1339
1175
8817
604
12022
642
1487
125
646
4714
641
2802
527
254
41
707
938
9594
567
674
223
367
846
2124
1369
521
5020
80
2592
1876
462
488
3414
99
1842
652
2208
1408
2268
1933
3084
128
3275
585
733
3685
5905
4510
288
2557
292
4683
517
2152
191
4379
1057
2602
6642
1607
843
1414
5827
971
1771
1276
2699
642
1144
3806
626
3703
690
1954
1074
2678
726
2884
937
3398
1427
1479
2910
1016
835
2070
2760
1483
146
1416
537
1537
978
4440
6045
1162
407
86
2750
3858
723
1042
2140
253
83
2400
2373
544
2109
1243
2425
5942
1795
142
299
41
1373
1715
561
3046
147
241
1122
2551
426
966
136
3494
248
358
74
944
2284
456
5928
2157
1906
2119
1797
2933
781
1658
2032
1422
3360
9804
3355
1157
587
1780
161
5433
2842
4123
486
1341
192
628
1627
1104
724
29
1928
6042
250
7401
1633
43
1822
700
828
2933
653
1502
603
549
1092
2693
4145
2239
1835
2889
241
843
1652
330
352
7445
3310
265
3734
1672
2533
313
1395
264
2545
724
656
939
1811
596
718
2426
5428
1370
2343
838
633
1269
3292
1888
1402
50
317
798
2780
394
69
313
2681
912
868
314
527
1850
1121
37
335
4550
5262
1354
404
1255
1880
3442
361
543
584
8618
1405
1033
215
1949
1455
786
997
789
636
1588
190
674
935
2020
1060
196
4037
1090
2444
1427
1702
6319
7
5503
1224
3200
4117
3069
3964
9508
