1D 	 failrate:  7.16E-4 	 Fm:  807.2456	 且最后的Fart/Frt:  0.5779878495999999	 Time :  5.9194

85
444
379
78
609
635
724
613
381
215
535
1096
1119
768
303
177
273
934
1167
1161
259
451
721
1382
372
1098
719
1315
1199
988
1001
1359
618
400
542
264
966
125
2140
697
31
989
123
817
1006
405
981
2338
836
468
408
130
21
1709
399
848
195
1251
45
1609
434
436
721
1151
433
1619
443
6
715
60
208
1015
960
249
295
632
5
654
20
679
2575
2086
1066
1232
563
903
749
1011
569
264
524
866
319
476
414
362
978
1059
1792
295
1016
1625
446
812
2146
308
104
773
745
18
1625
606
251
891
1178
1293
78
247
527
2352
1605
525
233
411
429
460
749
348
2157
739
966
526
1284
209
375
241
687
598
1245
1820
330
905
94
1222
955
692
778
157
607
327
152
1080
1573
1311
1106
343
1154
1118
416
327
1561
1366
1352
827
393
1310
2086
1068
681
923
338
401
91
1264
43
1092
585
702
616
669
928
294
821
871
886
494
142
1026
1772
918
345
322
1145
161
574
1433
72
1631
3
524
569
91
833
796
456
726
91
164
1635
1492
653
1452
624
1212
763
39
612
12
1282
771
1272
698
811
1619
910
408
1048
523
349
100
111
737
1036
1608
133
59
1578
145
521
235
266
690
163
1138
920
577
2891
690
316
1751
723
2011
818
396
606
916
1610
655
1412
324
1234
179
247
204
380
589
913
721
202
225
1873
1389
1014
940
414
782
982
192
202
1031
412
168
98
351
2955
739
404
938
394
262
621
900
1194
553
94
732
238
1162
1122
2042
413
498
1125
2357
436
2352
1188
28
687
1264
1028
967
665
583
357
128
6
617
767
37
374
933
255
571
245
1387
515
811
574
527
1127
877
637
520
786
1219
639
1451
251
803
898
690
425
1151
45
544
79
762
1861
895
1461
1396
53
783
901
781
951
1827
586
1258
3
329
656
1050
695
87
732
151
1244
564
1102
372
283
1015
301
539
1462
729
937
357
235
107
766
696
2676
584
248
1107
297
1277
1011
1256
248
868
638
507
1302
526
737
36
476
198
1971
365
540
91
615
181
2081
105
946
1888
405
228
2373
746
504
1203
2785
1137
628
1147
244
390
621
40
853
1444
1409
852
114
835
367
744
774
411
1394
106
2105
631
1058
468
1145
195
1028
335
697
1249
162
492
1309
680
757
387
668
17
2352
207
403
246
146
411
601
216
472
879
2132
1774
371
84
996
1077
1509
1464
1817
794
1001
2464
969
179
279
226
382
400
1594
864
187
28
333
1020
548
230
1029
358
771
1103
1192
798
1015
816
1124
1050
1663
1373
1300
2117
1130
383
932
2332
2026
920
2276
484
1179
334
344
1174
1443
1758
733
1284
1781
552
470
327
1655
2709
100
482
1534
421
96
816
227
241
510
457
150
762
753
273
943
694
717
398
846
1018
182
1170
130
985
311
674
895
604
744
1743
1567
762
462
167
356
5
381
519
527
75
1876
1732
255
996
412
277
650
467
884
161
491
98
373
1447
1840
335
769
769
875
1628
1431
1275
566
553
1868
1341
797
608
39
190
1657
2595
278
854
34
1083
1210
1418
353
1111
606
858
68
484
59
962
1665
658
706
733
867
1243
385
510
1294
326
437
837
3670
1207
1320
1387
179
308
195
865
285
376
1438
2151
888
173
1011
739
801
821
38
686
1309
1753
488
1286
775
1005
318
194
40
1409
1497
596
928
2279
174
900
1038
180
603
1713
311
504
943
1010
155
1475
1249
432
67
1775
170
980
1087
390
905
634
1671
406
1184
3031
856
285
754
892
220
1277
649
639
1550
30
546
738
1989
169
2512
528
218
404
942
793
778
918
439
1177
386
916
774
1028
1439
932
533
2468
752
532
2708
787
945
1372
1275
108
983
1215
310
370
79
710
1629
263
1719
288
670
270
291
685
950
64
142
745
625
884
664
937
164
504
2270
537
782
508
588
776
2310
1204
536
543
309
799
1219
1652
254
236
492
657
1460
301
613
454
520
246
2255
732
603
125
329
294
1038
2097
616
22
217
387
922
1907
47
1061
473
796
253
133
246
1184
887
1513
624
850
514
526
1158
744
453
412
296
1035
471
1113
49
882
778
1600
78
1758
380
503
2141
1354
775
390
567
840
36
340
1195
1632
914
1911
669
1133
963
737
2186
1761
1749
810
236
1499
1418
48
1651
911
1289
110
691
763
1326
625
1023
707
948
1140
1264
581
964
82
1533
1128
602
919
1627
957
254
910
568
843
558
545
426
1536
1885
1774
410
921
387
894
435
1340
377
541
236
1925
1033
194
544
548
1362
1238
600
585
262
1390
2449
854
1681
496
1893
1093
1596
1309
882
1168
194
199
730
112
651
235
1110
282
68
24
240
1285
849
953
92
183
171
724
1599
721
354
513
444
310
307
1498
185
984
1067
1325
264
136
685
334
146
367
788
1394
542
299
596
1596
1257
452
432
2347
816
637
398
1799
978
1055
910
1290
859
375
1236
525
434
516
1314
949
740
1265
114
228
168
50
452
1675
1665
2172
868
1
1159
455
1506
215
1056
757
870
1272
1215
1353
2632
955
542
1520
106
120
834
1232
160
327
376
1109
118
157
1489
1463
1039
684
1441
776
552
1226
1273
2006
592
569
644
342
18
638
781
776
698
610
50
872
775
1318
582
325
1357
299
50
1566
284
554
900
1313
1467
138
381
76
828
180
1103
157
941
1830
347
55
1307
1944
379
217
1011
160
1291
806
1349
1190
776
2153
263
654
1042
613
315
1158
48
1320
70
625
1002
704
679
736
1104
1451
584
425
856
341
1306
674
592
3281
2062
1156
118
1465
1477
178
1358
242
793
1510
376
147
936
166
988
799
1053
1829
1249
757
125
601
689
1509
1384
159
1539
1411
1250
407
643
196
1116
385
1171
359
1253
487
1412
395
401
1671
2102
642
414
1189
866
1804
1307
243
962
993
1006
323
365
861
1342
460
554
351
222
282
17
474
1976
1127
101
63
181
636
884
1493
116
419
1039
1821
391
1141
532
1238
39
320
1646
240
172
771
387
1782
1039
1195
327
642
540
831
1225
946
2031
1354
1338
96
444
327
1285
1747
999
111
346
691
1264
489
951
769
662
216
128
1603
335
1134
381
558
1206
655
250
2030
427
355
1443
1276
114
1548
731
583
1486
194
531
331
245
914
736
541
575
588
444
564
2385
556
2257
786
965
253
3
1037
1060
2576
657
618
754
1221
411
1282
890
1510
276
1630
1181
1706
973
1392
1129
881
412
528
35
201
185
542
430
1077
88
875
575
1154
1053
488
662
129
1139
1538
341
670
775
1467
1367
733
1476
802
1800
274
237
1289
1750
985
2512
583
1008
1836
937
491
366
418
584
248
666
739
836
814
1625
1440
533
526
1690
1025
1731
943
1552
780
1483
1901
449
1050
1491
310
378
1749
1614
386
740
870
134
115
890
87
1241
408
525
805
1019
412
1217
362
850
340
163
392
571
977
714
404
581
826
319
184
452
1860
104
278
3
159
522
604
847
1399
830
2108
2029
97
382
446
1128
1928
507
1090
272
1083
1167
761
162
499
1826
249
2214
935
292
1410
702
1233
951
1864
363
1043
1005
356
567
24
905
1453
677
176
889
32
836
1231
661
131
1279
267
271
1482
1190
1182
524
322
253
255
474
357
1181
906
1030
222
503
418
647
426
1094
1173
906
1067
390
342
66
947
683
814
214
521
355
144
231
129
1366
1008
1780
956
56
89
784
493
652
1577
31
1381
1261
812
976
923
890
1158
838
401
2938
111
1153
1172
1174
1224
1358
2790
432
1642
687
990
670
306
752
623
2514
752
1315
324
2740
1489
824
1229
1149
1130
1610
1243
421
1219
960
27
922
366
171
1247
369
1390
45
2186
323
1326
311
125
239
585
479
1536
438
1084
3147
175
976
51
1526
1412
418
1307
29
1334
589
1917
514
1498
123
629
366
417
115
1114
980
601
2368
148
986
734
482
1007
493
482
535
1259
663
86
205
233
406
336
269
674
1693
382
667
1085
571
1714
1829
216
49
1276
1741
194
684
246
291
1262
1898
162
717
395
342
810
616
2680
247
1298
292
1343
492
711
665
748
248
185
660
1011
1663
839
279
506
1236
983
724
206
775
9
1276
706
355
1164
539
198
1098
825
1749
189
40
753
690
339
266
2343
372
566
180
998
75
518
520
648
2190
180
898
331
526
587
1189
1015
42
1477
364
487
531
1283
502
1138
833
450
1268
140
714
380
300
657
780
663
1535
1025
736
432
187
302
2363
658
1358
206
733
923
596
451
471
62
576
811
1542
1643
352
437
1196
335
31
1712
180
350
392
1246
768
483
221
958
259
1796
256
212
182
33
670
409
660
958
1358
560
325
504
420
818
1169
1189
1768
1175
673
956
926
57
493
316
767
843
5
746
135
372
1188
771
122
230
362
1197
854
204
538
1368
814
315
1228
334
265
1569
124
612
727
23
1057
99
564
276
89
1028
1591
703
1187
1321
435
111
1074
2223
95
1660
1739
1128
1144
1144
1461
123
113
2002
736
1023
67
977
942
2259
574
476
3
26
796
1226
232
828
54
907
417
712
1142
518
1398
528
954
2090
1417
1169
693
1462
1600
744
288
623
2107
1098
424
887
536
2159
282
339
583
1833
1020
218
338
37
2450
889
1161
27
788
1275
48
761
69
693
175
1078
818
518
1062
1666
422
610
1125
2957
2033
217
222
281
1070
170
646
1819
1404
561
22
1107
2432
131
3
1199
724
751
59
1569
633
153
179
1256
775
631
791
912
376
1255
700
41
808
944
774
226
68
218
293
217
401
226
1944
599
1373
2209
126
229
781
1561
492
590
633
1426
1198
465
1002
1305
433
815
119
1290
489
411
965
746
1747
3
1175
1071
748
186
626
989
456
914
647
535
1213
408
1003
1260
34
392
697
3
961
406
624
10
1401
1169
513
1220
1410
1088
507
1314
775
438
208
1020
1110
531
523
964
1419
645
209
580
100
308
1804
1272
1152
354
974
431
231
500
478
1424
1405
873
132
888
237
601
119
1115
186
2248
161
1092
491
1087
606
169
197
588
693
408
894
608
997
1223
1045
744
725
536
1130
424
1927
1217
1033
123
1081
333
1792
1413
126
643
492
1108
744
562
2034
130
1608
248
409
942
1372
660
1489
273
805
309
451
1075
41
1015
930
870
386
1638
687
1111
448
1344
332
776
154
1172
127
1234
1159
781
386
137
1241
2081
1346
573
232
1338
1338
405
452
796
1638
1
550
188
545
266
759
1713
263
1099
1132
2866
1056
128
479
167
531
589
361
737
1821
1070
308
548
2061
64
2623
729
537
2439
465
317
1085
1182
677
863
203
1453
294
108
87
520
38
199
1662
21
878
1565
39
394
675
130
278
1017
33
959
798
123
296
703
1137
650
128
1031
212
622
868
1191
573
1162
1428
462
1622
1229
1100
1166
1514
531
1760
292
332
1027
626
860
327
763
1570
1995
404
2244
797
171
484
676
546
342
291
1138
1153
911
655
789
297
506
255
7
239
22
1214
524
693
914
187
670
666
678
11
1034
1534
489
544
1225
1616
89
692
221
743
1338
76
1296
1046
2050
258
275
457
766
460
733
2212
1311
1115
1553
688
472
1157
1188
722
53
217
139
73
1579
701
704
430
1028
580
256
443
1422
1430
834
442
883
14
283
436
437
1322
742
962
1561
754
654
419
986
1315
1501
1116
1670
1057
544
1627
1642
1396
246
907
74
11
1110
1471
2177
1118
1375
504
331
1342
352
395
1403
229
1060
839
726
1024
1373
456
1714
205
216
486
163
653
1829
658
262
293
306
1155
413
650
1324
1072
600
528
939
1700
1672
194
293
445
857
473
844
354
1216
214
476
973
1369
839
2226
865
850
57
84
876
692
302
1153
571
398
1098
198
750
861
770
1550
1370
1545
1311
258
934
817
205
398
781
14
208
1594
1460
1452
550
920
124
473
703
45
762
152
789
599
344
1368
146
347
276
139
1018
1053
1271
889
386
212
162
1818
1929
1053
1100
729
716
844
1342
654
600
182
880
29
219
2041
1533
926
692
1000
1692
1682
117
778
799
262
259
763
1723
827
780
583
1038
828
148
1375
94
1445
670
495
1788
1002
45
1321
789
201
462
247
148
1314
1223
790
219
557
1034
2151
538
993
532
152
255
592
94
843
397
367
500
1028
619
677
1274
1096
1324
684
1164
663
983
817
170
868
1453
709
490
639
1210
730
4696
1453
239
889
771
999
375
1176
900
380
348
120
749
459
722
154
827
1386
1601
1048
1137
619
674
419
612
1341
529
33
1057
697
1577
1045
565
985
365
188
964
712
1531
799
630
216
645
1120
1163
645
458
123
1705
1237
3
65
1204
792
133
2741
1874
2164
754
418
80
85
637
970
413
636
982
103
1107
731
986
818
943
381
973
390
1327
990
1121
1447
335
81
1798
838
1811
214
873
695
1288
1051
984
471
219
1009
33
2197
94
90
1146
2376
3444
87
1200
1252
477
988
452
203
823
1147
1133
211
1183
114
658
253
135
1017
1292
346
533
1680
1472
944
24
375
2164
685
1148
1164
171
884
991
618
534
1483
65
576
551
857
356
326
158
1022
182
1363
1158
585
1830
1953
370
1392
550
832
563
231
540
766
832
217
42
457
343
116
1386
3335
932
903
1477
1950
148
1190
1205
1022
501
106
989
310
508
1717
2578
457
77
467
208
997
845
1100
686
685
1191
492
1691
1673
412
601
1945
266
630
1007
1318
362
46
1311
12
1480
161
1047
186
1005
387
501
137
149
494
388
1847
329
20
962
1125
530
1582
712
1386
2181
1711
1364
580
52
102
614
538
356
929
1092
639
530
359
552
2120
657
2946
622
1009
597
1277
26
485
968
674
65
1561
699
792
441
1822
485
805
736
1200
620
401
241
1518
370
779
1014
1185
2427
1320
52
111
990
1092
1394
2412
1020
796
36
600
843
437
516
246
585
193
657
150
1289
1414
567
573
2114
1194
776
903
36
146
264
1043
1129
502
1812
686
150
130
1075
318
561
1016
1500
241
377
267
983
727
1644
1559
165
467
1315
427
850
256
1707
143
1111
1225
92
431
409
844
190
1649
625
242
934
200
460
1062
3123
1043
12
262
416
1035
1282
930
543
8
1444
198
316
638
2070
633
544
607
623
310
370
160
1642
729
191
639
1415
883
722
1992
837
470
508
906
775
407
40
1507
338
2519
891
1086
323
342
480
1361
678
256
821
283
459
1001
287
1303
202
1088
147
581
562
398
1286
917
132
725
129
228
990
195
326
1349
1379
432
619
801
672
36
704
679
163
455
1488
1221
568
1613
1849
629
887
1430
1350
559
2809
177
633
196
1084
890
421
644
1362
126
1678
1353
603
479
967
2125
1292
581
609
11
611
733
952
247
107
653
1144
96
212
1433
1355
225
1385
1115
667
1501
587
237
948
168
581
1124
1505
334
95
1091
109
957
36
856
1076
659
1446
601
198
1082
1418
1571
560
654
58
1368
590
1307
1617
1363
690
1916
1900
477
1567
391
1199
133
1580
1042
2358
599
431
20
981
1052
1133
819
1004
406
237
1264
1327
1316
956
1120
1687
187
41
1298
250
371
1203
2384
1147
544
1512
869
283
1617
713
1527
456
645
141
2000
716
310
1187
740
816
339
998
175
476
432
851
935
1855
1811
424
641
812
154
688
1339
1681
926
702
1225
239
1167
837
1960
1632
704
653
512
1193
773
722
2369
496
891
342
1209
550
1270
208
466
411
868
2171
1429
389
764
1386
499
668
2508
352
2125
493
219
532
822
1715
1496
291
554
454
924
466
111
564
66
356
79
2084
704
902
1353
1200
600
1130
546
1127
1522
455
1656
310
364
851
1091
1663
206
994
1126
448
109
468
225
209
461
1311
191
151
299
592
2044
634
956
205
529
1714
893
1596
571
962
1389
357
1124
332
1270
1376
306
232
1591
496
395
1546
1216
931
317
234
1374
826
592
234
1104
1314
908
451
334
258
736
139
396
384
880
845
308
1197
1153
1411
1193
340
254
102
197
991
1312
884
1426
46
1758
379
668
347
1215
526
56
453
338
73
1210
354
249
1054
210
1146
846
2053
671
1473
624
744
517
1294
1084
463
879
413
1197
642
589
205
1471
1347
2641
189
1293
736
828
474
621
1022
217
576
1869
536
454
845
42
556
813
1125
2148
99
287
668
932
463
489
794
89
420
39
496
220
151
377
726
1316
2129
51
1681
183
41
418
460
1001
165
1068
1313
335
1452
620
323
401
1561
967
458
27
1027
892
1163
1952
2878
80
1102
443
587
899
156
374
816
445
1004
113
1208
333
96
705
980
1668
597
132
469
854
696
900
1600
1219
581
510
882
103
701
1114
361
532
699
45
1250
16
270
2101
1906
810
70
1719
1084
792
1037
1566
440
664
261
468
270
149
1636
1425
613
1039
1647
461
304
2410
66
985
1464
1178
1389
1318
229
1965
548
342
341
1056
247
1266
1123
782
1575
231
1016
396
1118
2273
520
1207
95
1729
87
869
597
242
3268
942
780
139
286
812
872
1174
870
1866
551
1154
817
823
329
1295
79
189
394
770
669
1504
1044
389
1326
746
1193
1098
703
423
1065
353
629
411
639
300
395
913
1430
1097
715
729
782
763
609
914
1018
106
2164
180
1818
1287
1411
1486
1487
732
249
225
1017
1362
959
342
272
436
1483
12
273
1352
1224
1317
1000
652
1907
228
1113
31
800
68
1164
44
1248
136
985
137
1404
299
979
1243
1551
137
615
639
357
28
648
61
1383
861
792
1211
1513
345
394
852
627
1786
1023
84
976
858
1981
575
708
687
1958
1443
370
1501
187
376
673
158
454
200
637
443
221
556
445
863
590
1173
495
1045
113
29
1677
621
1270
2190
888
593
1082
101
2702
1260
639
84
224
849
475
307
1029
1076
106
916
1396
105
1180
574
526
1114
1861
103
349
996
1174
384
430
1409
936
1465
616
93
398
330
480
687
582
346
1997
855
256
58
852
897
296
434
983
355
175
689
463
728
938
92
2047
1125
45
444
763
810
1006
112
334
644
138
347
1261
321
265
1071
789
1739
759
2277
1368
928
121
1534
560
1572
754
286
638
646
764
569
1114
1416
293
1603
517
1128
1287
1030
221
706
1391
853
790
114
396
420
1088
425
1365
551
2699
2231
180
1224
842
1263
332
1295
78
1334
501
1001
1388
260
813
15
495
773
444
179
499
63
322
1012
760
232
299
1066
566
91
1853
424
1574
1122
989
914
105
1746
343
703
2037
1973
1151
849
928
1484
790
466
1420
1659
49
88
411
849
1149
385
105
574
677
690
1271
1101
236
505
454
813
77
543
1553
1217
994
51
742
1298
161
752
461
180
348
123
395
1133
35
507
474
182
964
1303
27
933
513
554
898
820
367
743
2505
197
134
1339
103
604
273
523
280
715
990
1589
1507
1939
225
1115
1232
2008
1313
1365
842
1052
893
969
1182
305
759
921
1450
778
6
343
2025
1064
1701
910
604
1724
48
1627
1070
1130
1463
59
1079
316
1070
805
187
553
707
1167
1448
1104
104
632
895
1482
69
951
956
368
846
1507
1545
2007
1492
166
2176
1814
255
2533
562
879
893
874
2082
1025
451
676
111
1200
213
1330
665
710
587
2019
1005
412
689
219
1359
163
50
537
57
487
1333
478
135
1928
2272
2202
202
429
993
1116
785
835
695
493
88
155
62
1315
5
458
1309
111
103
184
1239
23
1444
544
1272
690
1037
982
907
413
225
530
311
488
320
1560
394
43
758
779
1361
802
27
996
734
1955
574
995
554
2129
959
242
1233
404
1253
16
431
1113
799
611
1209
453
1142
1184
745
308
1308
52
1012
1
1052
610
1086
914
1295
781
1143
888
376
268
1368
1619
309
424
433
224
330
1851
132
334
771
75
1104
775
685
156
582
1044
77
467
888
2771
124
339
1226
429
155
686
1074
222
169
858
1351
1402
112
266
539
541
950
738
34
1086
2190
941
422
1071
1033
109
210
1181
1128
511
268
2704
443
639
292
495
1886
917
131
1614
124
1656
458
351
337
399
1204
1593
558
729
105
315
1738
394
45
251
1241
108
141
412
1118
970
464
1260
605
826
651
1324
267
393
1686
828
1216
1874
660
127
456
301
120
965
338
188
192
89
257
916
98
554
946
1700
1855
1219
904
286
883
805
498
31
1942
1311
1316
868
498
62
197
713
286
532
76
380
535
1018
664
1274
2307
732
207
3
349
1454
2043
1168
412
757
939
718
1223
332
120
1937
534
117
826
1122
23
726
373
912
348
291
425
168
1129
62
2164
610
672
2395
1229
2311
119
2406
1078
1550
613
644
14
1649
384
389
334
1256
299
155
1398
1027
1224
871
3
292
2544
318
136
904
246
480
727
80
646
478
72
951
1180
1608
517
1648
1034
992
87
1856
1364
357
2141
962
2118
325
413
1179
105
822
862
1267
464
1076
1061
1072
349
1228
852
474
767
1401
1737
594
193
1221
13
344
254
374
174
688
64
677
274
1097
1454
284
1278
460
2495
853
1174
713
528
2102
1253
1461
434
595
1744
1114
169
901
78
1271
80
665
599
3074
581
709
262
949
84
533
259
141
713
1585
576
212
84
859
227
1795
124
293
236
1304
165
8
851
2049
172
1141
1079
1319
56
639
523
1301
58
30
1125
384
749
547
380
845
952
804
1013
1001
402
416
329
464
828
1202
349
50
58
1081
984
1106
943
1691
1136
3
1669
827
1431
1393
281
480
695
3720
1019
730
1662
245
556
335
707
525
1602
894
661
991
1436
1326
1447
697
32
1323
233
110
3591
554
1125
609
78
815
628
161
1405
724
204
534
1561
1317
353
829
1416
230
1601
740
1558
688
608
1292
79
162
14
768
846
806
2487
414
339
1881
438
334
388
339
828
932
38
236
1522
1236
667
1108
1595
1011
886
582
89
1340
1497
1024
130
897
19
757
603
953
299
1163
1613
1008
2337
112
1729
166
460
1840
1579
361
950
208
1230
858
1530
764
139
929
2450
2368
181
699
14
2409
2337
1113
1652
1207
396
1293
1625
1518
1799
636
221
887
249
1027
769
311
340
2022
1370
1141
688
1208
662
2170
1728
542
1534
1333
369
339
342
765
520
1215
1878
471
56
1791
493
872
450
112
309
128
62
1876
1014
179
939
154
646
27
2597
471
1475
15
314
152
1208
591
1006
960
1072
1115
52
457
757
345
857
2248
416
251
2005
704
614
1442
93
455
161
394
672
1516
846
622
53
1271
1673
256
37
1277
739
1181
299
1480
422
96
514
1714
72
142
391
284
523
635
21
823
989
214
818
734
726
571
290
59
953
437
534
1052
2216
736
222
885
630
221
202
182
753
949
773
460
1391
749
995
312
724
550
120
176
618
895
180
1051
534
847
876
636
1095
595
37
169
299
330
203
1096
2171
1134
904
844
382
398
906
2754
1069
1186
1230
1599
977
1873
1248
372
927
1608
1160
1329
843
1762
993
158
1004
394
524
610
223
883
273
115
779
122
8
737
185
374
1621
1720
1188
1454
728
1474
2242
206
1470
609
762
1673
793
1112
660
250
814
506
522
284
665
553
1643
139
425
655
531
701
981
469
731
637
246
653
728
1247
608
168
310
395
807
273
269
830
886
1698
661
1820
330
281
148
796
535
401
526
304
269
535
43
1186
347
383
2538
1513
1168
2473
978
422
366
57
903
62
805
1553
194
389
1110
1205
37
18
2504
1868
1182
2246
351
2670
909
1488
335
1270
1096
2171
1466
760
506
245
1007
96
161
1531
1145
1201
2071
1477
102
1883
569
128
500
75
806
575
626
872
1094
127
379
679
325
613
617
83
650
228
727
1746
271
759
34
958
277
397
1569
2027
820
189
1138
1136
803
489
507
1345
12
338
542
1042
617
135
617
665
127
1148
1825
527
445
208
1973
383
37
91
958
304
969
658
287
279
2156
1276
61
923
739
711
1639
676
522
1300
1527
1838
1682
180
673
1488
234
2207
53
1575
663
586
853
1
789
699
676
20
905
678
486
461
269
1328
1191
360
988
204
1353
78
1160
936
393
717
2173
931
676
1264
568
1599
1306
1152
563
213
917
574
580
546
652
491
1804
1998
358
1042
489
1714
1063
974
451
1614
62
501
1739
1147
135
729
1202
1481
198
924
644
575
1288
823
1320
196
209
1906
797
167
296
711
107
5
1240
658
165
832
485
332
1075
38
1878
706
886
1228
674
10
553
560
643
1077
2178
1199
734
750
1328
356
391
1369
883
1762
820
454
239
111
771
1233
183
386
111
987
592
1772
1088
181
244
262
1150
405
591
187
2408
91
310
384
1045
154
437
940
803
1307
1584
1666
363
9
1104
2328
880
2077
157
165
765
287
1053
847
339
2326
481
445
760
259
1043
1232
1066
1134
1101
384
49
1486
2065
200
917
123
78
866
250
553
1913
490
2144
572
1261
799
2079
1058
718
21
821
513
285
1207
334
1009
848
1117
435
512
605
132
811
458
1241
684
43
841
711
553
1421
1188
1466
548
1520
147
2174
308
211
485
747
2801
84
886
714
877
1351
1064
17
1127
555
1709
1028
1116
939
150
73
447
2113
1369
711
945
1181
991
309
1230
2197
3469
1347
50
242
226
688
20
1470
2691
971
1194
1125
3
2099
363
700
778
406
1962
746
489
1852
3172
589
868
260
854
267
34
146
743
372
182
585
493
1576
799
109
564
612
401
585
20
723
419
257
782
22
269
826
168
1340
535
1149
709
64
248
344
876
675
885
1124
459
1866
982
465
580
1378
1586
762
1123
330
240
235
1076
119
2040
1482
649
551
281
1385
1245
19
279
375
187
855
1016
201
1472
89
1554
206
361
668
1345
1135
124
856
2258
1495
100
2102
1097
350
2215
653
280
279
595
247
127
493
409
556
884
2187
1404
1519
1755
1892
