1D 	 failrate:  0.001817 	 Fm:  312.267	 且最后的Fart/Frt:  0.567389139	 Time :  0.9284

39
151
106
288
421
446
543
94
406
215
611
90
360
563
113
735
80
367
303
26
259
659
82
379
26
119
390
910
408
61
135
176
701
128
315
220
202
365
867
108
412
249
203
610
73
479
586
402
507
54
626
261
104
245
376
131
341
44
607
26
21
250
636
199
393
369
395
368
328
218
147
211
321
393
29
65
20
303
364
142
268
125
433
223
193
533
386
370
235
194
324
123
281
862
392
51
99
446
89
558
59
1194
6
453
150
659
480
328
49
106
493
41
304
211
424
61
491
28
374
268
229
453
350
557
687
222
260
506
564
252
34
521
34
308
77
567
6
417
23
686
414
91
335
453
459
104
360
192
485
474
226
32
329
179
171
274
359
644
1262
171
31
117
441
175
77
438
51
187
183
393
490
30
8
445
136
338
82
74
489
7
271
614
15
354
223
459
389
218
83
414
881
205
43
378
29
913
141
331
184
369
31
454
400
282
548
269
288
503
224
670
198
43
416
127
457
462
213
133
483
230
105
354
229
366
191
143
488
887
110
570
843
66
24
11
517
219
108
233
83
25
414
353
532
635
923
167
255
593
56
401
561
494
1
147
126
135
114
50
355
34
236
508
238
114
292
317
323
185
455
125
370
135
11
26
27
182
312
55
18
267
657
469
281
510
744
122
156
533
336
120
207
208
557
392
364
119
44
102
276
284
725
394
309
181
311
25
289
33
33
537
440
135
84
384
830
296
60
635
670
571
58
38
125
318
169
418
307
193
233
744
463
310
277
208
743
34
334
626
282
40
91
468
589
478
450
85
86
174
351
91
520
385
49
296
475
623
631
400
213
608
499
47
727
408
408
81
648
72
498
49
51
584
266
590
750
581
474
61
440
167
282
363
214
216
544
272
286
284
342
269
42
380
370
251
418
142
298
141
362
105
282
652
30
179
223
138
277
741
76
422
137
544
240
509
550
26
50
482
797
557
45
126
244
322
532
99
365
811
392
388
251
442
828
428
437
50
429
180
239
32
350
328
42
145
536
259
470
197
148
803
467
856
120
363
594
266
200
444
128
292
261
87
465
379
94
399
246
664
128
311
566
236
279
560
384
40
15
187
184
636
374
472
443
310
31
175
57
172
538
48
690
380
164
263
353
342
332
321
576
88
707
423
9
351
333
655
296
509
337
507
370
218
326
856
121
403
222
489
37
496
110
291
59
248
207
347
465
471
338
137
163
227
316
499
227
564
660
277
208
469
287
74
55
237
318
223
558
3
526
666
75
389
125
419
50
56
121
150
604
439
469
234
643
300
548
287
382
3
538
213
23
383
298
128
634
387
59
487
173
117
180
98
49
642
186
165
177
287
96
341
243
210
100
222
362
170
254
63
383
195
159
91
355
31
214
276
586
190
281
115
141
250
423
307
184
674
36
682
109
477
364
440
148
16
205
46
592
332
251
191
241
515
373
271
422
219
439
356
185
215
322
355
569
221
151
205
330
291
15
53
30
172
462
181
414
368
152
496
172
206
421
165
204
143
25
186
358
248
384
296
231
104
393
26
230
278
40
17
233
439
242
490
315
148
147
349
261
920
22
324
427
322
99
133
519
382
376
26
237
534
622
131
355
47
466
216
222
91
420
319
328
235
524
572
418
661
233
51
140
35
11
372
557
434
914
438
253
106
426
113
196
45
823
409
226
487
432
186
200
174
435
647
332
430
1081
518
173
153
224
290
268
50
374
603
142
604
211
515
276
193
878
557
73
510
261
451
270
203
447
132
169
235
81
155
203
40
797
97
258
335
78
424
510
132
317
407
582
105
640
128
404
353
64
108
664
228
33
436
484
9
384
627
321
145
344
16
357
459
75
521
161
458
598
23
135
167
203
217
193
306
305
616
494
707
79
458
411
215
252
10
178
559
81
248
114
371
532
268
6
672
40
416
8
481
291
64
579
296
29
76
24
163
321
180
159
144
66
86
218
162
67
243
259
204
119
255
241
266
21
113
227
470
310
434
198
405
207
544
34
170
77
684
840
14
602
152
83
432
313
22
123
271
127
213
55
440
349
35
326
223
494
107
66
123
78
86
49
570
881
120
196
458
103
263
462
509
275
575
83
394
161
402
778
679
232
286
626
170
496
87
615
467
51
455
174
391
375
23
217
17
713
277
1261
8
142
429
164
436
243
255
256
522
26
372
450
331
372
763
48
391
538
1022
97
470
46
418
612
177
380
330
369
586
221
136
339
434
32
598
263
134
53
996
669
174
13
305
475
617
456
438
781
465
136
297
336
307
420
455
188
97
308
606
274
522
338
94
80
501
401
388
78
382
10
149
171
36
89
214
332
77
206
335
287
239
13
698
336
577
70
229
317
147
159
536
204
197
102
276
524
503
120
408
24
256
276
134
340
404
241
475
119
81
90
1261
362
85
11
373
173
323
391
559
280
199
413
1270
383
250
46
287
111
911
642
202
132
17
19
177
571
285
464
93
166
418
218
506
23
591
160
513
160
695
175
99
350
129
279
45
186
332
1044
199
95
402
525
268
458
137
69
655
174
89
192
505
446
234
18
141
160
508
208
138
208
470
581
855
293
475
452
446
178
893
367
190
243
235
151
31
36
162
505
360
37
303
415
266
326
957
161
634
12
427
351
175
301
114
465
32
442
574
368
287
1
12
39
328
127
439
411
281
440
39
363
265
61
441
348
427
263
869
132
496
651
41
230
24
31
36
219
313
337
130
166
281
884
100
142
113
494
397
128
29
213
387
238
445
415
199
515
94
132
407
217
261
311
595
138
552
111
230
189
547
549
1050
584
319
122
138
280
197
93
338
174
94
477
141
136
490
427
169
281
55
814
928
363
50
197
277
303
963
45
320
250
54
923
203
161
207
67
730
94
491
151
655
409
351
124
60
241
161
1219
531
15
592
322
442
150
390
662
147
472
324
206
204
306
128
371
346
546
679
275
41
309
442
244
351
317
405
165
16
101
153
202
1130
444
107
75
82
486
64
9
381
235
364
673
299
144
515
102
505
413
674
428
919
592
452
302
461
157
149
695
252
137
274
102
760
136
310
601
145
295
621
327
386
328
146
106
686
236
47
521
577
3
153
328
30
730
161
138
357
888
188
349
297
163
173
785
217
290
707
153
801
7
505
464
516
302
174
633
216
461
495
473
124
427
229
274
595
59
125
231
613
25
180
988
316
217
56
155
377
12
310
546
187
114
403
170
821
267
286
203
133
10
286
218
349
153
507
135
930
134
285
164
438
339
162
503
501
564
280
280
34
196
179
524
381
350
97
49
166
85
321
174
985
53
286
42
43
231
136
342
389
43
20
442
496
262
59
210
369
490
39
189
370
205
106
489
602
141
90
228
557
633
295
102
73
537
26
588
74
270
395
125
175
102
5
293
66
379
433
298
70
305
6
15
358
781
807
97
81
54
73
334
368
793
57
122
464
413
224
228
257
380
489
68
652
285
248
590
258
211
264
157
161
133
177
518
445
536
70
187
162
413
116
397
380
771
716
182
748
554
3
669
467
49
157
138
257
353
399
551
459
516
231
175
192
122
296
354
50
38
316
19
319
314
583
246
396
235
243
676
215
217
270
181
154
259
422
409
82
916
205
424
268
253
773
242
761
192
38
87
324
688
347
344
601
9
243
545
247
724
724
270
1150
907
283
1066
598
663
228
3
248
257
589
356
128
550
61
345
195
432
322
372
240
671
40
861
132
257
635
191
3
63
116
221
205
327
335
376
505
641
110
77
319
355
164
305
151
261
207
267
68
603
216
132
322
5
676
444
117
733
613
378
899
61
38
499
627
149
697
373
41
526
352
377
319
606
88
192
642
338
383
52
405
284
436
520
1215
600
139
522
148
662
334
363
181
487
336
788
847
154
735
194
514
70
12
160
229
438
197
305
180
254
188
44
440
88
1024
503
660
435
59
183
50
96
252
236
100
239
377
474
333
67
100
231
78
52
270
85
406
232
638
95
493
291
13
354
593
43
315
160
176
3
98
267
47
326
229
642
36
34
1168
149
107
153
203
107
496
112
401
391
179
391
489
671
327
62
105
742
347
234
185
164
116
634
20
581
313
772
1
603
296
178
1
345
60
625
210
44
172
267
103
907
238
88
520
45
149
114
586
316
132
342
246
604
156
121
19
232
462
196
200
963
324
423
186
512
950
570
176
3
806
171
486
166
951
158
245
148
618
725
264
308
96
56
394
331
495
79
111
335
32
215
255
626
208
307
278
424
276
114
283
29
538
338
437
921
428
646
489
38
251
316
617
333
258
629
463
707
98
237
328
220
411
366
394
300
72
493
102
16
325
27
474
27
210
70
570
146
404
580
137
81
465
151
227
87
51
13
277
295
515
232
7
120
665
104
281
208
502
11
209
83
211
754
11
343
125
456
425
385
379
562
345
83
140
825
458
256
267
105
301
301
174
323
675
108
252
287
276
107
839
377
57
311
217
497
560
646
156
325
146
417
358
244
271
3
539
78
74
179
575
418
29
407
118
128
631
213
524
125
32
401
521
151
84
247
151
188
384
328
273
193
144
291
773
467
193
635
530
402
141
464
209
734
262
439
244
26
262
429
91
3
669
561
120
132
501
397
373
327
15
62
169
603
469
64
448
349
63
90
276
811
249
217
331
192
770
88
247
162
359
11
300
475
74
484
233
368
290
22
461
161
458
93
872
128
494
299
178
492
211
238
16
67
422
441
287
444
415
162
467
271
208
521
472
111
66
544
73
678
9
358
174
3
555
272
22
148
430
694
109
303
582
852
306
393
668
185
107
89
225
455
321
140
247
31
511
626
212
415
54
136
67
43
626
484
294
276
79
523
563
132
418
1064
663
347
139
284
27
18
694
287
397
71
335
25
361
65
572
113
361
140
268
320
240
1202
100
710
277
475
124
665
39
220
678
178
135
383
254
321
411
174
93
56
496
53
130
438
10
557
308
357
387
315
391
196
407
544
95
87
526
576
40
216
12
158
605
579
220
334
288
231
481
403
294
498
590
300
404
204
146
527
192
168
141
411
435
119
160
33
169
230
347
224
320
107
166
98
116
574
250
972
478
41
452
73
284
189
283
99
124
369
477
528
616
252
47
518
19
239
293
158
115
396
139
638
359
97
281
281
383
235
188
468
369
114
601
118
337
423
166
336
319
126
237
469
168
361
454
93
171
399
65
275
658
327
54
915
347
348
215
60
407
376
472
14
7
87
391
73
233
267
322
399
213
315
122
121
315
265
227
187
721
317
159
120
176
977
149
286
113
199
135
278
409
80
247
560
50
114
8
187
429
386
387
643
623
835
365
574
344
238
340
186
57
625
217
274
89
475
340
111
530
445
97
62
963
350
236
843
37
121
160
93
147
1261
303
355
145
68
600
161
264
372
402
110
442
318
17
667
156
311
11
137
619
248
80
396
281
281
185
31
434
393
90
321
771
111
589
190
204
304
91
464
142
29
539
581
167
720
227
205
473
185
529
57
971
43
249
68
251
216
114
445
1028
594
710
458
492
506
540
210
352
99
316
154
381
454
472
174
72
379
399
297
312
293
473
740
305
25
3
53
425
325
292
210
675
557
694
313
89
284
213
245
213
350
406
50
583
405
237
271
777
442
508
220
132
635
271
354
205
394
342
192
272
261
485
303
113
124
985
135
674
360
201
113
105
333
518
290
81
255
756
470
277
154
318
488
117
200
46
47
311
110
298
580
151
201
208
330
168
526
334
20
288
804
454
707
444
97
289
334
159
303
305
651
964
287
520
309
80
77
25
87
413
189
333
772
458
94
31
262
209
225
524
223
735
9
88
338
434
490
12
832
257
258
121
495
416
101
60
174
44
199
236
95
336
1
366
267
377
136
25
128
263
700
274
482
1349
259
479
37
403
339
250
424
253
463
123
337
29
251
337
123
193
256
285
19
482
13
218
138
127
43
736
3
174
676
532
264
530
138
579
97
394
731
182
174
222
126
390
104
354
422
501
518
265
670
211
206
351
531
249
188
305
76
374
18
203
98
619
136
541
305
235
642
598
293
494
687
24
156
377
266
116
198
171
610
67
285
39
210
335
770
37
982
372
312
249
447
426
52
85
458
6
223
267
574
307
520
29
609
292
499
219
270
445
460
80
156
42
48
183
689
573
354
381
183
288
505
115
191
235
753
350
170
239
406
443
240
817
604
202
306
99
399
266
153
209
472
136
114
438
312
531
668
108
541
368
289
202
82
497
118
141
410
532
189
1018
35
295
468
543
664
172
73
218
44
180
1
105
41
91
553
148
193
259
387
605
240
80
13
270
680
183
551
152
665
103
11
66
190
362
110
155
851
132
255
457
143
153
100
89
396
22
641
415
670
526
131
1085
51
533
170
774
338
261
486
211
261
3
147
133
639
545
854
116
328
180
115
298
470
286
267
82
60
313
217
39
69
69
536
185
1365
1082
443
651
187
632
906
1
294
60
389
12
344
33
310
274
64
495
333
222
747
103
191
338
335
301
390
265
356
79
343
367
12
365
225
255
245
602
58
425
262
236
292
384
145
602
631
235
416
261
273
252
251
411
623
588
703
73
52
510
668
323
311
251
329
315
358
261
1032
449
308
65
924
418
258
91
455
497
189
326
200
451
35
509
120
423
20
280
212
230
257
42
452
57
18
641
120
321
162
625
475
275
669
235
228
409
527
185
151
151
438
152
884
639
91
518
291
316
655
732
148
250
132
420
207
584
396
260
247
155
418
98
755
506
55
403
120
12
57
32
160
20
141
400
288
76
6
525
480
377
3
261
84
408
203
467
3
823
483
527
114
275
284
140
116
652
77
397
254
306
861
29
330
173
536
73
361
819
203
579
77
105
23
122
42
3
30
541
109
3
350
28
390
9
57
676
360
425
202
21
243
116
93
196
64
557
1
970
513
278
364
342
580
16
56
395
732
182
579
227
228
167
1146
77
59
37
487
89
327
152
1005
210
14
356
792
44
313
670
729
764
42
462
250
83
81
167
470
579
299
394
114
357
599
1261
376
388
289
347
88
570
575
38
104
144
86
226
183
108
212
160
242
236
28
501
514
187
260
79
725
454
11
412
286
19
560
109
212
525
234
453
491
55
217
391
616
236
698
303
164
422
651
126
259
202
29
221
700
481
423
153
200
108
197
281
80
341
155
345
306
257
138
790
85
78
214
262
456
766
40
139
275
47
148
376
134
444
281
59
361
96
249
311
748
361
147
566
616
549
77
436
610
72
371
127
533
590
715
344
190
71
473
425
10
389
53
225
43
97
117
336
894
436
566
3
475
567
23
305
400
322
329
508
162
60
95
139
87
134
272
400
3
701
87
156
56
18
216
38
14
395
149
277
215
311
641
514
151
289
198
369
599
986
58
657
138
168
238
21
143
77
252
123
665
927
157
56
23
245
289
373
250
244
180
87
233
616
881
290
68
105
160
468
403
43
865
105
397
44
339
289
922
266
43
307
470
330
425
349
480
302
513
130
301
105
69
316
13
47
165
775
429
280
203
128
51
297
467
133
559
86
463
210
708
109
18
361
996
13
372
660
544
367
241
439
485
174
446
192
174
78
747
450
387
183
391
458
516
663
55
440
302
267
176
359
251
312
290
265
57
327
572
84
506
485
199
226
6
486
196
477
134
434
413
66
854
484
69
114
626
162
387
119
455
307
110
16
381
297
582
170
406
144
349
323
47
70
683
597
698
357
61
249
289
27
809
492
362
453
11
297
332
75
389
246
411
588
87
652
391
627
92
64
480
621
282
272
284
286
589
217
416
290
327
57
470
523
178
252
138
181
210
351
835
208
146
608
44
163
144
739
783
183
388
44
17
236
574
307
523
349
187
21
788
42
389
1
281
166
174
392
9
79
750
484
609
210
511
201
81
809
276
485
235
149
413
576
241
235
224
67
434
540
429
195
422
285
481
107
226
515
185
171
358
215
125
128
167
352
9
449
435
307
1074
447
370
394
309
433
33
318
441
172
485
98
196
154
680
1209
54
8
795
514
625
502
107
475
370
535
76
657
165
22
475
129
742
68
86
49
375
157
220
350
135
169
457
261
300
3
232
5
177
221
7
200
564
343
173
575
397
34
296
650
629
67
103
80
98
158
67
929
807
650
149
17
147
239
422
43
461
67
366
100
372
455
349
346
196
807
36
547
1311
450
465
113
251
1318
571
54
671
377
91
191
143
134
376
3
336
214
615
150
94
348
218
326
540
180
165
133
289
353
250
115
101
37
262
185
167
23
347
573
101
293
151
268
142
244
329
157
395
412
345
172
657
141
153
787
56
216
853
756
416
389
462
203
298
387
407
44
539
218
421
332
330
575
140
314
699
648
18
84
254
377
45
545
348
269
559
184
455
522
281
114
507
400
540
236
17
104
151
213
669
43
185
123
370
473
648
180
295
249
350
47
334
357
416
369
27
713
167
411
226
320
238
457
300
196
225
278
349
248
192
556
147
168
253
246
135
532
238
288
881
471
635
340
261
363
285
110
321
431
327
246
502
249
330
25
434
47
413
120
634
466
270
235
71
277
263
56
1
263
260
138
1013
112
527
570
7
591
249
425
755
473
32
256
408
118
11
188
800
273
801
541
112
57
287
780
125
62
626
130
843
330
85
209
343
26
436
23
384
278
173
615
124
35
316
130
456
724
535
475
516
897
393
10
434
743
106
282
141
250
47
160
448
425
722
171
14
6
642
471
754
604
171
87
634
75
12
268
280
300
142
439
318
685
767
363
341
53
180
384
85
253
424
284
254
118
191
239
260
83
60
225
29
249
380
280
211
193
520
67
90
553
120
29
75
306
733
689
203
357
520
341
610
376
225
199
57
119
430
52
7
40
334
343
432
389
508
4
122
192
189
515
260
213
35
395
247
268
348
129
389
317
56
550
31
106
31
415
307
707
308
293
452
204
57
55
407
279
430
553
172
87
156
527
70
1022
38
403
175
143
323
181
168
294
320
75
338
293
203
9
253
261
405
330
144
883
172
265
370
234
168
102
798
42
714
337
71
61
399
719
359
316
13
487
332
575
556
402
919
781
432
787
209
116
31
102
468
918
565
537
317
202
250
76
367
380
305
954
245
486
328
917
96
256
45
238
298
194
414
271
509
97
202
183
423
204
524
726
234
55
56
49
258
287
32
269
160
531
1026
195
3
273
101
155
85
669
28
478
341
154
261
194
58
544
174
228
455
372
244
619
600
529
199
502
559
497
40
154
23
377
314
228
193
77
153
102
406
708
222
830
151
522
511
46
448
169
462
628
311
432
57
170
358
262
25
127
215
19
396
574
270
487
378
309
205
716
41
367
279
255
452
186
74
303
11
206
120
167
285
154
868
40
140
362
193
245
189
69
57
359
36
116
481
224
662
390
172
397
205
574
504
48
156
176
341
531
336
9
279
524
183
89
604
248
198
282
630
333
76
5
520
281
402
483
319
17
10
683
304
199
170
433
396
230
448
38
223
65
521
223
586
344
469
667
165
424
293
317
132
454
431
416
508
35
132
476
57
101
185
463
304
981
822
171
74
179
502
262
301
99
177
744
339
122
117
560
701
506
235
341
372
870
80
660
243
569
532
244
127
269
21
66
452
54
140
336
303
173
267
280
40
56
85
144
565
675
310
221
912
338
525
785
917
213
14
51
87
465
277
79
368
7
187
328
207
162
243
279
74
11
381
247
211
503
288
333
372
614
443
500
120
758
410
92
152
573
304
463
333
655
294
476
748
944
500
301
505
401
468
19
342
690
109
379
314
882
132
119
80
226
381
316
110
139
489
389
361
316
280
118
122
506
116
323
103
88
494
147
103
269
960
99
195
255
495
637
243
616
202
435
238
205
495
566
633
334
648
317
568
206
264
22
290
90
187
679
347
246
136
696
309
268
181
810
118
456
391
687
67
298
68
475
372
306
591
276
289
312
782
372
11
360
190
578
382
854
304
624
456
356
378
656
161
547
452
278
190
469
7
433
495
286
74
120
125
132
265
165
595
335
238
457
331
706
60
82
178
459
8
238
163
315
110
35
85
73
24
89
279
78
383
313
226
249
511
244
31
584
274
96
358
235
718
176
122
491
310
849
398
282
290
294
320
312
746
483
548
101
189
300
11
57
83
299
504
120
164
129
388
174
153
355
154
169
107
677
211
287
45
445
118
241
140
337
51
457
245
322
78
32
852
519
681
107
475
131
571
640
317
247
288
641
20
227
352
291
709
433
196
440
34
354
582
343
5
326
132
264
137
199
61
623
38
344
52
19
217
61
208
599
747
293
632
203
379
178
613
355
161
273
323
186
408
478
453
23
331
178
264
350
146
157
66
289
188
538
121
234
120
477
249
695
173
348
392
220
122
585
630
368
180
179
111
251
708
729
484
282
455
165
280
539
112
307
719
319
144
232
639
65
110
106
240
751
98
303
446
6
257
421
215
246
42
346
62
69
222
448
503
28
15
356
218
202
233
325
214
394
457
170
338
14
573
548
145
699
439
84
833
697
453
1079
303
287
391
327
409
95
38
54
73
176
456
635
254
175
370
443
245
16
265
424
269
170
50
656
744
725
302
31
421
279
13
224
611
698
248
576
274
602
358
271
412
466
609
300
320
519
513
434
31
111
460
197
252
177
293
187
147
19
149
230
725
689
494
564
265
431
875
425
416
210
97
428
297
84
98
348
12
41
269
299
619
191
224
263
245
93
208
629
397
109
177
306
676
184
28
780
143
242
635
319
379
193
688
54
46
235
180
165
454
209
688
335
341
95
434
169
118
62
330
30
313
247
162
275
271
354
69
231
39
282
496
774
649
291
211
68
460
185
517
574
339
106
153
231
258
182
150
402
177
373
632
423
135
316
173
95
36
400
269
43
549
262
20
474
534
301
33
269
258
568
341
403
312
821
210
361
505
371
153
296
340
752
97
190
336
275
643
94
673
126
569
501
42
358
162
281
48
357
515
389
857
83
166
415
648
715
11
241
326
418
245
345
68
259
156
377
62
556
176
221
43
452
332
145
665
350
97
120
279
70
385
371
630
466
240
181
61
185
257
259
268
499
7
392
86
49
357
246
325
162
125
350
394
526
145
192
189
430
43
94
290
82
643
434
244
101
274
384
73
70
180
311
58
75
375
233
303
497
230
1317
193
284
617
87
401
431
440
120
21
303
46
206
347
270
239
144
338
498
508
346
452
311
381
347
405
289
314
348
50
691
301
22
335
342
55
722
520
50
299
253
157
567
69
670
371
6
9
128
277
131
517
31
65
100
396
291
284
126
309
291
756
587
41
403
468
40
9
486
131
591
138
552
328
565
505
324
77
156
74
372
248
204
26
405
119
838
184
406
370
97
303
230
188
723
187
205
395
375
589
300
476
379
422
1041
