4D 	 failrate:  3.32E-4 	 Fm:  1707.9012	 且最后的Fart/Frt:  0.5670231984	 Time :  89.4188

77
63
275
111
566
724
993
1209
898
309
713
563
383
35
2099
2724
770
2422
906
3126
298
3446
28
180
512
1021
3540
1880
1054
3930
2397
1257
178
3178
4034
3582
2655
1427
3883
1949
2811
89
1269
5458
3630
31
2326
1047
495
1327
339
2354
1113
752
729
2463
2315
934
2957
1274
326
1532
825
800
685
863
1677
192
1667
4954
1085
2334
4698
10
1778
838
781
483
986
297
2981
73
1159
685
1679
153
3704
2489
1871
646
379
1528
3946
4081
199
1211
1295
934
333
618
125
1420
693
1302
2139
1567
2331
1100
430
701
397
575
105
526
592
490
361
305
788
958
113
900
1948
2451
8017
7335
1111
3432
544
798
151
2467
7003
3007
1938
80
1913
78
769
416
9
2365
5345
187
5364
1408
3753
953
549
2725
568
4969
219
3544
4163
4489
1792
72
218
506
909
3711
1283
180
2621
1892
747
598
1485
50
325
757
3070
315
590
174
452
2453
558
2223
505
1229
2116
3845
890
3664
1566
1170
2776
1661
1991
2930
519
1229
88
3754
246
1493
1383
493
307
1331
1744
2770
1492
1194
3720
514
1865
2792
2980
163
1164
276
514
80
583
3177
1394
612
1292
2142
819
85
3591
70
2374
3629
40
5837
1017
1864
429
2378
711
1044
3805
5519
2567
2249
6475
225
5243
634
2282
1044
147
735
1055
3156
194
455
402
898
753
2154
3127
3020
169
77
86
355
5059
4406
1292
1348
409
1444
287
1688
1914
1420
1177
542
304
188
1969
95
352
771
1577
1382
1036
1792
674
5193
87
816
821
3079
1391
1777
1123
409
258
2466
841
644
841
544
908
210
1075
3857
408
5816
933
4049
474
4963
1531
320
660
1643
1429
4039
803
215
158
406
150
152
1426
22
1594
2394
1404
6258
223
1744
4451
7033
6815
303
2106
187
8432
1231
942
941
359
658
5518
119
922
651
211
2684
1425
548
2139
1929
585
5298
670
1467
695
410
3375
543
4826
3509
3108
1134
3440
2590
6256
556
911
2320
687
8583
4363
5714
29
861
2211
3699
1765
2828
597
998
299
1863
588
1236
649
663
3236
955
637
4242
181
188
3243
547
221
3544
2415
1170
1208
1485
2125
738
2188
1276
743
214
2939
2608
954
322
168
225
1862
1101
922
4692
7727
6117
6769
1088
1296
1785
3663
747
342
52
877
2937
803
68
2955
69
1757
93
3415
1116
1969
461
1404
651
164
154
4571
1072
1531
494
4579
869
340
612
3156
194
69
1231
5041
8153
8299
7377
330
455
39
2096
7359
1284
601
56
222
126
2314
8507
2354
1195
1176
591
4086
3207
598
1017
2417
693
1044
348
3468
1800
43
216
525
1341
4261
165
1264
1654
1166
2036
3154
1088
2223
735
58
647
207
3866
2030
4946
680
211
1879
50
246
872
2833
1602
281
1047
958
4975
2463
474
895
258
2594
1489
2507
1821
1260
1136
4381
3584
220
799
188
5777
46
8209
676
1213
1658
2861
89
34
1131
2252
4112
774
2194
2159
827
218
1217
1401
5552
1308
172
1637
222
2283
1898
4845
368
2013
838
6482
255
1913
3419
2196
4285
723
469
3540
427
4856
650
770
6247
1120
1874
2526
2102
2229
34
574
1513
796
2298
1946
1966
331
1262
1124
1021
98
2952
1028
4614
983
189
2337
4375
3148
145
136
107
3648
1167
1616
2525
2054
673
426
1741
209
1754
684
119
46
84
397
242
923
6535
70
724
87
568
893
12549
604
2754
9412
234
1511
1901
617
1083
663
2341
2026
154
2980
358
5679
1664
391
1174
413
3132
55
3252
2035
132
4182
515
98
256
2700
1554
1260
1550
2819
1520
512
2676
104
2667
1010
418
338
2112
5401
299
404
1090
5203
4560
2146
10768
347
2114
230
511
1034
1752
908
966
1312
659
644
4507
1810
3578
1012
470
199
3053
1578
2790
1458
499
268
1843
394
13
4538
559
534
2697
56
311
3923
164
2464
2009
2235
59
972
1850
276
85
9
1006
3928
4179
12226
1940
1416
1136
2633
2181
1
2025
2401
764
2678
6359
411
576
227
1359
2212
3861
418
5
45
1661
3464
1947
3553
555
7630
68
356
6
6316
1928
1278
7464
1280
48
12
105
724
134
1171
794
1352
1350
560
509
156
2880
636
3196
3535
3946
4855
1517
2554
3171
1703
2311
3570
3400
1791
538
1133
383
2600
1489
893
223
247
828
3080
1198
306
547
554
2600
5120
3102
1279
3316
360
530
2232
2878
5199
4206
232
1301
813
118
6982
1280
1140
1225
355
902
3822
3814
88
171
1111
1312
121
570
1597
283
912
567
9130
1395
5925
1229
372
2295
138
3822
234
771
3801
514
729
57
894
60
62
622
2334
2514
731
825
83
1521
5312
2216
144
4201
1676
105
4775
2216
3263
432
231
932
1172
1040
920
2362
771
408
1607
634
4376
1483
946
2763
3797
922
2401
6124
495
392
49
2277
2715
2937
2994
1573
928
2132
1187
260
1349
104
15
1740
47
4932
2003
2738
829
236
302
405
212
5493
859
1581
538
688
1715
6341
517
191
2405
439
553
62
344
651
5848
1246
344
15
3468
1075
200
818
676
195
3504
488
2400
2212
1124
2119
1068
6295
4411
5723
402
553
6308
2720
137
60
1264
486
3996
1393
1107
332
3698
4776
417
420
658
2932
713
908
4776
2222
2015
312
529
537
1415
2981
219
5616
398
2057
2494
142
481
2338
2917
676
48
1117
733
107
1446
50
65
1385
5788
2073
1438
2013
4036
1339
1422
411
575
211
82
3968
9344
402
805
898
246
3794
177
345
5371
5800
899
344
534
4516
415
1443
5942
2126
419
242
2105
1244
451
590
195
593
3935
2852
124
1162
108
2050
399
139
126
1094
387
470
82
2219
1529
6486
265
1464
475
3720
1884
998
426
2342
124
933
1629
756
282
2386
228
334
1852
3135
693
1479
1236
3364
4021
1918
503
1849
68
235
2067
270
3028
3016
559
1774
2351
99
835
3121
1970
306
313
91
24
366
53
193
5646
683
3291
321
562
121
579
258
240
7063
1646
1554
868
1698
4651
268
175
329
3134
571
403
48
2512
3226
1934
912
442
2110
996
3048
197
1054
1537
1006
3906
477
3602
982
3176
5721
1287
24
733
1457
429
7648
607
471
635
1356
605
3557
3981
1471
2887
2401
5274
950
773
1307
1179
2810
2348
184
13245
2431
506
2246
468
2157
2040
481
1762
1347
2636
1414
1286
2624
4474
149
3008
2507
2567
1100
1193
5714
131
1409
290
1752
2234
1073
244
6656
3960
1302
4916
652
2881
37
814
2185
397
3044
369
81
622
1956
3686
9638
348
2036
1039
808
1401
3271
1218
995
1848
1873
1174
2137
239
516
17
1501
1036
2314
554
1904
2254
179
214
392
426
125
672
750
1421
3046
2175
2002
3211
1407
949
1873
1010
383
6
3776
150
230
423
270
4379
180
1159
7529
4505
5628
248
2492
715
1091
210
2102
807
1052
768
2638
1417
2228
2110
559
2389
1031
192
1768
726
168
2089
122
925
1343
659
945
603
519
122
1212
4389
1864
811
1627
1714
2710
380
1032
2505
2110
7608
617
216
2945
64
162
1413
5405
1003
972
7715
754
587
1818
1001
670
1159
1
941
1716
144
1365
5651
8579
1689
184
136
1137
1640
67
991
75
871
789
1045
966
721
3195
3032
196
3454
242
669
250
2040
463
100
2341
5384
1443
17
886
3693
799
420
1081
1699
2371
806
4958
1601
6308
2764
2575
774
582
1417
2977
371
3083
969
489
1519
2511
3
5502
184
1231
2318
956
4664
374
206
3296
2939
458
1544
83
2320
2271
3248
3673
132
3248
1387
5863
3514
1381
4306
848
172
513
1223
2103
1729
679
115
4449
3214
1579
2709
523
4649
1600
2297
814
1614
173
3939
1356
1653
1165
2899
3812
902
1284
2045
1176
605
6779
1396
2472
1859
2828
1165
5011
5438
124
223
2899
1701
1487
1919
1059
3090
1250
5907
935
3023
1034
407
2100
970
1513
2002
1210
1102
451
2706
2732
276
450
184
3009
168
1111
1535
422
646
363
1732
578
185
7086
377
4933
1184
1015
5530
461
1868
729
1473
1003
416
805
1271
1977
14
970
137
868
426
1608
1915
73
671
883
1803
69
98
723
779
2637
1242
507
948
131
210
2789
266
682
803
1630
126
3755
1245
1921
1206
1532
509
341
89
1686
5306
949
2693
267
180
2476
3252
2638
21
38
1475
943
1697
1052
2688
2396
496
66
1752
4348
2302
1520
3864
1442
2932
2967
896
499
732
231
2451
344
57
1223
1381
1063
906
4666
1217
1839
1694
2316
3421
1594
615
360
548
862
523
3436
2523
1191
306
2005
323
601
2676
2058
2691
988
1062
36
365
1603
1532
6801
2657
588
1919
2514
1087
273
172
3085
1831
61
2855
986
2620
2629
1153
1100
221
985
2322
2944
343
1171
680
3206
509
267
98
33
1724
370
321
113
801
86
68
1042
230
550
2230
3880
3264
901
1390
553
197
3651
1724
327
163
103
3504
1046
641
746
3062
119
2160
2420
2734
637
509
70
5
1744
6076
1095
27
356
2197
609
919
716
373
162
1702
2745
645
3236
2174
1617
1331
929
1762
1754
1180
5755
363
3370
1770
1055
1188
163
2732
1919
209
6195
1146
1239
4301
1629
205
105
1520
799
1758
76
90
1906
5667
127
283
1302
192
1883
2257
341
2591
126
474
553
1086
4573
457
5821
2107
1933
592
1868
4964
26
1529
584
840
125
2628
4473
490
3028
554
1732
3636
340
38
620
337
345
607
3845
2630
1556
2137
3407
197
1609
1298
434
748
983
173
1945
953
816
2174
4537
3665
1312
1726
249
1783
647
658
2642
418
2204
1615
2968
1441
311
1740
928
1949
1135
3548
347
3237
4116
104
881
4588
5062
270
363
2254
735
743
314
3764
547
403
911
179
96
957
218
220
4508
4525
1081
1030
2504
561
3356
2328
724
1057
177
1321
1172
1469
1790
947
581
126
483
552
547
424
8816
1188
1967
1091
4061
2103
2202
1645
840
202
4602
1431
1181
42
3202
1111
6350
1057
957
1680
3652
1198
3507
205
364
3887
1912
1100
1640
1184
1203
3586
800
3275
1515
84
916
813
2808
1050
2351
1111
2304
3825
1145
256
3098
134
131
1429
2054
1881
2097
13644
879
64
512
2611
305
996
804
486
1827
856
329
2077
2487
1809
1481
1274
427
402
5289
210
427
1273
2851
97
1522
1936
1382
1770
1019
376
1446
686
1395
1004
1486
5569
1013
793
4087
1367
5800
472
1481
1684
298
1099
151
2351
307
94
248
160
1697
3486
951
730
1775
1949
1390
1854
3653
133
1901
333
2417
118
1282
204
884
431
779
1500
1577
2663
1908
1542
2528
688
3161
2803
446
306
137
454
1965
2026
2127
242
1682
542
1669
2219
707
138
598
3710
948
2661
1083
4147
3515
5233
1809
1650
668
6395
170
4075
2259
151
11746
2739
568
1521
85
2104
3200
217
2848
250
780
5639
749
2182
1627
432
322
1153
2534
689
682
1722
548
116
2756
1473
343
7
425
4369
4182
548
877
5421
2271
2041
1340
34
701
3708
1285
2007
6052
1217
1565
1569
1520
361
3584
1822
505
950
1695
1133
837
1333
700
617
4093
6098
1528
2555
1779
237
289
179
9895
1085
633
871
846
199
910
688
4240
1031
98
657
1716
679
665
1648
7415
144
5676
605
2703
1982
1348
1295
2232
845
75
1383
2261
446
2095
381
741
576
626
2363
988
1535
3035
1293
1990
1858
266
722
374
483
1048
1509
1770
527
2042
437
2340
106
1033
2148
952
187
3
2025
2290
1194
879
3542
4698
6229
171
145
4709
4773
57
3321
571
1041
1487
785
435
1463
2329
907
7775
4042
142
808
96
1310
1282
2113
7117
7306
9183
4573
3717
13
404
688
1744
3014
3581
2623
667
373
1505
3255
585
4259
620
618
964
5292
1085
1696
1450
4285
3964
2095
726
1530
4156
3671
111
699
1695
1879
291
2300
3021
224
5323
195
125
3631
2576
28
1454
959
1836
4763
1821
1818
314
548
178
1021
1755
267
853
3798
221
359
1935
163
663
844
784
274
380
1411
1817
765
3160
909
1777
1411
1640
59
66
2336
1157
3163
3849
1854
1751
603
6318
2113
1393
106
109
7910
118
98
1725
67
1404
93
1688
5375
58
298
6046
693
1061
290
863
732
150
1885
2593
1111
173
164
7
2504
1338
2800
583
2223
160
307
3418
3334
7492
1461
2144
239
1715
413
6165
3212
1013
208
1262
9078
4587
1081
290
162
94
401
522
461
1697
1547
333
298
2309
2964
107
20
1091
2316
2650
65
1868
35
774
4090
1076
1659
574
1529
1453
1546
285
194
3741
5018
781
725
1212
1048
2960
165
2078
1371
1853
1765
92
385
2681
904
337
4506
265
1988
840
991
229
377
5981
3417
1660
501
1282
2224
2954
304
2085
2142
2214
330
1963
114
2170
861
116
620
1612
491
3402
1053
738
687
6553
972
1471
55
1249
1345
557
527
342
597
131
828
1027
77
245
2192
613
384
602
5553
5380
220
3672
1085
317
40
2074
810
734
2675
618
498
839
4438
1820
1814
1285
375
2573
579
4943
2048
331
595
2595
1333
2098
3746
7671
993
145
150
3653
203
4437
743
484
2992
1069
3329
2018
2279
356
364
356
595
636
1437
2594
966
1314
1063
7382
6247
627
117
3231
187
163
128
388
3606
1715
1600
614
996
4007
5260
1979
1761
1170
1539
1745
1224
299
85
1058
1948
202
4724
855
410
3103
1042
2262
1465
6
1694
511
82
4322
102
2362
633
780
203
10186
9
1145
1628
1257
2964
6837
878
958
1010
7893
2522
2805
2514
379
2055
1796
1351
1341
8915
256
2630
714
161
1738
61
1588
525
405
90
3261
1278
3831
8940
611
804
3375
1863
1617
3295
263
2189
126
2595
4244
133
204
311
260
1330
4620
1585
14
61
4172
70
1783
3420
726
1658
768
1228
273
624
333
2133
1003
1361
84
1787
902
1325
2318
463
454
500
116
1182
2371
559
2564
2910
936
431
7154
2237
918
326
193
432
456
412
5
2305
482
345
1407
1264
1730
3344
1506
347
138
533
1206
2823
1353
102
1530
1570
1806
2165
364
2422
3785
1733
932
1626
6925
2233
94
1328
180
827
1366
116
724
448
622
210
3603
2122
534
3910
2772
2412
2013
2656
677
333
825
2487
993
1627
2321
1775
4231
2011
1995
956
1957
1622
1326
3313
1923
739
903
2582
4424
2524
3399
589
3425
2323
953
1230
919
349
335
637
1848
965
481
1377
1752
1043
1060
405
1095
1578
1973
2149
1495
1005
2129
1823
926
981
1771
1786
527
3614
2594
1265
3444
2945
307
2300
1359
172
266
1724
3632
1450
1649
159
3510
5151
1073
1483
4043
583
757
912
5873
758
1009
5242
1156
890
1576
3491
1077
729
1258
2466
2385
6222
1777
199
751
199
4831
1929
697
443
433
1161
144
4322
535
256
305
269
5766
414
1994
5426
472
3533
2136
770
896
4406
4991
3436
134
524
1362
2523
250
2541
281
2479
489
1152
2536
802
76
1757
3330
3281
884
458
2454
2821
4898
68
346
572
1426
2865
1775
824
477
4540
1095
359
2925
2361
3641
5613
279
2455
2839
938
494
1188
4150
4896
1108
7499
3161
488
181
1153
990
2580
1723
3565
379
261
4011
690
2730
436
470
3243
3962
2078
705
760
457
4346
2182
4480
973
3783
299
1116
729
531
1941
2251
2009
1539
364
4223
1096
9370
500
1709
583
778
618
4012
345
889
875
3004
225
2128
814
19
864
2470
19
833
80
1768
129
2799
1499
801
497
81
3977
1390
680
2064
1154
90
862
2847
1027
1000
3002
620
656
227
177
4174
1111
2703
1032
5092
1300
257
255
806
291
2939
787
311
1338
779
3416
3451
969
1290
97
3080
1466
1900
9257
1124
5434
1454
48
1593
1116
2365
2246
2329
4082
1182
343
1201
197
682
1004
8362
4701
234
233
2225
771
1644
1583
1302
377
5062
3494
946
709
1712
272
538
360
426
2821
543
965
213
1232
681
1693
629
3675
312
2543
479
1088
81
1047
329
5161
1525
806
422
286
2725
209
1303
6988
1276
1715
3079
1415
1654
6737
1746
636
3359
100
656
1257
6332
1898
734
1383
1988
1090
2236
250
523
4147
2431
617
1130
2064
1173
2931
1084
615
365
1849
3060
40
620
2538
2725
699
1480
2907
1868
639
3277
1134
5313
2327
691
658
4989
1880
1014
2665
198
1482
1219
3667
38
719
1026
2441
454
1886
960
2080
3960
4788
3365
36
111
2064
109
1211
1032
422
1059
228
956
2290
864
2000
540
2216
1072
1193
1503
1269
1529
4599
492
4306
1573
1827
1909
296
120
2485
575
432
2076
69
49
675
442
9237
7711
1045
4118
335
112
1921
829
2370
99
1871
1057
1852
13
777
1571
874
1539
6460
50
3744
773
4429
1296
312
1811
204
4542
3307
289
1292
2070
1030
417
3728
768
157
2462
10895
920
8969
613
133
121
922
1042
1952
3444
218
2097
836
1366
1406
1726
287
1927
350
155
289
411
3237
1490
1212
104
2826
171
2663
820
758
786
315
314
1403
458
771
2383
92
79
7505
1127
2468
2926
1171
1216
839
1217
816
556
190
652
421
1925
2352
695
1541
2400
1937
568
1758
909
253
2596
1156
6488
769
476
194
833
1349
2369
3938
5382
1816
1080
1260
1382
2241
3301
1775
219
1798
534
386
1797
98
59
1568
1453
713
2449
1033
3309
693
5208
1714
188
4882
630
1033
1358
1946
1464
3572
1062
2566
4971
218
1597
1651
4160
1422
1861
176
96
587
1143
535
229
1618
2019
410
1600
2480
3179
151
6903
3617
767
1685
1140
809
334
2422
484
1595
2227
2392
5555
1613
2663
1200
576
2474
1666
2469
2851
1470
3952
176
182
5330
1734
559
1115
3307
4335
237
70
1619
415
893
4863
228
1252
373
394
2899
1242
1983
3050
6405
2819
656
71
2141
2522
517
140
5043
2502
1012
1546
3268
2416
4038
660
1327
2793
200
1392
289
670
2371
2116
1267
296
1773
1549
548
1579
103
116
167
3725
367
742
3918
6054
365
1938
351
5261
1993
25
1056
190
106
529
1057
544
811
2107
2950
1453
2001
2930
904
2688
222
345
2543
179
1488
1824
3084
1370
1088
1859
764
2686
1812
3074
1049
2948
2589
2256
12
338
562
1413
804
2677
3159
7881
3734
193
1713
2764
2829
277
4633
831
3577
1427
1010
979
1317
1216
238
1483
6879
3165
333
193
1671
2021
1575
660
2194
2425
322
1327
158
2394
3618
4413
1375
1440
781
5892
1200
668
294
1390
679
2631
2549
1128
291
2664
1395
1354
2612
795
105
2901
283
2748
376
1907
520
2989
1004
86
384
435
227
935
941
1786
3002
534
2247
4494
713
4448
1401
175
179
239
2712
562
984
1097
2235
3498
3610
892
1958
2267
1255
5119
2260
1349
65
37
1810
1474
6
532
97
766
1281
3822
1513
1607
2147
1943
95
3751
124
793
1066
2291
2531
667
1143
648
140
1533
1618
760
3029
89
5128
27
7484
1901
4625
31
3083
4269
130
7248
2131
950
2331
740
47
1311
782
3516
3681
1356
4462
672
1117
1194
4304
1228
2172
228
4134
579
614
724
158
1579
115
7445
2556
7657
805
1175
800
586
76
648
459
3056
727
2782
2718
971
171
642
893
308
1065
603
1183
1185
4065
990
1746
596
236
349
1077
1611
120
554
1103
2242
1104
7636
2767
1757
292
2375
602
5549
1849
2812
2132
1170
944
331
548
1055
3623
462
1203
2319
2904
963
546
400
4000
142
383
341
591
2025
789
191
345
1780
309
3562
2410
1195
1901
552
48
1981
2179
1250
256
1184
1919
4897
784
5204
304
134
1995
1898
961
1598
1775
6507
6489
2647
99
134
9172
873
271
2627
783
2997
8484
3322
5510
2476
253
95
5022
777
1136
1077
1139
1134
372
829
2868
903
4631
1513
4569
1742
383
892
3438
807
2121
1905
1514
405
1638
847
4305
1292
123
7122
1325
1589
703
826
1465
853
4499
549
1437
4916
1631
1228
764
766
653
1434
1093
143
257
210
1863
4692
1182
764
1172
618
3273
1673
30
115
811
2869
2227
5377
718
1138
889
1317
434
3523
525
456
115
1143
825
465
1861
274
3415
1428
622
625
5807
1320
93
296
3318
2111
1971
312
1026
1710
3079
303
1231
161
841
1048
67
63
1544
194
4422
605
1939
590
3505
2283
1116
1459
1604
321
972
2480
794
1388
1350
1985
258
29
166
2121
702
59
313
3237
2049
439
2511
942
916
145
8
3293
632
236
512
3094
2024
335
1882
298
2066
1071
1311
560
221
3981
444
58
369
1012
1322
768
693
1227
1491
424
364
750
60
7521
3073
1315
1116
4435
1821
3324
2051
338
1220
1200
1512
821
586
398
2727
896
2373
3141
1106
4646
977
1507
1779
484
446
4763
111
6437
382
2605
1623
4068
7218
1083
3357
8435
2206
213
149
1128
981
1850
1612
738
354
434
492
2488
1355
40
617
1125
178
168
4701
1943
463
354
1482
4106
988
15
1291
2281
126
3094
1201
3012
247
1616
266
2031
5079
3476
306
655
270
1275
320
55
3908
1309
3320
123
1388
4343
4315
2904
558
101
2395
2911
575
1280
1878
431
203
103
1010
468
461
1211
192
410
259
201
2951
101
670
658
1631
592
688
1423
710
905
4290
4705
2133
3531
1362
49
5058
1091
227
1089
4188
720
2634
1072
296
877
2370
4484
226
410
2505
2874
3210
5980
443
6871
2166
81
613
1556
7394
235
2331
108
703
551
4354
1930
548
3658
46
3180
1772
126
3597
6812
50
1366
72
3545
94
952
1076
2141
1753
1708
3527
1312
943
840
1787
624
1399
216
738
1750
378
704
232
1583
1785
593
1243
2887
3649
6818
3045
3404
3149
1860
3111
638
548
1003
630
757
1313
1352
1423
2872
497
4210
2867
1301
4633
417
802
1913
6663
227
4242
1128
625
525
154
549
1693
1720
319
831
1852
281
1210
3737
1877
4699
3726
183
863
3065
1922
8726
1783
228
3202
3551
622
1743
130
2553
3053
591
1192
1648
818
3418
4094
1370
2661
4179
2442
331
64
456
693
1480
565
604
568
2610
835
364
650
2200
960
807
945
733
3689
3347
4177
1207
1213
231
3275
1610
578
2633
3172
1803
152
6162
5487
1975
273
4877
221
693
1271
1731
2039
452
1388
775
2738
570
2266
223
2606
1086
2385
1417
1053
1833
2459
2297
190
889
1608
4678
2415
1440
1125
1575
1535
887
922
265
1217
1939
1229
3836
268
2631
728
2869
2911
3159
1764
19
2088
354
2337
367
100
908
853
3009
493
888
662
321
8919
104
711
473
2976
4781
1663
908
451
2159
587
366
7683
1258
123
2094
1096
662
3919
2889
5981
321
2353
496
1403
738
339
1607
1741
2680
871
1197
1691
3621
737
4047
1002
1356
49
509
946
3013
691
418
186
2568
2016
1674
568
721
24
1384
3221
103
809
1247
5008
3535
1099
304
2628
778
818
886
1032
514
117
2694
995
823
11
2908
6755
2420
67
40
6662
351
1502
5382
7813
3356
3202
1739
954
4945
423
5577
1029
1865
248
3707
283
183
1180
47
3176
10869
1591
888
109
56
463
2918
788
429
1279
1903
1912
1065
3380
279
3322
31
1458
858
1364
99
141
556
85
2511
4032
29
783
1942
1125
245
3269
756
807
1487
2740
1880
2117
44
213
3773
395
2927
948
2654
910
932
843
319
2725
304
3235
2339
2384
1392
5085
3862
777
914
4103
597
1002
3663
863
2792
1313
1291
4388
76
2028
782
283
3394
5647
1107
5396
264
642
728
138
3918
928
675
3099
1269
512
12736
620
821
780
1885
2157
2051
2247
1030
2692
106
744
1343
1213
1281
165
6494
2888
1712
5131
515
729
3115
2924
2439
1995
1392
1760
2936
5615
49
1264
3512
33
3790
553
258
530
2094
1083
1086
799
1088
1829
10030
49
626
313
2665
630
765
502
1023
262
5318
281
775
3720
3134
4403
1475
2337
240
417
4514
380
167
59
1670
1567
2095
5117
4578
1349
4498
356
1154
1614
304
73
532
2487
993
76
262
1108
502
4351
4014
125
1781
1091
3898
887
2520
1804
370
9309
2512
240
2106
5628
6537
25
142
2268
104
138
745
480
117
1535
559
4834
538
4798
248
281
3077
959
1357
2986
248
470
654
1484
363
4695
533
93
304
1693
729
637
1973
587
1069
3225
2663
2296
446
4222
786
289
3236
942
89
1565
1272
235
522
193
1187
1100
1542
395
470
3466
181
5673
1512
197
315
522
356
180
4915
4141
1226
1603
4780
1335
382
1878
752
611
1930
485
663
1779
2224
2516
2438
627
2743
274
382
766
1176
21
871
191
424
38
5986
937
1038
2287
3478
1799
3923
2185
3323
565
1020
1039
450
147
503
1411
981
1038
1114
609
224
347
257
2799
48
1400
657
1666
8
1041
1887
4551
1434
584
2958
844
979
1178
113
491
850
1516
402
691
1350
1327
216
12384
10297
1691
89
1003
7291
2242
3477
308
794
195
1127
3650
1747
227
585
5462
1494
132
898
119
2768
950
1707
3323
1951
3638
736
390
681
1312
3638
402
679
543
978
621
130
6020
791
4009
215
4238
547
1156
501
791
835
1230
2108
6710
861
440
1415
1410
1132
1669
736
2001
1872
975
1111
2474
4929
643
2511
1218
3589
204
2687
3573
73
352
1930
1028
1454
1793
742
3158
2455
684
1170
709
307
945
1941
392
2155
6452
1236
1521
1136
432
140
2437
68
541
5951
403
1048
1855
127
643
224
100
542
5099
697
7807
2706
6110
1132
534
1271
726
4794
119
98
1847
1919
692
30
247
595
90
608
2066
937
4564
1465
805
1974
1742
3977
2837
245
637
899
1329
2962
688
3845
2818
184
377
1018
787
1195
2348
3587
728
2482
3138
1136
4100
1815
5317
1029
501
1806
2883
2442
3236
2734
330
6
1342
2766
316
4034
2192
418
1536
4538
346
938
1
1238
257
976
429
595
329
5712
1603
138
2433
5137
4831
859
1114
90
772
5368
1115
1120
209
3897
5318
273
598
1716
152
3299
725
95
1699
957
249
504
892
221
2912
367
2297
97
281
216
7218
1060
2265
855
80
726
500
2000
1389
463
1723
464
1346
908
1927
1949
2322
14
2357
1414
1829
102
734
649
1194
1179
1624
3504
3938
329
1650
3824
1916
898
86
3789
2462
1318
621
859
201
2059
7272
3856
1389
3986
99
1219
2532
875
3714
897
1188
4202
1114
473
102
2166
474
3274
5151
543
16
2736
241
4831
637
9
3004
1595
2323
669
5218
906
810
1983
2535
12
1700
780
2589
2436
583
855
547
3189
626
177
685
988
817
2422
245
214
1702
121
66
488
379
1066
559
181
1682
2227
85
802
249
1458
272
1986
205
162
140
339
46
526
479
45
432
1333
856
2151
2584
1338
369
8018
150
1977
3089
2157
4443
2110
3325
2354
553
470
2384
1483
3657
1316
3228
2642
2953
1415
157
438
140
710
507
51
2141
536
1013
2105
3337
556
780
1760
1706
1207
277
828
1790
4960
690
777
3968
3209
7539
230
591
758
2347
3849
4054
2078
490
1869
2540
244
43
1944
544
3384
2554
1281
1602
84
6474
5597
394
459
944
1035
2184
2817
2383
1148
2107
931
1158
1466
1738
354
1075
4314
1601
1528
75
2744
1120
7711
2926
1002
2895
1486
1066
546
2913
4055
2601
678
2470
31
1588
2561
6707
5412
1315
1294
244
5074
167
5998
2896
1371
1325
264
3444
444
104
1566
954
3695
64
383
1444
418
1066
557
1179
2923
1088
1140
453
2158
176
849
1353
569
2522
3241
2409
2659
3302
7363
